0.99999887 -0.0000005306 0.001444268
0.9999989 -0.0000001135 0.001432552
0.9999989 0.0000010923 0.0014271211
0.9999989 -0.0000001332 0.0014237498
0.99999857 0.0001693273 0.0015484607
0.99999857 0.0000806855 0.0014853964
0.99999905 0.0000017189 0.0010736671
0.99999905 -0.0000014245 0.0010620292
0.99999875 -0.0000009626 0.0014243511
0.9999987 -0.0000003867 0.00143082
0.99999845 -0.0000013233 0.0014361904
0.99999845 -0.0000018242 0.0014279096
0.9999987 0.0000009195 0.0014377381
0.9999987 0.0000008966 0.0014334514
0.9999987 -0.0000020802 0.0014293862
0.99999875 -0.0000022198 0.0014322988
0.9999983 -0.00032854 0.0016550863
0.99999875 -0.0000006281 0.0014280062
0.99999875 -0.0000035185 0.001423465
0.99999857 -0.0000014836 0.0014284597
0.99999845 -0.0000016552 0.0014290009
0.99999857 -0.0000022771 0.0014308465
0.9999987 -0.0000008136 0.001431369
0.9999987 -0.0000034455 0.0014317136
0.9999989 -0.0000006665 0.0014334676
0.9999987 -0.0000000388 0.0014366262
0.9999987 -0.0000041442 0.0014304867
0.9999987 0.0000005429 0.0014266348
0.99999887 -0.0000002513 0.0014270379
0.9999983 0.0002517043 0.0016142061
0.99999845 0.0000441575 0.0013934607
0.99999875 -0.0000013843 0.0010643853
0.99999857 -0.0000023896 0.0010721231
0.9999982 -0.0000017957 0.001439206
0.9999981 -0.0000042782 0.0014291111
0.9999982 -0.0000058159 0.0014299137
0.9999982 -0.0000014758 0.0014325351
0.9999982 0.0000007031 0.0014316253
0.9999983 -0.0000003261 0.001435328
0.9999983 -0.0000019038 0.0014282304
0.99999845 -0.000002182 0.0014312539
0.99999315 -0.0002855804 0.0016542207
0.9999835 0.0000056215 0.0014322809
0.9999713 0.0000076899 0.0014326838
0.9999591 0.0000123489 0.001432975
0.9999444 0.000016769 0.0014275115
0.99992913 0.0000179865 0.0014336385
0.9999137 0.0000204016 0.0014304008
0.99989605 0.0000210743 0.0014244074
0.9998816 0.0000221948 0.0014302384
0.99986964 0.0000214463 0.0014376977
0.9998542 0.0000248486 0.0014267045
0.9996144 0.0000522403 0.0021857545
0.9988617 0.0000671985 0.0014883917
0.99873084 0.0000734203 0.0014572386
0.9985943 0.0000733982 0.0014353003
0.99847114 0.0000746005 0.001366843
0.99837303 0.0004766097 0.0013072656
0.9982926 0.0000616317 0.0010692865
0.9982335 0.0000813318 0.001419261
0.9981931 0.00008455 0.0014227389
0.9981662 0.0000871803 0.0014252245
0.9981483 0.0000895557 0.0014254006
0.9981306 0.0000834537 0.0014310621
0.998104 0.0000872567 0.0014257522
0.99806726 0.0000927519 0.001427593
0.9980401 0.0000881187 0.0014238876
0.998016 0.0000899628 0.0014323952
0.9980151 0.0000087861 0.001492837
0.99799365 -0.0000505592 0.001540465
0.99793565 0.0000980959 0.0015354274
0.9977375 0.0000939215 0.0014291513
0.9972828 0.0001061229 0.0014515517
0.9970784 0.0001117631 0.0014308039
0.9968971 0.0001098901 0.0014343599
0.9967454 0.0001156817 0.0014301564
0.9966068 0.0001164739 0.0014263514
0.9964858 0.0001204247 0.0014263222
0.9965274 0.0001936656 0.0023996313
0.99875486 0.0000727584 0.001454194
0.9999291 0.0000105089 0.0015546975
0.99911785 -0.0000669784 0.0016355397
0.99791986 -0.0001053156 0.0016256919
0.997753 -0.0000987232 0.001526528
0.99755764 -0.0001046707 0.0014672206
0.9973469 -0.0001064569 0.0014420883
0.99712735 0.0000512289 0.0015633121
0.99692184 0.0000597974 0.0015646871
0.99672544 -0.0001163473 0.0014338839
0.99659646 -0.0001068446 0.0012899471
0.9965273 -0.0000902046 0.0010722519
0.9964863 -0.0001013539 0.0011771423
0.99644536 -0.0001194806 0.0014176487
0.9963628 -0.0001202205 0.0014275102
0.9962618 -0.0001233546 0.0014242891
0.99639064 -0.0001389078 0.0015858479
0.99671304 -0.0001202568 0.0014309247
0.9968616 -0.0001117846 0.0014265354
0.9969862 -0.0002626773 0.0012514192
0.9970585 -0.0002228972 0.0014453394
0.997107 -0.0001067746 0.0014276317
0.9971517 -0.0001098685 0.0014332305
0.9971856 -0.0001062386 0.0014257161
0.997207 -0.0001067415 0.0014265176
0.997231 -0.0001051417 0.0014212886
0.99724483 -0.000104547 0.0014260905
0.9972928 -0.0001081806 0.0014310057
0.9973448 -0.000104137 0.0014302231
0.9973787 0.0000560239 0.001556589
0.99740773 -0.0000111544 0.0015102627
0.9975254 -0.0001070028 0.0014948302
0.9976514 -0.0000914177 0.0013620465
0.99771535 -0.0000690519 0.0010737827
0.9977571 -0.0000748654 0.0011168767
0.9977821 -0.0000933091 0.0014242062
0.99791527 -0.0000971243 0.0015466645
0.9980496 -0.0000932835 0.0014320274
0.9981367 -0.0000875478 0.0014274215
0.99822825 -0.0000861806 0.0014290083
0.998275 -0.0000828927 0.0014384256
0.9983449 -0.0000889708 0.0015786815
0.9986721 -0.0003383839 0.0015874928
0.99879134 -0.0000729103 0.0014290948
0.9988964 -0.0000648666 0.0014353257
0.99902505 -0.0000671555 0.001553767
0.9992671 -0.000059938 0.0015336653
0.9995222 -0.0000476349 0.0016308964
0.9999086 -0.0000297835 0.0022357306
0.999472 0.0000450261 0.0015371174
0.99710894 0.0001223031 0.001619281
0.99253416 0.0002055165 0.0016620714
0.9873144 0.0002734231 0.0016854523
0.9864783 0.0002623776 0.0015843094
0.9860841 0.0002510129 0.0014772809
0.985664 0.0002489044 0.0014382162
0.9852417 0.0002486363 0.0014247046
0.9848569 0.000250481 0.0014114735
0.98450935 0.0002536869 0.0014176355
0.98422927 0.0001907096 0.0010570325
0.98407376 0.0001921337 0.0010519827
0.9839616 0.0001951461 0.0010549747
0.98389006 0.0002141406 0.0011893279
0.9838489 0.0002535154 0.0013973105
0.98378336 0.0002525644 0.0014062527
0.9837124 0.0002557104 0.0014058594
0.98364604 0.0007696776 0.0016396579
0.9836055 0.0003463303 0.0014498368
0.98355246 0.0002542238 0.0014028766
0.98353225 0.0002558333 0.0014065278
0.98353034 0.0002543372 0.0014016975
0.9835122 0.0002590907 0.0014060329
0.98351 0.0002589662 0.0014036339
0.98350394 0.0002602771 0.0014085192
0.98348904 0.0002449735 0.0013363492
0.9835168 0.0001946545 0.0010529263
0.9835488 0.0002589154 0.0014031373
0.98351604 0.0002589049 0.0014061478
0.9834841 0.0002546552 0.0014087365
0.9834468 -0.000012596 0.0016776422
0.9834032 0.0001936196 0.0014758839
0.98336554 0.0002589359 0.0014072416
0.983339 0.0002602343 0.00140437
0.9833145 0.0002625797 0.0014121409
0.98328626 0.0002587283 0.001402298
0.98324984 0.0002583677 0.0014087853
0.9832136 0.0002630231 0.0014127562
0.9831873 0.0002586912 0.0014032576
0.98319376 0.0002595565 0.0014089318
0.98320276 0.0002606478 0.0014082239
0.9832056 0.000262137 0.0014073539
0.983199 0.0002638511 0.001402685
0.9832126 0.0002609339 0.0014051809
0.9835351 0.0002777607 0.0015029965
0.9837247 0.0002563434 0.0014056824
0.9838564 0.000258013 0.0014060801
0.9839527 0.0002524546 0.0014084196
0.98402417 0.0002552421 0.0014035128
0.9840517 0.0002166424 0.0011696114
0.9841668 0.0002658577 0.001450214
0.9840662 0.0002633363 0.0014471752
0.98491526 0.0002093563 0.0011989692
0.9851958 0.0001809987 0.0010538722
0.9854167 0.0001798019 0.0010557116
0.98556215 0.0001798265 0.0010497799
0.98562944 0.0001874995 0.0010956458
0.98567075 0.0002393144 0.0014093164
0.9856733 0.0002365089 0.0014057831
0.9856917 0.0003198485 0.0014438597
0.98577106 0.0007011662 0.0016195059
0.98577434 0.0002422215 0.0014077208
0.98580265 0.0002404026 0.0014168838
0.9859024 0.0002567459 0.0015142208
0.98642063 0.0002359413 0.0014081809
0.9866358 0.0002318996 0.0014105954
0.98681533 0.0002319358 0.0014116963
0.98698694 0.0002283574 0.0014149796
0.9871465 0.0002221018 0.0014119459
0.9872731 0.0002332691 0.0014142571
0.98782575 0.0002467679 0.0015421808
0.9882089 0.0002213538 0.001416404
0.9884349 0.0001533975 0.0014764799
0.9886445 -0.0001642395 0.0017801842
0.9888452 0.0002071242 0.0014197892
0.98898333 0.0002131657 0.0014167035
0.989202 0.0002095353 0.0014139374
0.9896002 0.0002203609 0.0015356177
0.98991096 0.0002024671 0.0014191092
0.99011534 0.0001617213 0.0011319501
0.9902154 0.0001704858 0.0012095062
0.9909395 0.0002186934 0.0016089355
0.99130553 0.0001923055 0.0014206528
0.99155486 0.0001870091 0.0014279413
0.9917501 0.0001840582 0.0014193509
0.99192846 0.0001830953 0.0014199049
0.9925887 0.0002064043 0.0016521562
0.99330294 0.0001796637 0.0015870554
0.9954775 0.00016945 0.0017333251
0.998452 0.0000903608 0.0015390839
0.99986714 0.0000162301 0.0016314235
0.9993599 -0.0000513117 0.0016768234
0.9966968 -0.0001352048 0.0016982981
0.99218446 -0.0002160617 0.0017114797
0.9857999 -0.0002887274 0.0017132575
0.9818309 -0.0003246458 0.0016803009
0.9814862 -0.0001551371 0.001665714
0.98095703 -0.0002367927 0.0014926766
0.9803809 -0.000283776 0.0014207845
0.9798838 -0.0002862607 0.0014039947
0.97941744 -0.0002940066 0.0014045226
0.97901773 -0.0002301989 0.0012905464
0.97873914 -0.0002209382 0.0010505304
0.97858876 -0.0002431949 0.0011800904
0.97849405 -0.0002939066 0.0013979134
0.97852325 -0.0002945834 0.0014049577
0.9784673 -0.0002961952 0.001403108
0.9784071 -0.0003577757 0.0014280023
0.97841644 -0.0003032362 0.0014102559
0.97852117 -0.0002982371 0.001401829
0.9785105 -0.0005324754 0.0014991459
0.9784783 -0.0002946313 0.0014039061
0.97849303 -0.0002350451 0.0011171546
0.97849846 -0.0002497056 0.0011832592
0.9785345 -0.0002967336 0.0013950844
0.9785861 -0.0001168318 0.00159583
0.9785098 -0.0002911022 0.0014102461
0.97858113 -0.0002960368 0.0013949315
0.97864085 -0.0002971762 0.0013997119
0.9786277 -0.0002944451 0.0014005703
0.9786151 -0.0002644786 0.0012577127
0.9792226 -0.0002345995 0.0011367319
0.97988194 -0.0002415493 0.0011984257
0.9801194 -0.0002822523 0.0014033003
0.9803748 -0.0002799467 0.0014069265
0.98065937 -0.000280615 0.001401355
0.9809016 -0.0002775868 0.0014078559
0.9811207 -0.0002792696 0.0014053569
0.9813078 -0.0002214885 0.0014672896
0.9821906 -0.0005783261 0.0017955874
0.98277456 -0.0002648169 0.0014118648
0.9833919 -0.0002995561 0.0016304156
0.98460925 -0.0002696503 0.0015344729
0.9863369 -0.0002727651 0.0016519837
0.98330754 -0.000365055 0.0019770015
0.9753703 -0.0003283159 0.0014797655
0.9651381 -0.0004179666 0.0015415318
0.95250624 -0.000499989 0.0015732966
0.9376175 -0.0005948177 0.0015875684
0.9218235 -0.0006620308 0.0015815895
0.904506 -0.0007407597 0.0015726071
0.885277 -0.0008108539 0.0015442186
0.8631109 -0.0008899837 0.0015258148
0.84090054 -0.0009740399 0.0015041786
0.835904 -0.0011039663 0.0013852376
0.83417225 -0.0007234429 0.0010331206
0.8326195 -0.0005304781 0.0007968938
0.8314314 -0.0006561233 0.0009847402
0.8309824 -0.0007832029 0.0011784934
0.8304574 -0.0007211756 0.0010700837
0.8300069 -0.0005979377 0.0008899001
0.8297151 -0.0006410272 0.0009544489
0.8294128 -0.00063417 0.0009408876
0.82934153 -0.0008212227 0.0011870448
0.8290532 -0.0008033756 0.0011876969
0.82870036 -0.0008008994 0.0011875875
0.8284103 -0.0007994156 0.0011853327
0.8281579 -0.0007984915 0.0011783543
0.8278452 -0.0006874819 0.0014804141
0.827576 -0.0008063015 0.0011823447
0.8272483 -0.0008028083 0.001183683
0.8269062 -0.0008064058 0.0011817801
0.8266956 -0.0008060875 0.0011837075
0.826522 -0.0009067833 0.0011819783
0.82655555 -0.0009684589 0.0011838854
0.82777816 -0.0008745318 0.001288079
0.82895166 -0.0007960257 0.0011847725
0.82963216 -0.0007957073 0.0011880435
0.83023655 -0.0007173314 0.0010684313
0.83076745 -0.0005930733 0.0008838922
0.83106107 -0.0006680788 0.0009938278
0.83126813 -0.0007951314 0.0011910705
0.83145285 -0.0007922032 0.0011882404
0.83158445 -0.0007904993 0.0011878953
0.8316886 -0.0007937257 0.0011966036
0.8317871 -0.0007905554 0.0011880624
0.83191586 -0.0007909018 0.0011908254
0.8320216 -0.000644184 0.0015540747
0.8328705 -0.0008497195 0.0012758586
0.8342246 -0.0006728144 0.001017701
0.83479846 -0.0007877963 0.0011972704
0.8354104 -0.0007878767 0.0011960529
0.83594495 -0.0008889374 0.0012003824
0.8363923 -0.0008625185 0.0011939534
0.83669245 -0.0007892267 0.0012004158
0.8372407 -0.0008092624 0.0012475766
0.8381111 -0.0008008617 0.0013568392
0.840123 -0.0007307358 0.001153616
0.8411171 -0.0005797608 0.0009032775
0.84178543 -0.0005955432 0.0009225968
0.8421133 -0.0007744227 0.0012052438
0.843462 -0.0008335992 0.0013091327
0.8453972 -0.0007679331 0.0012105056
0.84623593 -0.0007647953 0.0012127449
0.8484117 -0.0007578707 0.0012262503
0.84961766 -0.0007541093 0.0012156216
0.85126495 -0.0008021916 0.0013007924
0.85269755 -0.0006697197 0.0014179797
0.8536385 -0.0007438627 0.0012135736
0.8560874 -0.0007452278 0.0012315467
0.85718614 -0.0007448226 0.0012372511
0.85881174 -0.0009961522 0.0014010973
0.86112565 -0.0007290333 0.0012403751
0.8625628 -0.0007763247 0.0013357975
0.86543196 -0.0007831208 0.0013606952
0.87730503 -0.0009777191 0.0017604887
0.8961051 -0.0006818282 0.0013778529
0.914034 -0.0005623903 0.0012518152
0.93149126 -0.0005199547 0.001335615
0.94684154 -0.0005511062 0.0016204143
0.96091574 -0.0004784671 0.0016612299
0.97295505 -0.0004062619 0.0017044907
0.98279876 -0.0003290884 0.001740721
0.9902099 -0.0002522801 0.0017664762
0.995385 -0.0001668504 0.0017837863
0.9987152 -0.000089954 0.0017953009
0.9999317 -0.0000017925 0.001338212
0.9990228 0.0000437642 0.0013191169
0.99603194 0.0001170183 0.0013225158
0.99088126 0.0001744425 0.0013258716
0.9839446 0.0003133453 0.0017527088
0.9746402 0.0003975816 0.0017455773
0.9630642 0.0004864816 0.0017338119
0.9581456 0.0004758506 0.0015943998
0.95761234 0.0004495235 0.0014947478
0.95694554 0.0004306167 0.001424541
0.95622396 0.0005243553 0.0014248469
0.9552649 0.0004267339 0.0013733415
0.9543309 0.0006877787 0.0014468386
0.9537269 0.0009294311 0.0015278799
0.95329076 0.0005204782 0.0010364737
0.9529899 0.0004736494 0.0011800189
0.9527955 0.0004456328 0.0013622023
0.95266056 0.0004388887 0.0013704218
0.9525162 0.0004370604 0.0013615084
0.9525186 0.0004347162 0.0013667032
0.9524768 0.0004363366 0.0013652038
0.9525436 0.0004321576 0.0013607887
0.95264894 0.0004344625 0.0013617389
0.95271665 0.0004346065 0.0013641871
0.9526771 0.0004361931 0.001366087
0.9527208 0.0004335053 0.0013615929
0.9527639 0.0004327782 0.0013589516
0.95289433 0.0003356915 0.0010591968
0.9529327 0.0004303732 0.0013645677
0.9530643 0.0004331662 0.001364683
0.9532135 0.0004292728 0.0013590779
0.95334274 0.0004261555 0.0013680732
0.95343816 0.000343849 0.0014777153
0.95356226 0.0004303427 0.0013655582
0.9537171 0.0004331292 0.0013682211
0.9538711 0.0004292515 0.0013694576
0.9540285 0.0004292208 0.0013634027
0.9541811 0.0004056949 0.0013944303
0.95433444 0.0001100816 0.0017756307
0.9543146 0.0002256425 0.0016264351
0.95423734 0.0002570555 0.0015844457
0.9542511 0.0006497249 0.0014997956
0.9543561 0.0004267013 0.0013654602
0.95440006 0.0004274456 0.0013663326
0.9545005 0.0004075606 0.0013042281
0.95454454 0.0003194637 0.0010209599
0.9545275 0.0003798947 0.0012139783
0.95455664 0.0004250309 0.0013627588
0.95473224 0.0004253425 0.001369119
0.9548049 0.00042457 0.0013654702
0.9549732 0.0004239268 0.0013664499
0.9551467 0.0004225211 0.0013667614
0.955331 0.000425479 0.0013696551
0.9555062 0.0004221178 0.001368983
0.95572186 0.0004214314 0.001370739
0.9558937 0.0004192174 0.0013651822
0.9560812 0.0004188983 0.0013718788
0.9562664 0.0004154257 0.0013628823
0.9564587 0.0004155373 0.0013685556
0.9566348 0.000414888 0.0013640079
0.9568027 0.0004156763 0.0013691651
0.95693856 0.0004140353 0.0013695076
0.95706844 0.0004152643 0.0013688469
0.9572403 0.0003671182 0.0014297583
0.95739734 0.000413332 0.0013705163
0.9575122 0.0004100414 0.0013693335
0.9576003 0.0004106139 0.0013691308
0.95770377 0.0004118891 0.0013711258
0.95775044 0.000413452 0.0013714833
0.95783865 0.0004099237 0.0013709108
0.9579061 0.0004130997 0.0013715874
0.95797217 0.0004082239 0.0013609908
0.9579853 0.0004478816 0.0010558058
0.9579927 0.0004112362 0.0013761327
0.95908725 0.0004064811 0.0013766614
0.9595049 0.0003606012 0.0012371591
0.96037567 0.0003221828 0.0011125092
0.96155614 0.0004190296 0.001466331
0.9628174 0.000386463 0.0013868995
0.9639615 0.0004456917 0.0016176443
0.9657793 0.0004290351 0.0015922145
0.96828735 0.0004104791 0.0015988037
0.97067404 0.0003852046 0.001548278
0.9772285 0.0002625511 0.0011776396
0.98518884 0.0002743317 0.0015662415
0.99174577 0.0002090847 0.0016398631
0.9965739 0.0001341217 0.001682554
0.99920875 0.0000688983 0.0017095472
0.99993247 -0.0000095926 0.0017376126
0.9987462 -0.0000873545 0.0017358974
0.995365 -0.0001733138 0.0017622411
0.98980016 -0.0002545666 0.0017695858
0.98226243 -0.0003364493 0.001764158
0.97286254 -0.0004200787 0.0017558156
0.96783984 -0.0004349339 0.0016659778
0.9674174 -0.0003753698 0.001565893
0.9666668 -0.0003832491 0.0014533864
0.9659217 -0.0003754008 0.0014081991
0.9652659 -0.0003754262 0.0013943564
0.96457005 -0.000376536 0.0013869125
0.96401167 -0.0003783893 0.0013882036
0.96360636 -0.0002842516 0.0010339547
0.96336555 -0.0003024934 0.0010908495
0.96313745 -0.0003857903 0.0013811747
0.9628046 -0.0003843887 0.0013845598
0.96251345 -0.0002558765 0.001540471
0.9623477 -0.0003877882 0.0013827992
0.9621609 -0.0003853949 0.0013748491
0.96199024 -0.0003917209 0.001374244
0.9618268 -0.0003956874 0.0013787725
0.96166104 -0.0003861246 0.0013773132
0.96151793 -0.0003935652 0.001376225
0.9613539 -0.0003941934 0.0013814189
0.96117747 -0.0004906434 0.0014059579
0.9610696 -0.0004629678 0.0013954319
0.9609567 -0.000395737 0.0013786163
0.96086663 -0.000396524 0.001376924
0.96078664 -0.0003523533 0.0012311644
0.9607568 -0.0002792741 0.0009569974
0.9606692 -0.0003250788 0.0011201897
0.960672 -0.0002994962 0.0010251186
0.96069115 -0.0003786292 0.0013064808
0.9606954 -0.0003191473 0.0010987192
0.9607236 -0.000395497 0.0013773154
0.9607644 -0.0003930152 0.001373803
0.9608046 -0.0003947717 0.0013700252
0.9608534 -0.0003968288 0.0013775692
0.96089375 -0.0003985878 0.0013724111
0.9609105 -0.0003936426 0.0013642958
0.96087664 -0.0003931055 0.0013755437
0.9608458 -0.0004026558 0.0013771125
0.9612234 -0.0004143457 0.0014600412
0.96151936 -0.0003914417 0.0013734716
0.9617221 -0.0003915766 0.0013813558
0.96187985 -0.0003909917 0.0013825886
0.9620118 -0.0002228209 0.001577526
0.9621298 -0.000387913 0.0013767829
0.96222526 -0.0003902858 0.0013770214
0.9623278 -0.0002916107 0.0010305718
0.962361 -0.0003322761 0.0011750521
0.96238345 -0.0003855446 0.0013794256
0.96239215 -0.0003881009 0.0013792054
0.9623682 -0.0003853085 0.0013783963
0.9623314 -0.0004621465 0.0014085784
0.96228427 -0.0004042288 0.0013828336
0.96229094 -0.0003868472 0.0013793723
0.9622728 -0.0003881999 0.0013815132
0.9622725 -0.0003525607 0.0012374906
0.9622666 -0.0002903093 0.0010311881
0.96222955 -0.0003661101 0.001289031
0.96220094 -0.0003857564 0.0013741833
0.96216697 -0.0003875392 0.0013797813
0.9621245 -0.0003908209 0.001381263
0.9621469 -0.0004292631 0.0015134186
0.9631723 -0.0003821516 0.0013793211
0.96360254 -0.0003847709 0.0013787935
0.9639282 -0.0003195337 0.0011718097
0.9641797 -0.0002808309 0.0010357476
0.96433115 -0.0003712209 0.0013688782
0.964369 -0.0003789005 0.0013781823
0.9644232 -0.0003802941 0.0013843614
0.9645033 -0.0003754551 0.0013772885
0.9645346 -0.0003783825 0.0013881311
0.96456736 -0.0003797541 0.0013825677
0.96460706 -0.0003757034 0.0013798752
0.96460694 -0.0003018982 0.0015127991
0.9645341 -0.0003781651 0.0013861619
0.9646351 -0.000379656 0.0013831679
0.9646161 -0.0003801956 0.0013765416
0.96457034 -0.0003580774 0.0014041805
0.9645796 -0.0002855636 0.0010454368
0.964599 -0.0003775944 0.0013742552
0.9645507 -0.0003773327 0.0013763098
0.96445656 -0.0005949498 0.001455295
0.96439743 -0.0003392269 0.0012390414
0.96439016 -0.0002881835 0.0010268714
0.96435964 -0.0003192427 0.0011733746
0.9643305 -0.0003020815 0.001104281
0.96434194 -0.0002870892 0.0010470117
0.9642973 -0.0003811109 0.0013857374
0.9642855 -0.0003760618 0.0013791367
0.9642412 -0.0003764677 0.0013753516
0.9641918 -0.0003798825 0.0013814826
0.96504843 -0.0004338454 0.0016021428
0.96610147 -0.0003758627 0.0013894102
0.96665114 -0.0003669798 0.00138215
0.9670375 -0.0003638601 0.0013834619
0.9674347 -0.0003028298 0.0014615597
0.9676979 -0.0003650736 0.0013879357
0.9679844 -0.0003604798 0.0013845073
0.96821195 -0.0003573071 0.00140085
0.9684602 -0.0003570977 0.0013906586
0.96858454 -0.000359684 0.0013879132
0.9686454 -0.0002659133 0.0010342525
0.96874905 -0.0002003225 0.0011150946
0.9688179 -0.0003052888 0.0014442333
0.9689258 -0.0003527367 0.0013853087
0.96899116 -0.0003543369 0.0013881684
0.9690275 -0.0003543752 0.0013964938
0.9690255 -0.0003498545 0.0013837342
0.96896917 -0.0003541269 0.0013841193
0.9689247 -0.0003511014 0.0013859401
0.96890163 -0.0003519762 0.0013903246
0.9688938 -0.0003538501 0.0013828138
0.9689047 -0.0003567727 0.0013849719
0.96884364 -0.0003566979 0.0013841535
0.96882975 -0.0002852214 0.001285222
0.968842 -0.0002673252 0.0010339525
0.9688546 -0.0003368667 0.0013104335
0.96887666 -0.0003543821 0.0013877536
0.968923 -0.000355819 0.001386651
0.9689654 -0.0002770915 0.001102966
0.9689957 -0.0002606591 0.0010331674
0.96902025 -0.0003374658 0.0013147901
0.9690377 -0.0003528115 0.001390359
0.9690421 -0.0003572993 0.0013917002
0.9690121 -0.0003547884 0.001388863
0.96895206 -0.0003555077 0.0013846038
0.9688552 -0.0003547809 0.0013949238
0.9688455 -0.0003508265 0.0013914732
0.9688738 -0.0004166809 0.001072675
0.9688951 -0.0003515777 0.0013810818
0.96892804 -0.0003471527 0.0013816578
0.9688672 -0.0003571259 0.0013892509
0.9687735 -0.0003562897 0.0013901566
0.96868503 -0.0003545583 0.0013854464
0.96882 -0.0003761224 0.0014683938
0.96919787 -0.0003496103 0.0013898013
0.9694146 -0.0003494133 0.00138586
0.96958315 -0.0003185876 0.0012532114
0.9697377 -0.0003595926 0.0010782373
0.96987915 -0.0003596433 0.0011863143
0.9705269 -0.0003868782 0.0015670133
0.97157395 -0.0003411435 0.0013969953
0.97200155 -0.0003361839 0.0013971122
0.97237146 -0.0002474357 0.0010413218
0.9726124 -0.0002533656 0.0010536278
0.9727462 -0.0003292117 0.0013976835
0.9728834 -0.0006518718 0.0015154844
0.97304285 -0.0003326007 0.0013901602
0.973169 -0.0003277793 0.0013877703
0.97328746 -0.0003302393 0.0013906548
0.97340554 -0.0001905299 0.0015501912
0.9734678 -0.0003048688 0.0014142847
0.97358763 -0.0003250206 0.0013939854
0.9737264 -0.0003251513 0.001398087
0.9737896 -0.0003245773 0.0013910811
0.97407943 -0.0003568003 0.0015291839
0.9747507 -0.0002392764 0.0010434014
0.9750177 -0.000239475 0.0010415565
0.97593164 -0.0003546526 0.0015878074
0.9766701 -0.0003073554 0.0014042319
0.9771055 -0.0001430162 0.0015814584
0.9775666 -0.0003030052 0.001404219
0.9779441 -0.0003003029 0.0014010214
0.9782265 -0.000296726 0.0014030298
0.97849405 -0.0006867062 0.0015625631
0.9787183 -0.0002947683 0.0014073316
0.9829875 -0.0007380658 0.0022286284
0.9899823 -0.0002142943 0.001505603
0.99518603 -0.000160294 0.0016221695
0.99857587 -0.0000838514 0.0016734593
0.9998867 -0.0000204391 0.0017159933
0.99997246 -0.000011387 0.0015993163
0.99998605 -0.0000086565 0.0014979066
0.99999505 -0.000010907 0.0014573076
0.99999875 0.0000009561 0.0014437871
0.99999666 0.0000017726 0.0014416132
0.9999916 0.0000021239 0.0014334677
0.99998504 0.0002660462 0.0014829383
0.9999796 0.0003030487 0.0014144115
0.9999744 0.000005778 0.0010702854
0.99997365 0.0000062151 0.001071322
0.99997234 0.0000106639 0.0013754272
0.9999711 0.0000095122 0.001428584
0.9999701 0.0000108287 0.001433427
0.9999684 0.0000129118 0.0014308142
0.9999676 0.0000120707 0.0014304451
0.99996436 0.0000129268 0.00142918
0.9999629 0.0000156143 0.0014284299
0.99996424 0.0000121826 0.0014314029
0.99996203 -0.0004029581 0.0017251145
0.99996156 -0.0000926666 0.0015006848
0.9999582 0.0000149391 0.0014333741
0.9999544 0.0000137133 0.0014269348
0.9999506 0.0000157223 0.0014220558
0.9999496 0.0000172455 0.0014275749
0.9999479 0.0000139919 0.0014372182
0.9999458 0.000015785 0.0014277389
0.99994314 0.0000154701 0.0014327383
0.9999421 0.0000156515 0.0014253311
0.9999407 0.0000165544 0.0014370256
0.9999391 0.0000152644 0.0014363067
0.9999363 0.0000156164 0.0014294116
0.99993575 0.0000141039 0.0013199437
0.99993193 0.0002735731 0.0016038542
0.99993056 0.0003082708 0.0014117272
0.99993116 0.0000125318 0.0010704596
0.99992865 0.0000088613 0.001066601
0.9999278 0.0000173005 0.0014052952
0.9999267 0.0000170511 0.0014287875
0.999921 0.0000160866 0.0014298132
0.9999162 0.0000204903 0.0014312055
0.99990827 0.0000212166 0.001428596
0.9999018 0.0000178179 0.0014316818
0.99990445 0.0000195757 0.0014626996
0.9999115 0.0000171944 0.0014249282
0.9999194 -0.000404185 0.0017384421
0.9999279 -0.0000859715 0.0015074769
0.9999293 0.0000156894 0.0014376149
0.99993247 0.0000157603 0.0014317291
0.99993783 0.0000150972 0.0014336867
0.9999422 0.0000149462 0.0014296008
0.9999564 0.0000140899 0.0015139626
0.99997216 0.0000118523 0.0014299087
0.9999779 0.0000078037 0.0014254175
0.99998176 0.0000024017 0.0014326007
0.9999856 0.0000091994 0.0014298811
0.9999878 0.0000130021 0.0014309755
0.9999911 0.0000051669 0.0012892653
0.9999925 0.0000051439 0.0014368419
0.9999932 0.0002494713 0.0016158212
0.99999267 0.0003047755 0.0015111311
0.99999344 0.0000058989 0.0010700322
0.99999493 0.0000024454 0.0010692873
0.9999959 0.00000746 0.0012767878
0.999996 0.0000017543 0.0014245023
0.9999956 0.0000069259 0.0014290169
0.9999956 0.0000035749 0.001437153
0.999997 0.0000004585 0.0015975435
0.99999726 -0.0000027633 0.0014379893
0.9999935 -0.000003549 0.001431632
0.99998915 -0.0000086488 0.0014320317
0.99998254 -0.0003465478 0.0016734854
0.9999771 -0.0000855538 0.0014781605
0.9999684 -0.0000132935 0.0014342457
0.9999592 -0.0000134419 0.0014205514
0.9999506 -0.0000126415 0.0014288386
0.9999458 -0.000018347 0.0014365938
0.9999388 -0.0000179344 0.0014333439
0.9999324 -0.0000156191 0.0014282994
0.999925 -0.000015194 0.0014293148
0.9999205 -0.0000193146 0.0014301921
0.9999089 -0.0000202804 0.0014290415
0.9999029 -0.000017866 0.0013539123
0.99990463 -0.0000234527 0.0014356093
0.99989957 0.0003941498 0.0017310897
0.99989665 0.000039394 0.0013315857
0.9998914 -0.0000154908 0.0010670958
0.99989164 -0.0000164477 0.0010699338
0.9998927 -0.0000189817 0.0012715393
0.9998888 -0.0000231329 0.0014330104
0.9998835 -0.000024204 0.0014371944
0.9998807 -0.0000222031 0.0014282881
0.9998825 -0.0000217901 0.0014316806
0.9998795 -0.0000211421 0.0014225136
0.9998766 -0.0000236662 0.001426201
0.9998748 -0.0002826942 0.0016034131
0.99986917 -0.0003493805 0.0016456483
0.9998638 -0.0000248497 0.001425645
0.9998604 -0.0000252216 0.0014268134
0.9998538 -0.0000229357 0.0014363922
0.99984264 -0.0000275418 0.0014366454
0.9998334 -0.0000243919 0.0014227864
0.9998309 -0.0000204615 0.0014246291
0.9998207 -0.0000267469 0.0014308572
0.9998169 -0.0000253952 0.0014342123
0.9998139 -0.0000271352 0.0014333959
0.9998132 -0.0000292437 0.0014344382
0.9998125 -0.0000303363 0.0014304105
0.9998109 0.0003939843 0.0015889449
0.99978924 0.0000756097 0.0015180678
0.9996861 -0.0000301245 0.0012808528
0.9992651 -0.0000498989 0.0012690576
0.9970268 -0.000109658 0.0014407614
0.99281776 -0.0001754198 0.0014443994
0.98633796 -0.0002716222 0.0016312521
0.97774297 -0.0003578307 0.0016544309
0.9675209 -0.0004377665 0.0016547976
0.95548564 -0.0005115926 0.0016549475
0.9422072 -0.0005589345 0.0015665635
0.9376396 -0.00045774 0.0012366334
0.93677104 -0.0004030648 0.0010773953
0.93593776 -0.0003855958 0.0010250639
0.9353539 -0.0005132667 0.0013619653
0.93456775 -0.0005079026 0.0013363778
0.9338185 -0.0005165466 0.0013430476
0.9332554 -0.0005161172 0.0013375
0.9328067 -0.0005204182 0.0013384436
0.9324172 -0.0005184569 0.0013332458
0.9321092 -0.0003100975 0.0016549891
0.93186617 -0.0005184667 0.0013348642
0.9317002 -0.0005200318 0.0013388384
0.93142813 -0.0005200496 0.0013319505
0.93112725 -0.0004144209 0.0010661574
0.9309093 -0.0004807252 0.0012402858
0.9308055 -0.0005246506 0.0013299956
0.9307996 -0.0005242199 0.001333659
0.9308583 -0.0005236719 0.0013309176
0.9310492 -0.0005241911 0.0013391768
0.93121135 -0.0004970374 0.0012652671
0.93126965 -0.0004153666 0.0010628852
0.93137884 -0.0009051721 0.0014210313
0.93155587 -0.0005220032 0.0013347246
0.9318036 -0.0003633027 0.0009282789
0.931839 -0.0003853496 0.000994269
0.93180925 -0.0004951535 0.0012781047
0.93190444 -0.0005185715 0.0013337496
0.93192446 -0.0005211743 0.0013307127
0.9319066 -0.0005245571 0.0013390527
0.93180925 -0.0005148444 0.0013332935
0.9318713 -0.000512731 0.001330124
0.93191975 -0.0005202194 0.001331736
0.931973 -0.0005248456 0.0013379321
0.93213236 -0.000519847 0.0013327384
0.93236274 -0.0005147242 0.0013264378
0.9324547 -0.0005198947 0.001343026
0.93251073 -0.0005160608 0.0013412097
0.9324411 -0.0004399506 0.0011347265
0.9324856 -0.0005058602 0.0013017821
0.9326541 -0.0005141995 0.0013309107
0.9329154 -0.0005157351 0.0013386862
0.9330837 -0.0005111628 0.0013302953
0.93326485 -0.0003027125 0.0016454377
0.9333247 -0.0005041951 0.001337786
0.9335656 -0.0005164512 0.0013408274
0.9337522 -0.0005124285 0.0013356768
0.9339245 -0.0005090771 0.0013304397
0.93395865 -0.0005109541 0.0013368794
0.93410206 -0.0005107899 0.0013363494
0.93417835 -0.0005133698 0.0013335453
0.9343139 -0.0004036258 0.0010680024
0.93441296 -0.0004725672 0.0012412904
0.93459 -0.0005090991 0.0013342106
0.9347495 -0.0005082369 0.001338484
0.93650293 -0.0008789911 0.0013910134
0.9374191 -0.0004219663 0.0011316454
0.9380673 -0.0003203441 0.0008707783
0.93850625 -0.0003434464 0.0009405714
0.9388118 -0.0004539649 0.0012446992
0.93896884 -0.000491371 0.001346004
0.94056827 -0.0005383884 0.0015103009
0.9413449 -0.0004819319 0.0013501007
0.94219697 -0.0005664198 0.00159807
0.9444887 -0.000468287 0.0013565711
0.94577086 -0.0005042161 0.0014670867
0.9486235 -0.0005210667 0.0015792947
0.95091516 -0.0005259309 0.001627394
0.95757467 -0.0004816572 0.001589691
0.96841735 -0.00038395 0.0014990564
0.9789138 -0.0002218624 0.0017535953
0.9873892 0.000178433 0.0022367307
0.99343145 0.0001789171 0.002155101
0.9974929 0.0001146581 0.0019796917
0.9996015 -0.0000450265 0.0017511717
0.99976015 0.0000339049 0.0017637903
0.9977752 0.0001155618 0.001783435
0.99366313 0.0002016403 0.0017912695
0.9875143 0.0002181539 0.0014122309
0.9793167 0.0002688596 0.0013013335
0.97446024 0.0003173024 0.0013576351
0.9740446 0.0003052268 0.001325219
0.9735425 0.0002941538 0.0012640828
0.9732307 0.0003226937 0.0013787292
0.97277963 0.0003341382 0.0013952706
0.97227895 0.0003357817 0.0013881119
0.9718622 0.0003405092 0.0013928916
0.9715487 0.0003387374 0.0013884685
0.97124946 0.000790099 0.0015663427
0.9708911 0.0003486601 0.0018704964
0.9706 0.0006266002 0.0015318312
0.97020483 0.000379992 0.0013961177
0.9698828 0.000344086 0.0013856285
0.9695813 0.0003502188 0.0013835257
0.9693254 0.0003537193 0.001389326
0.96897376 0.0003556981 0.0013850924
0.9686693 0.0006203873 0.0014878644
0.9683527 0.0003705212 0.0013902322
0.96814126 0.0003569739 0.0013860366
0.96873 0.0003774198 0.0014902807
0.9690466 0.0003318716 0.0013127679
0.9692558 0.0002632365 0.0010392756
0.9692689 0.0002912344 0.00115385
0.9691946 0.0003508258 0.001386707
0.96929157 0.000353381 0.0013851459
0.969456 0.0002061263 0.0015457834
0.96958363 0.0000104466 0.001778687
0.9696916 0.0000685991 0.0017150491
0.969748 0.0002551892 0.0014994756
0.96979415 0.0003483739 0.0013938625
0.969858 0.0003500634 0.0013899507
0.9699443 0.0003482324 0.0013881376
0.9699904 0.0003484282 0.001383408
0.9700481 0.0003493421 0.0013857314
0.9700988 0.000347509 0.0013857867
0.9701564 0.0003486648 0.0013932745
0.97016937 0.0003430951 0.0013823096
0.9701765 0.0002112508 0.0015498719
0.97020465 0.0002857953 0.0014615043
0.9704582 0.0003615237 0.0014594116
0.97065866 0.0003415002 0.0013889874
0.97068566 0.0003309738 0.0013396649
0.9707365 0.0002700332 0.0010884398
0.97119176 0.0003580752 0.0014612151
0.9714921 0.0004302828 0.0014384004
0.9718181 0.000508054 0.0014803754
0.97204256 0.0003362792 0.0013870161
0.9721826 0.0003299573 0.0013934532
0.9722945 0.0003355327 0.0013919502
0.972404 0.0002481229 0.001046931
0.9724439 0.0002486568 0.0010403414
0.9724946 0.00033508 0.0013854046
0.97252953 0.0003315512 0.0013972769
0.9725038 0.0003332075 0.0013912527
0.97248507 0.000331685 0.0013931652
0.9727632 0.0002944649 0.0012411678
0.973007 0.0002494496 0.0010404459
0.9731369 0.0002405631 0.0010335833
0.9731857 0.0002452125 0.0010385928
0.9732218 0.0002442134 0.0010349995
0.9739254 0.0002438934 0.0010431852
0.97412384 0.0002575534 0.0011005563
0.97423714 0.000322232 0.001385081
0.97425145 0.0003216776 0.0013873508
0.9742775 0.0003216048 0.0013923977
0.97432363 0.0003206272 0.0013917086
0.9742572 0.0001705595 0.0015561068
0.97453564 0.0003854591 0.001486209
0.9747535 0.0007972237 0.001597718
0.97495663 0.0008586263 0.0016151012
0.97505796 0.0003965689 0.0014301043
0.97531384 0.0003152514 0.0013986418
0.9755462 0.0006793975 0.0015404883
0.97581786 0.0003101627 0.0013982004
0.9761273 0.0003108729 0.0013941582
0.9764385 0.0003093519 0.0013973856
0.9767396 0.000288438 0.0013259839
0.97685194 0.0002254899 0.0010440132
0.9768745 0.0002397515 0.0011017921
0.97689104 0.0003035461 0.0013958608
0.9769999 0.0003078838 0.0014040037
0.977536 0.0003270895 0.0015247139
0.97788686 0.0000887415 0.0016277034
0.9782139 -0.0001014589 0.0019257417
0.9788334 0.0001933126 0.0015013114
0.97919333 0.0002843646 0.0014033209
0.9795146 0.0002849249 0.0014078746
0.9807043 0.0003208846 0.0016234126
0.98124665 0.000278722 0.0014054651
0.9826546 0.0002960029 0.0015667273
0.9856564 0.0003478201 0.0019902014
0.9914662 0.0001966151 0.0015043744
0.9961072 0.0001405106 0.0016019052
0.9990314 0.0000652776 0.0016637435
0.99994814 0.0000091574 0.0016809227
0.99997824 0.0000102294 0.0015366374
0.9999858 0.000010975 0.0014726443
0.9999897 0.0000084089 0.0014480829
0.9999914 0.0000052471 0.0014305055
0.9999917 0.0000084485 0.0014238097
0.99999315 0.0000027453 0.0014187658
0.99999475 0.0000039749 0.0014299232
0.9999956 0.0000033877 0.0014234943
0.999996 0.0000034661 0.001383846
0.99999666 0.0000004448 0.0012023004
0.99999714 0.0000865064 0.0014091505
0.99999714 0.0004287914 0.0015645518
0.9999979 0.0001349796 0.0012263644
0.9999987 0.0000029221 0.0010670671
0.9999989 0.0000033056 0.0010733377
0.99999845 0.0000019744 0.0013861771
0.99999857 -0.0000029203 0.0013581796
0.99999887 0.0000029446 0.0014154662
0.9999989 0.0000014673 0.001420174
0.9999989 -0.0000000961 0.0014750746
0.9999989 -0.0000001052 0.0014839192
0.99999905 0.0000031132 0.0013666117
0.9999987 -0.0002560777 0.0014955823
0.9999982 -0.0004340095 0.0017445736
0.9999989 -0.0000030354 0.0013575337
0.9999989 -0.0000008289 0.0013173093
0.99999887 -0.0000000174 0.001461894
0.9999989 0.0000003028 0.0011821191
0.9999989 0.0000039945 0.00125455
0.99999875 -0.0000023522 0.001392062
0.99999917 -0.0000042689 0.001059695
0.9999989 0.0000012807 0.0013757964
0.99999905 -0.0000014497 0.0013158072
0.9999994 0.0000023496 0.0009822033
0.9999989 -0.000002364 0.0013199744
0.99999905 -0.000002889 0.0010290613
0.9999983 0.0004293297 0.0014843517
0.9999982 0.0002173287 0.0014498705
0.9999987 0.0000035614 0.0010642075
0.99999875 -0.0000030825 0.0010625765
0.99999857 -0.0000013961 0.0013835198
0.9999989 -0.0000002252 0.0014797685
0.9999984 0.000000315 0.00136121
0.9999976 -0.0000029091 0.0012793277
0.9999968 -0.0000043708 0.0014611641
0.99999696 -0.0000040027 0.00146304
0.999997 -0.0000021353 0.001452884
0.9999965 -0.0002617172 0.001627163
0.99999475 -0.0004245883 0.0017095834
0.9999939 -0.0000220887 0.0014395684
0.9999938 -0.0000009935 0.0014206332
0.9999944 -0.0000061295 0.0014233013
0.99999344 -0.0000066838 0.001420675
0.9999933 -0.0000028683 0.0014328738
0.99999315 -0.0000110694 0.0014304122
0.9999927 -0.0000057765 0.0014241437
0.99999654 0.0000013795 0.0015099265
0.9999981 0.0000004735 0.0015723009
0.9999949 0.0000096297 0.0014154483
0.9999944 0.0000071139 0.0014323521
0.9999708 0.0000116751 0.0015822605
0.9999611 0.0003565037 0.001621274
0.9999547 0.0003665526 0.0014760902
0.9999453 0.0000115909 0.0010664725
0.9999358 0.0000152342 0.0011493005
0.9998746 0.0000134245 0.001070423
0.9998539 0.000024868 0.001419758
0.9998267 0.0000272344 0.0015476423
0.99973696 0.0000351855 0.0015321351
0.9996294 0.000057786 0.002165813
0.99994516 -0.0000010438 0.0014058672
0.99895114 -0.0000521579 0.0011334057
0.99599487 -0.0001406735 0.001542797
0.99079543 -0.0002301801 0.0016566599
0.9835283 -0.0003051413 0.0016745215
0.9766777 -0.0003689835 0.0016723557
0.97586 -0.0003501859 0.001555637
0.9753727 -0.0003271122 0.0014611029
0.9748465 -0.0003279411 0.0014221703
0.9742961 -0.0003295873 0.0014026791
0.973796 -0.0003287479 0.0013964698
0.9733079 -0.0006203436 0.0015030458
0.9729171 -0.0005259925 0.0014711882
0.9725801 -0.0002559463 0.0014298793
0.9723511 -0.0000476221 0.0013275472
0.9722334 -0.0002601883 0.0014570745
0.9721343 -0.0001817145 0.0015459437
0.97209704 -0.0003316511 0.0013890768
0.972027 -0.0003385745 0.0013906297
0.9719161 -0.0003427879 0.0013888906
0.971774 -0.0005305813 0.0014685986
0.97175235 -0.0003842167 0.0010865496
0.97176266 -0.0002579207 0.0010433955
0.9717542 -0.0003060447 0.0012559005
0.97171366 -0.0003407336 0.0013903157
0.9716964 -0.0002453506 0.0010387182
0.971676 -0.0002548657 0.0010428168
0.9716878 -0.0003425369 0.0013940844
0.9716528 -0.0003378003 0.0013906669
0.9716406 -0.0004359988 0.0014321755
0.9715422 -0.0006120998 0.0014960192
0.97148466 -0.0003399183 0.0013890633
0.9714099 -0.0003366571 0.001383553
0.9713028 -0.0003409737 0.001391417
0.97122157 -0.0000767641 0.0016807951
0.9710797 -0.0003400998 0.0013834091
0.97094184 -0.0003434513 0.0013925069
0.97079885 -0.0003440099 0.0013810067
0.9716384 -0.0003421816 0.0013922664
0.9719717 -0.0003044483 0.0012497206
0.972159 -0.0002514353 0.0010410829
0.97232354 -0.0001895557 0.0011583102
0.9724506 -0.0000916188 0.0016520811
0.97260225 -0.0003295317 0.001392029
0.9726079 -0.0003366743 0.0013922646
0.9725996 -0.0003360066 0.0013905216
0.97257787 -0.0003304672 0.001392469
0.97256947 -0.0003390699 0.0013928276
0.9725584 -0.0003320107 0.0013929714
0.9725555 -0.0003317596 0.0013920229
0.9725154 -0.0003349537 0.0013837276
0.9724814 -0.000334755 0.0013952083
0.9736129 -0.0001240549 0.0016401138
0.9740866 -0.000126163 0.0010992769
0.97442067 -0.0002344863 0.001037705
0.97461355 -0.0003041009 0.0013135549
0.97488225 -0.0003227454 0.0013955039
0.9751703 -0.0003049912 0.001320374
0.9753183 -0.0002386847 0.0010364654
0.97536194 -0.000238115 0.0010363231
0.97543156 -0.0003095429 0.0013671791
0.9755722 -0.0003131126 0.0013955275
0.9757633 -0.0003067583 0.0013954943
0.97598743 -0.0003085903 0.0013952625
0.9762169 -0.0003086947 0.0013948599
0.97642803 -0.0003065527 0.0013975163
0.9765485 -0.0006929674 0.0015545137
0.97659475 -0.0003863681 0.0014288652
0.97668934 -0.0002356598 0.0010546378
0.9767229 -0.0001555126 0.0014871316
0.9767728 -0.0001610064 0.0015249003
0.97681314 -0.0000248761 0.001687165
0.9768279 -0.0002602533 0.0014362044
0.9769503 -0.0003009898 0.0013955104
0.977091 -0.000308793 0.0013964952
0.97713345 -0.0004002129 0.0014323902
0.9770297 -0.0004667554 0.001272522
0.97701395 -0.000228083 0.0010448473
0.9769629 -0.0002206747 0.000999097
0.976967 -0.0003055891 0.0014013251
0.9770247 -0.0002426473 0.0011159364
0.97704774 -0.0002241628 0.0010396799
0.97707415 -0.0002705124 0.0012528617
0.9770883 -0.0003014751 0.0013945915
0.9771907 -0.0003057901 0.0013980177
0.97725296 -0.0007933338 0.0016006675
0.9772433 -0.0003073724 0.0014006917
0.97731847 -0.0003046265 0.0014033603
0.97741365 -0.0003065606 0.0014044683
0.9775008 -0.0002954897 0.0013975237
0.9775216 0.0000251012 0.0017510487
0.9775735 -0.0002989462 0.0014082638
0.975567 -0.0005672819 0.0025284397
0.9677207 -0.0003785502 0.0014526151
0.96625674 -0.0003860263 0.0014500599
0.9655365 -0.0003826071 0.0014140891
0.96484554 -0.0003423295 0.0012537373
0.96425736 -0.0000172669 0.0013024553
0.9637992 -0.0002579081 0.0010627013
0.9635145 -0.000392753 0.0013972113
0.9631963 -0.0003825361 0.0013813612
0.962876 -0.0003819249 0.0013792914
0.9625848 -0.000386914 0.0013808971
0.96232957 -0.0003974272 0.0013731049
0.96213645 -0.0003915501 0.001378021
0.96195686 -0.0003900033 0.0013732766
0.9617341 -0.0003916981 0.0013719462
0.9615552 -0.0003878421 0.0013750006
0.9613699 -0.0003963423 0.0013776605
0.9612228 -0.0002698498 0.0011482348
0.96109724 -0.0002750734 0.0009604757
0.960981 -0.0003366562 0.001165354
0.96091205 -0.0003945969 0.0013764047
0.96084994 -0.0003934062 0.0013741594
0.96078646 -0.000396362 0.0013688535
0.9607134 -0.0003182757 0.0010966428
0.96069956 -0.0002981476 0.0010237449
0.96073323 -0.0003567107 0.0012286826
0.960705 -0.0003976619 0.0013828533
0.9606496 -0.0003952053 0.0013776914
0.96059924 -0.0003961516 0.0013731336
0.96053755 -0.0003985509 0.0013707163
0.9605172 -0.0003962052 0.0013711613
0.9604703 -0.0004004458 0.0013780913
0.96043366 -0.0003426436 0.0011606563
0.9604184 -0.0003763188 0.0012369521
0.96038055 -0.0003998202 0.001367225
0.9603394 -0.0003957394 0.0013744408
0.9603388 -0.0003977986 0.0013746144
0.9603205 -0.0003996591 0.0013725532
0.96024895 -0.0003998557 0.001377471
0.96019 -0.0003961135 0.0013701912
0.96012783 -0.0004034458 0.0013721253
0.96005267 -0.0003644233 0.0012285507
0.9599789 -0.0002966011 0.0010226789
0.9611616 -0.0005980172 0.0011624249
0.96162736 -0.0006399394 0.0015732998
0.9633743 -0.0003868477 0.0013864165
0.9644388 -0.0004321631 0.0015632967
0.9663979 -0.0003678859 0.0013924942
0.9681021 -0.0003745425 0.0014535028
0.9707235 -0.0004269417 0.0017360039
0.9777794 -0.0003611937 0.0012866852
0.98550236 -0.000732533 0.0017217059
0.9918779 -0.0003932452 0.0011722936
0.9963873 -0.0001441619 0.0016946414
0.9991234 -0.0000683172 0.0017237558
0.999934 0.0000021651 0.0017436976
0.9987148 0.0000814984 0.0017537009
0.9953459 0.0001676612 0.0017744856
0.9898723 0.0001896939 0.0013139686
0.9823287 0.0002636687 0.0013942989
0.97274387 0.000388035 0.0016467168
0.9617864 0.0005031364 0.0017474841
0.9588415 0.0004362823 0.0014832725
0.95840025 0.000420272 0.0014115941
0.9576872 0.0004254839 0.0014079656
0.95694894 0.0004226239 0.0013945184
0.9562046 0.0004209988 0.0013758077
0.95549715 0.0004241787 0.0013644776
0.95491093 0.0004302885 0.0013721071
0.95447385 0.0004285992 0.0013723505
0.9540973 0.0004278471 0.0013684158
0.9537851 0.0004316097 0.0013650662
0.95349205 0.0004318563 0.0013643493
0.95327127 0.0004341896 0.0013641202
0.95303 0.0004354166 0.0013663602
0.9528413 0.0004370187 0.0013639692
0.9527097 0.0004345924 0.0013645457
0.9525325 0.0003694278 0.0014454633
0.95244473 0.0000327306 0.001326131
0.95240414 0.0003235789 0.0010157286
0.95232904 0.000324619 0.0010116763
0.9522253 0.0003254289 0.0010161006
0.9521769 0.0003278759 0.0010157737
0.9521925 0.0003276311 0.0010155558
0.9521173 0.0003276065 0.0010175059
0.9520623 0.0003266262 0.001015344
0.95203036 0.0003266806 0.0010162501
0.95204514 0.0007269461 0.0011410817
0.9520587 0.0004505896 0.0010544884
0.9520364 0.0003251752 0.0010169318
0.9519166 0.0003121955 0.0009663892
0.9519106 0.0003255893 0.0010199721
0.9519307 0.0003358934 0.0010498019
0.9519292 0.0004349383 0.0013500005
0.9519005 0.000326478 0.0010172775
0.9519005 0.0004369148 0.0013574344
0.9518491 0.0004354561 0.0013626106
0.95183134 0.0004365233 0.0013598275
0.9524716 0.000458322 0.0014392255
0.9528856 0.0004344385 0.0013604166
0.953345 0.0004331694 0.0013671091
0.9536885 0.0004272107 0.0013634972
0.95409346 0.0004274383 0.0013697108
0.954387 0.0004259012 0.0013620326
0.9546281 0.0004264737 0.0013682612
0.954968 0.0004253932 0.0013707525
0.9552561 0.0004230103 0.0013671599
0.95556784 0.0004218634 0.0013647086
0.9558244 0.0003566801 0.0014521576
0.9559088 0.0001125635 0.0017528118
0.9560817 0.0004195587 0.0013635074
0.9561796 0.0008832078 0.0015292295
0.9564226 0.0009110516 0.0015273697
0.95648146 0.0009126107 0.0015365782
0.95648754 0.0009121673 0.0015302568
0.9565698 0.0008425702 0.0015029147
0.9566563 0.0005342133 0.001408793
0.956833 0.0004171348 0.0013651694
0.9568523 0.0008519309 0.0015048266
0.9568963 0.0004141812 0.0013662156
0.957009 0.0004157555 0.0013651375
0.9570324 0.0003316497 0.0010984164
0.95704174 0.0003058019 0.0010178119
0.95706856 0.0003420245 0.0011252303
0.95706624 0.0004131706 0.0013681954
0.9578892 0.000412441 0.0013793877
0.95830023 0.0004090265 0.0013712513
0.9586612 0.0004076727 0.001369704
0.95948255 0.0004467325 0.0015162166
0.9603998 0.0004006468 0.0013799446
0.96092236 0.0003933687 0.0013732694
0.9615768 0.0004232306 0.0014882195
0.96293277 0.0004143578 0.0014875033
0.9641943 0.0004177613 0.0015272746
0.9654109 0.0001179768 0.0017505616
0.96679246 0.0000582518 0.0018898448
0.968785 0.0000587553 0.001940062
0.9713152 0.0002565222 0.0024970355
0.9644718 -0.0000854251 0.0019263843
0.9552256 0.0002269142 0.0016813397
0.95376813 0.0004100134 0.0014507801
0.9531808 0.0003042904 0.001517521
0.95281696 0.0001809092 0.0015587516
0.9524199 0.0003466491 0.0010826603
0.95187914 0.0004384603 0.0013625445
0.9513518 0.0004439416 0.0013648227
0.9509157 0.0004416424 0.0013619943
0.95045555 0.0004475165 0.0013605107
0.94999963 0.0004466638 0.0013639003
0.9496292 0.0004486674 0.0013611959
0.9494089 0.0004494016 0.0013557505
0.9492509 0.0007391702 0.0014585231
0.9493407 0.0007344902 0.001454371
0.94916856 0.0004488905 0.0013617348
0.94909286 0.0003606755 0.0010838088
0.9490608 0.000336075 0.0010113225
0.9490328 0.0003515576 0.001060665
0.9489908 0.0004488276 0.0013527385
0.94886816 0.0004489952 0.0013541772
0.948712 0.0004555098 0.0013568623
0.9484649 0.0004518027 0.0013546688
0.9482697 0.000458204 0.0013630742
0.9480213 0.0004579425 0.0013647977
0.9477928 0.000454598 0.0013542625
0.9475458 0.0004547307 0.001355745
0.94736004 0.0004604119 0.0013625845
0.94722664 0.0004586462 0.0013552583
0.9470356 0.0004564705 0.001354047
0.94695413 0.0004576157 0.0013598043
0.9468007 0.0004602304 0.001357968
0.9466389 0.0004632016 0.0013521932
0.9464385 0.0004585782 0.0013466058
0.9462841 0.0002168827 0.0016918769
0.9461013 0.0003732111 0.0014746365
0.94584846 0.0004638956 0.001359032
0.94560176 0.0004674712 0.0013559401
0.94537276 0.0004658528 0.0013507996
0.94510174 0.0004681921 0.0013542075
0.9448315 0.0004739161 0.0013537069
0.94465035 0.0004746662 0.0013540405
0.94450665 0.0004687714 0.001350406
0.9443318 0.0004683395 0.0013501553
0.94419825 0.0006550526 0.001412279
0.94408214 0.0007752711 0.0012870182
0.9440237 0.0004013946 0.0011529392
0.94392776 0.0003784459 0.0010766503
0.94381696 0.0003634416 0.0010434844
0.94381666 0.0003508509 0.0010058403
0.94376624 0.0003539739 0.0010064591
0.94369954 0.0003505765 0.0010002924
0.943669 0.0003563397 0.0010024306
0.9436569 0.0003541374 0.001005837
0.9436671 0.0003539024 0.00100376
0.94366044 0.0003526337 0.0010044249
0.94358575 0.0003516653 0.0010043945
0.94348353 0.0003543863 0.0010080227
0.9434474 0.0003516563 0.0010055853
0.9433869 0.0003538425 0.0010041706
0.9433156 0.0003567516 0.0010001964
0.9433683 0.0003570869 0.0010086516
0.9433324 0.0003521214 0.001006279
0.94337493 0.0003579269 0.0010103665
0.94325745 0.0003501276 0.0010076483
0.9431509 0.0003447229 0.000981438
0.94309634 0.0000877147 0.001538156
0.94306755 0.0004409625 0.0013824173
0.94302243 0.0004736542 0.0013410263
0.9429445 0.0004763526 0.0013417497
0.9427927 0.0004744825 0.0013412867
0.9426526 0.0004748174 0.0013444644
0.9425643 0.0004778738 0.0013446525
0.9424413 0.0004777627 0.0013449764
0.94222784 0.0004814249 0.0013528655
0.94198054 0.0004777504 0.001343935
0.94210815 0.0005070589 0.0014364726
0.94275504 0.0009478981 0.0014694438
0.9430731 0.0005063988 0.0013587393
0.94338244 0.0004229344 0.0012116638
0.94361365 0.0003555805 0.0010077701
0.94361866 0.0003547974 0.0010115847
0.94363654 0.0004669744 0.001333311
0.94371045 0.0004728087 0.0013526639
0.9438917 0.0004731702 0.0013524236
0.9439397 0.0004159402 0.0011941413
0.9440467 0.000401372 0.0011487934
0.9439111 0.0004731244 0.001346458
0.9438504 0.000472218 0.0013485646
0.94380826 0.0004748755 0.0013508679
0.94373924 0.0004746569 0.0013557809
0.94370747 0.0004751133 0.0013525516
0.9436318 0.0004802723 0.001359692
0.94353324 0.0004767785 0.0013531409
0.9435194 0.0004761775 0.0013585363
0.9435295 0.00047997 0.0013604551
0.9435994 0.0005017683 0.001423202
0.9438826 0.00047203 0.001356022
0.9440916 0.0003494315 0.0015153178
0.94444674 0.0001905584 0.0017559252
0.94443005 0.0004791008 0.0013577486
0.9443488 0.0004750593 0.0013622568
0.94438255 0.000471124 0.0013566578
0.9443652 0.000467873 0.0013558391
0.9442398 0.0004750688 0.0013545925
0.94439536 0.0004696551 0.0013466016
0.9445326 0.0004719169 0.0013528785
0.94474095 0.0004728363 0.0013552983
0.94502735 0.0004673106 0.0013554821
0.94526464 0.0006711194 0.0014117038
0.94559526 0.0010350661 0.0015188014
0.9458578 0.0009623384 0.0014972255
0.946206 0.0008933592 0.0012974206
0.9464968 0.0007539786 0.001164008
0.94668835 0.0008374472 0.001143711
0.94665545 0.0009117584 0.0013538965
0.94662 0.001049881 0.0015263109
0.94665354 0.0009431384 0.0014987832
0.9466082 0.0007684442 0.0014421244
0.946418 0.0007548109 0.0014334533
0.94620144 0.0007245789 0.0014303665
0.94607174 0.0006739962 0.0014189596
0.94684106 0.0004599086 0.0013603471
0.9473251 0.0004613308 0.0013652662
0.94784784 0.0004541557 0.001352698
0.9481741 0.0003838041 0.0011386471
0.94837284 0.0004249914 0.0012605515
0.9484151 0.000456023 0.0013643128
0.9485844 0.0004569428 0.0013603789
0.94875365 0.0004561197 0.001369477
0.94900167 0.0004505808 0.0013649
0.94904935 0.0002758522 0.0015870184
0.94920176 0.0001740956 0.0017256234
0.9492652 0.0004563719 0.0013619333
0.9493521 0.000449455 0.0013656032
0.9493185 0.0004506518 0.0013587347
0.9491005 0.0004492436 0.0013639496
0.9489889 0.0004510541 0.0013630374
0.94879735 0.0004531389 0.0013613917
0.9486073 0.0004531154 0.0013577191
0.94865286 0.0004544397 0.0013647198
0.948837 0.0004726072 0.0014334002
0.9491912 0.0009523699 0.0015211451
0.94948596 0.0005675902 0.0014017529
0.9496707 0.0004484222 0.0013631636
0.94975394 0.0003387608 0.0010177101
0.9499081 0.0003317265 0.0010118273
0.9500116 0.0003620338 0.0011061635
0.95027125 0.0001608789 0.0017368726
0.95042 0.0001503676 0.0017614294
0.95049495 0.000130093 0.0017767443
0.95058346 0.0001321789 0.0017828308
0.9506791 0.0000730673 0.0018440697
0.9506586 0.0000892487 0.0018077003
0.95044345 0.0002493609 0.0016120166
0.95082694 0.0003847774 0.0018259964
0.9514607 0.000313693 0.0015304636
0.95186365 0.0004390618 0.0013618293
0.9521983 0.0004394224 0.0013661596
0.95233124 0.0004377619 0.0013613743
0.9525593 0.0004355668 0.0013690332
0.95264405 0.0004317605 0.0013641994
0.9528068 0.0004354784 0.0013633345
0.95288783 0.0003699564 0.0014522411
0.9530651 0.0001547321 0.0017250184
0.95309865 0.0004313058 0.0013655403
0.95297605 0.0004305475 0.0013563058
0.9529929 0.0003156386 0.0010053811
0.9529707 0.000433698 0.0013674354
0.95314443 0.0004333841 0.0013656474
0.9535724 0.0004260444 0.0013633216
0.95389307 0.0004317687 0.0013630603
0.954107 0.0004314356 0.0013705891
0.9542462 0.0006340495 0.0014365359
0.95462084 0.0009593098 0.0016485819
0.95490044 0.0004291589 0.0013670132
0.95524275 0.0004266379 0.0013743283
0.9554855 0.0003146596 0.0010233754
0.9556246 0.000316254 0.0010195808
0.9556982 0.0003310783 0.0010862763
0.95620763 0.0004473713 0.0014513148
0.9566981 0.000417497 0.001377022
0.95697844 0.0004126156 0.0013765753
0.9572595 0.0004138989 0.0013784047
0.95749253 0.0004171807 0.0013804804
0.9576734 0.0004122138 0.0013747409
0.9577551 0.0004143083 0.0013746395
0.9586848 0.0004283484 0.00144876
0.95936096 0.0004060981 0.0013925629
0.9598465 0.0004038226 0.001382921
0.9603073 0.0003965953 0.0013747006
0.96076745 0.0003937064 0.0013747299
0.96116316 0.0003963231 0.0013718677
0.96148425 0.0003939948 0.0013745216
0.9616804 0.0003916367 0.0013788342
0.961789 0.0003918055 0.001387019
0.9619033 0.0000669551 0.0017877177
0.9621441 0.000245027 0.0015467489
0.96225184 0.0004014899 0.001430972
0.9628453 0.0002730756 0.000979367
0.96309406 0.0002858633 0.001026104
0.9635299 0.0002787601 0.0010118663
0.9639107 0.0002861319 0.0010351993
0.9649622 0.0002834411 0.0010474662
0.9651929 0.0004801609 0.001108703
0.96593046 0.0006856648 0.0012568824
0.9664243 0.0002768925 0.001054835
0.9671793 0.0002579262 0.0009766049
0.96826476 0.0002900082 0.0011042026
0.9694418 0.0002764421 0.0011159182
0.97035253 0.0002820288 0.0011432051
0.9716624 0.0002740925 0.0011380509
0.9738105 0.0003291015 0.0014157289
0.9741155 0.0002625544 0.0011304831
0.9758712 0.0004777061 0.002134418
0.96940124 0.0003589169 0.0013982289
0.96024674 0.0004311917 0.0014811
0.9583804 0.0004361042 0.0014537463
0.9574501 0.0004212749 0.0014085246
0.95661783 0.0004219447 0.0013859508
0.9557789 0.0004246813 0.0013772998
0.955032 0.0004257759 0.0013739972
0.95444024 0.0004288536 0.0013720825
0.95393085 0.0005046484 0.0013843927
0.9534189 0.000907907 0.0015136133
0.95299894 0.0009354571 0.0015297545
0.9526351 0.0009342706 0.0015291481
0.9522775 0.0009361061 0.0015172319
0.95199186 0.0009654745 0.0016414026
0.9519283 0.0006553983 0.0019076867
0.9518051 0.0007224273 0.0014937902
0.9516233 0.0005036722 0.0013765038
0.9513543 0.0004409631 0.001365316
0.9513098 0.0004407662 0.0013625019
0.95130616 0.0004412177 0.0013600691
0.95118254 0.000447336 0.0013661601
0.951166 0.0004436184 0.0013625227
0.95122397 0.0004376244 0.0013586667
0.9513186 0.000440755 0.0013677521
0.9514233 0.000939679 0.0015172071
0.95271623 0.0005032315 0.0013856078
0.95352185 0.000434152 0.0013816828
0.9541254 0.0003411137 0.0010899778
0.9544827 0.0003209577 0.0010239594
0.95468026 0.0003188617 0.0010212236
0.95487803 0.000428026 0.0013756754
0.9549344 0.0004249525 0.0013733498
0.9550474 0.0004276453 0.0013683728
0.95552623 0.0004300267 0.0014032526
0.95627373 0.0004324301 0.0014247161
0.9567568 0.0004311133 0.0014220746
0.95767087 0.0004305042 0.0014376324
0.95851946 0.000408741 0.0013739896
0.9598468 0.0004316152 0.0014770381
0.9607829 0.0001034566 0.0017515995
0.9613306 0.0000786771 0.0017770411
0.9617092 0.0000763039 0.0017845317
0.9627277 0.0000406527 0.0019561842
0.96351874 0.0000171253 0.001818059
0.96500367 0.0001620456 0.0017322528
0.966743 0.0003656802 0.0015068995
0.9689509 0.0003815485 0.0015071993
0.9715489 0.0002263011 0.0012954924
0.97357225 0.0000202815 0.0019524675
0.96926403 0.000022396 0.0017668176
0.9591423 0.0003159649 0.0015715836
0.9468986 0.0005091555 0.0015106134
0.9322575 0.0003879212 0.0010191686
0.91551626 0.000579976 0.0013269798
0.8970618 0.0007025218 0.0014360638
0.8769525 0.0008337598 0.0015315627
0.86496466 0.0008822 0.0015221995
0.86362475 0.0007863369 0.0013508726
0.86246747 0.0006698513 0.0013373971
0.86165226 0.0003321262 0.0013554974
0.86049795 0.0005550884 0.0016022541
0.8591983 0.0004828214 0.0017688023
0.8582195 0.0005408999 0.0016409612
0.8574764 0.0007453609 0.0012384407
0.8566958 0.000740904 0.001230334
0.8559639 0.0007388734 0.0012209635
0.8553256 0.0007437195 0.0012283996
0.854761 0.0007423192 0.0012265873
0.8542922 0.0005643495 0.0009284265
0.8541352 0.0005528111 0.0009130764
0.854173 0.0005574816 0.0009191187
0.85418594 0.0005599926 0.0009137723
0.8540149 0.0005963002 0.0009777987
0.8539354 0.0010106063 0.0012150608
0.8541123 0.0012530268 0.0012352753
0.85407627 0.0012517695 0.0012530598
0.85407555 0.0012691913 0.0012641537
0.85419714 0.00126714 0.0012554837
0.8541911 0.0008172694 0.0012341762
0.85433024 0.0007441603 0.0012245809
0.8542844 0.000747747 0.0012287352
0.8542746 0.0007472692 0.001227176
0.8543048 0.0007415661 0.0012187979
0.8542415 0.000746198 0.0012241808
0.85419166 0.0007513533 0.0012349566
0.8542344 0.0007476445 0.0012264915
0.8542611 0.0007440053 0.0012265805
0.8542887 0.0005714615 0.0009417588
0.8543073 0.0007469611 0.0012280798
0.85431594 0.0007488495 0.001228701
0.8542507 0.000748814 0.001228897
0.8541322 0.0007449053 0.001225272
0.8540203 0.0007478459 0.001228447
0.8538359 0.000749726 0.0012285821
0.8536788 0.0007495159 0.0012244286
0.85354966 0.0007482352 0.0012262528
0.853494 0.0007483978 0.001227692
0.85349864 0.0007480537 0.0012250765
0.8534948 0.0007482047 0.0012223779
0.85347116 0.0007443993 0.0012150565
0.85348 0.000748058 0.001225754
0.853419 0.0007422806 0.0012128863
0.8534336 0.0003388058 0.0013322372
0.8533161 0.0003566858 0.001361915
0.85320586 0.0005004752 0.0010524013
0.85329926 0.0005564302 0.0009113561
0.8534236 0.0005617797 0.0009218039
0.85341847 0.0005606616 0.0009157594
0.8535069 0.0005560817 0.0009067605
0.8535942 0.000736836 0.001205894
0.85349417 0.0007471091 0.0012229597
0.8534535 0.0007492126 0.0012264836
0.853428 0.0007427207 0.0012230554
0.85344446 0.0007461464 0.0012271744
0.8534309 0.0007470821 0.0012257423
0.853371 0.0004952847 0.0011479129
0.85344124 0.0005197527 0.0017289065
0.8531753 0.0005005645 0.0017793219
0.8528217 0.0005399904 0.0017030623
0.85290253 0.0006779904 0.001385334
0.8527153 0.0007541116 0.0012267848
0.85277665 0.0008109884 0.001330402
0.85383475 0.0007453092 0.0012232899
0.8542261 0.0005984914 0.0009834382
0.8545252 0.0005566345 0.0009179363
0.85484934 0.0005549589 0.0009120698
0.854977 0.0005611207 0.0009248996
0.8550159 0.0005595106 0.0009194062
0.854931 0.0008486198 0.0012316128
0.8549541 0.0011434254 0.0012240898
0.8551089 0.0012243362 0.00125156
0.85502607 0.0010233971 0.0012481853
0.8550514 0.0013207851 0.0012642682
0.85502017 0.0012656248 0.001269048
0.85501814 0.0012408101 0.0012595573
0.8551661 0.0007480389 0.0012374128
0.8550442 0.0007471812 0.0012333462
0.854897 0.000745349 0.0012277799
0.8547225 0.0007440067 0.0012280359
0.8545947 0.0007427737 0.0012241735
0.85484856 0.0007924399 0.0013058992
0.85574895 0.0007421617 0.0012257294
0.8561694 0.0007434804 0.0012335496
0.8565186 0.0005838998 0.0009768407
0.8568929 0.0007395472 0.0012295193
0.8570608 0.0007434898 0.0012336875
0.8573823 0.0007411443 0.0012339074
0.8576358 0.0007361224 0.0012294346
0.8577615 0.0007395397 0.0012330564
0.857792 0.0007412437 0.0012318881
0.85783833 0.0007382655 0.0012347724
0.8579792 0.0007393667 0.0012352859
0.858112 0.0007414002 0.0012397502
0.8582655 0.0007352332 0.0012323023
0.85837203 0.0007355261 0.0012313903
0.8584571 0.0007379377 0.0012380412
0.85857886 0.0007343696 0.0012273635
0.8586627 0.0005709029 0.0016059431
0.85873586 0.0004951486 0.0017552709
0.8588284 0.0005006357 0.0010571938
0.8589212 0.000551147 0.0009223055
0.8590582 0.0005476441 0.0009263587
0.8592682 0.0005473495 0.0009198234
0.8593329 0.0005516547 0.0009287177
0.85945904 0.000548547 0.0009223966
0.85962087 0.0005471263 0.0009204404
0.85964555 0.000700298 0.0011781654
0.8597091 0.0007332472 0.0012340082
0.8597261 0.0007358952 0.0012375307
0.85970515 0.0007311475 0.0012323015
0.8595988 0.0007370442 0.0012349411
0.8596171 0.0006250503 0.0010540028
0.8598425 0.0007330798 0.0012334731
0.859729 0.0006888314 0.0013236909
0.85983497 0.0005929673 0.0015340929
0.85972977 0.000480036 0.0017955387
0.85979635 0.000523672 0.0016916578
0.8597277 0.0004514889 0.0017225317
0.85938275 0.0004814058 0.0010628541
0.85941446 0.0005473893 0.0009203356
0.8604124 0.0005765461 0.0009754348
0.8608159 0.0005459398 0.0009217748
0.8607771 0.0008728619 0.001143335
0.860886 0.0012269956 0.0012389192
0.8610554 0.0010944313 0.0012475379
0.8609438 0.0007313741 0.0012374406
0.86116445 0.000728799 0.0012377887
0.86127746 0.0007283411 0.0012400924
0.86138886 0.000726355 0.0012379639
0.86143905 0.0007323135 0.0012412218
0.8615991 0.0008689656 0.0012498188
0.8634076 0.0014550942 0.001432492
0.8651002 0.0011264058 0.0012635117
0.86602676 0.0012369493 0.0012900144
0.8668825 0.0010779803 0.001301754
0.8676011 0.0007133771 0.0012517942
0.8681709 0.0007088938 0.001241381
0.86853856 0.0007122342 0.0012484441
0.8688277 0.0007103885 0.0012486831
0.8691062 0.0007098034 0.0012452272
0.8694134 0.0005766359 0.0010142842
0.8696855 0.0007106272 0.0012493997
0.86997414 0.0007106491 0.0012523602
0.8701084 0.0007091555 0.0012517173
0.8702148 0.0007069852 0.0012494177
0.8702494 0.0007107687 0.0012552264
0.87036526 0.0007084303 0.0012576899
0.87047416 0.0007081324 0.0012551018
0.8706148 0.0007077962 0.0012510737
0.870667 0.0007051057 0.0012529584
0.8707999 0.0005796441 0.0015061381
0.8707882 0.0004405527 0.0018056461
0.8707908 0.0005945993 0.0014606009
0.870732 0.0007074999 0.0012516922
0.87080175 0.000702231 0.001248374
0.8707309 0.0007042716 0.0012501057
0.8704606 0.0007076414 0.0012509117
0.8701237 0.0007066441 0.001248213
0.8700384 0.0007062799 0.0012451677
0.870128 0.0007044577 0.0012454345
0.87025756 0.0007021528 0.0012454016
0.87041664 0.0005837506 0.0010313492
0.8705042 0.0005306465 0.0009363229
0.8705119 0.0005244653 0.0009247702
0.8705737 0.0005259094 0.0009297967
0.87063855 0.0005276728 0.0009329338
0.87062645 0.0005291409 0.0009394156
0.8706914 0.0005271123 0.000934166
0.8712715 0.0006256865 0.0011134563
0.87308216 0.0005368408 0.000961912
0.8735921 0.0005689758 0.0010184366
0.87398064 0.0005186611 0.0009359681
0.87416905 0.0005240048 0.0009414549
0.87430733 0.0007986892 0.0009472066
0.87449217 0.0010739358 0.0010992067
0.87446487 0.0010691094 0.0012834473
0.87444794 0.0006952028 0.0012540673
0.87652904 0.0007285228 0.0013312122
0.877796 0.0006884268 0.0012654786
0.8787977 0.0006836358 0.0012619223
0.8795012 0.000684019 0.0012641494
0.88007605 0.0006034997 0.00140582
0.8804272 0.0005559215 0.0014997383
0.88086414 0.0003801213 0.001850253
0.88109016 0.0004149152 0.0017849312
0.8809703 0.0004453376 0.0017088528
0.8808776 0.000443659 0.0017221093
0.88076484 0.0006563483 0.0014236979
0.8820812 0.0006773919 0.0012696397
0.8825237 0.0006818203 0.0012853241
0.8834856 0.0007116458 0.0013359222
0.8847691 0.0006685467 0.0012721661
0.88635 0.0007190285 0.0013697844
0.8884714 0.0006610359 0.0012819904
0.88949126 0.0006541962 0.0012715077
0.890463 0.0006528191 0.0012785079
0.8914611 0.0006515154 0.0012866695
0.8922206 0.0006492456 0.0012837608
0.89298236 0.0006406445 0.0012769095
0.89315665 0.0004751672 0.0011356609
0.8934182 0.000401057 0.001745296
0.89377564 0.000444682 0.0016910322
0.896342 0.0007034995 0.0014242778
0.8984149 0.0006312373 0.0012942342
0.8997046 0.0006228544 0.0012884965
0.9009407 0.0006228975 0.0012984631
0.9019554 0.0006163441 0.0012968744
0.89783573 0.0011164246 0.002280777
0.8772594 0.0007162054 0.001308149
0.8534867 0.0008455281 0.0013781727
0.8256191 0.00095232 0.0013917376
0.7959637 0.00104242 0.001368738
0.76604223 0.0011187613 0.0013341062
0.7351669 0.0011963819 0.0012971037
0.70430315 0.00126258 0.0012513677
0.6718127 0.0013223477 0.0012026064
0.6368245 0.0013818967 0.0011463759
0.5999363 0.001445851 0.001085345
0.56417006 0.0011045873 0.0007556509
0.55327004 0.0011372396 0.0007564496
0.5521797 0.0011308689 0.0007511044
0.551565 0.0010067251 0.0006701829
0.5501485 0.0009238336 0.0006109765
0.5479823 0.0012299308 0.0004694665
0.5464206 0.0012893055 0.0004391777
0.5454236 0.0009026566 0.0005860942
0.54484975 0.0009008626 0.0005823043
0.54467833 0.0015592774 0.0010114267
0.54264563 0.0012539778 0.0008708129
0.54033643 0.001203068 0.0012817218
0.53818554 0.0012124004 0.0013405834
0.5358783 0.0012348422 0.0013679949
0.5339643 0.0012193972 0.0008140638
0.5325391 0.0012155927 0.0007632932
0.531385 0.0011343927 0.0007089438
0.53056633 0.0009082092 0.0005688054
0.52983516 0.0009167657 0.0005745244
0.529359 0.0010925168 0.0006812953
0.5290046 0.0012262372 0.0007642551
0.5287405 0.0012163932 0.000762317
0.52865976 0.0012024378 0.000751981
0.52869016 0.0010965785 0.0006819792
0.52854013 0.0015365089 0.0006172229
0.53263843 0.0018115748 0.000739647
0.5352098 0.0012182653 0.0007665372
0.536863 0.0012149628 0.0007748357
0.5383082 0.0012127751 0.0007774196
0.53943425 0.0012280414 0.0012201496
0.540214 0.001219441 0.0010850169
0.54086363 0.0012077382 0.0007778938
0.54150903 0.0012064725 0.0007798353
0.5418054 0.0012016282 0.0007772349
0.54212725 0.0012088234 0.0007825065
0.5425004 0.0010046673 0.000648393
0.5426897 0.0008986563 0.0005783447
0.54284513 0.0009068212 0.0005871819
0.542896 0.0012073617 0.000778176
0.5427029 0.001208926 0.0007778763
0.5429536 0.0012121111 0.0007831581
0.54298156 0.0016120889 0.0006037072
0.5425611 0.0016960347 0.0005853295
0.54194987 0.0014963107 0.0006537813
0.5418477 0.0012066436 0.0007730954
0.5419418 0.0012083114 0.0007782145
0.54185355 0.0012034369 0.0007728042
0.54177463 0.0012120146 0.0007776475
0.54179627 0.0012230651 0.0013543044
0.54137534 0.0012157463 0.0008834877
0.54140216 0.0010498754 0.000678257
0.5416131 0.0012047437 0.0007775652
0.54152733 0.001209422 0.000779738
0.54163903 0.0012070921 0.0007743366
0.54167247 0.0009045659 0.0005809842
0.5416018 0.0009012972 0.0005824086
0.54154795 0.0009649301 0.0006202998
0.5414839 0.0012054753 0.0007772174
0.5412654 0.0012094013 0.0007809074
0.54109305 0.0012043121 0.0007725576
0.5408514 0.0012044179 0.0007744146
0.5406157 0.0013550787 0.0007024574
0.54050213 0.001515997 0.0005707701
0.5404457 0.0009080408 0.0005851525
0.54038525 0.0009057055 0.0005802304
0.54048246 0.0009010013 0.0005801531
0.54039687 0.0008838839 0.0008341522
0.5403908 0.0009567159 0.0010167398
0.5401575 0.0012160526 0.0007789802
0.5397572 0.0012063561 0.0008121895
0.5394124 0.0012244766 0.00136445
0.5394827 0.0012384676 0.0012955733
0.53959644 0.0011328297 0.0009605066
0.53958225 0.0009028831 0.0005824642
0.5395059 0.0009015673 0.000576509
0.5393409 0.0011455992 0.0007335623
0.5391139 0.0012036735 0.0007711317
0.5388588 0.0011922002 0.0007635726
0.538837 0.001087595 0.0006978031
0.5389442 0.0012074348 0.0007787395
0.53895295 0.0016555653 0.0005944916
0.5408925 0.0016166639 0.0007386607
0.5435139 0.0012046725 0.0007773385
0.54493606 0.0012060323 0.0007839436
0.54603845 0.0012047018 0.0007804669
0.54698193 0.0012061418 0.0010015779
0.5478988 0.0012107089 0.0012035826
0.54844385 0.0011984947 0.000791032
0.5487823 0.0011986094 0.0007888534
0.54927635 0.0012051731 0.0007848452
0.5495305 0.0011994425 0.0007922704
0.5496532 0.0009983655 0.0006579004
0.55021375 0.0008939783 0.0005860278
0.5505277 0.0009002976 0.0005927854
0.55110455 0.001199167 0.0007901872
0.55088085 0.0012017463 0.0007914457
0.5505645 0.0012007194 0.0007926357
0.55022925 0.0011995608 0.0007913064
0.5496515 0.0011984429 0.0007907628
0.54955995 0.001634469 0.0006064739
0.5497773 0.0016914189 0.0005822605
0.54986715 0.0016787669 0.000596297
0.54995316 0.0015721094 0.0006385765
0.5500248 0.0012031007 0.000791758
0.55022985 0.0011980257 0.0011745248
0.550479 0.0010566842 0.0009019581
0.5503484 0.00119904 0.0007893742
0.55026686 0.0011970319 0.0007903956
0.55026555 0.0011997038 0.0007924015
0.5503849 0.0012391742 0.0008182352
0.5514951 0.000917517 0.0006048134
0.55237216 0.0008969734 0.0005939157
0.5527109 0.0009539852 0.0006285528
0.5535389 0.0012524253 0.000830185
0.55430645 0.0011940941 0.000797305
0.55599797 0.0013801064 0.0009229064
0.55968285 0.0011898435 0.0008045902
0.5616421 0.0012112046 0.0007988705
0.56303495 0.0016618168 0.0006264591
0.5639205 0.0012820753 0.0007678114
0.5645969 0.0011827683 0.0008045479
0.5649937 0.0011791496 0.0008057027
0.5654506 0.0009373527 0.0006393187
0.5659642 0.0008831741 0.0007554431
0.56627136 0.0008897496 0.0011268236
0.56606066 0.0008811789 0.0006066501
0.56610316 0.0008878725 0.0006118196
0.5663601 0.001044755 0.0007155176
0.567452 0.0011858888 0.0008153993
0.5686747 0.0009134902 0.0006348907
0.569709 0.0008866835 0.000615341
0.57079566 0.0008950075 0.0006446157
0.57211983 0.0010821142 0.0012794242
0.5735711 0.0011107099 0.0013644409
0.5743464 0.0011727386 0.0013431727
0.57775366 0.001175942 0.0009503969
0.5794631 0.0011716147 0.0008286438
0.5806769 0.0016975726 0.0006449103
0.5815486 0.0013641976 0.0007668386
0.5851566 0.001310773 0.0009428794
0.58803904 0.001166676 0.0008490944
0.5897885 0.0012084089 0.0008838057
0.59240836 0.0012308996 0.0009065635
0.59510595 0.0012016573 0.0009982866
0.5968478 0.001141212 0.0013539686
0.59964055 0.0011389472 0.0011732781
0.60143656 0.0011495918 0.0008671373
0.60292274 0.0011463532 0.0008671168
0.6040118 0.001146121 0.0008700223
0.6037935 0.0015215826 0.0011515368
0.5781582 0.0008838405 0.0006241009
0.5443989 0.0009614818 0.0006218489
0.3099391 0.0006072595 0.00036735
-0.46867663 -0.0010332331 -0.000543058
-0.42882553 -0.0011419897 -0.0005438904
-0.41149944 -0.0011119992 -0.0004960497
-0.40877447 -0.0010705728 -0.0004792089
-0.40597996 -0.0012155441 -0.000539644
-0.4033874 -0.0013240417 -0.0005841378
-0.4007965 -0.001323317 -0.0005775663
-0.39857358 -0.0013209196 -0.0005737781
-0.3967821 -0.0013178461 -0.0005705537
-0.39535218 -0.0013232864 -0.0005682354
-0.39411288 -0.0013182603 -0.0005615177
-0.3930915 -0.0012706777 -0.000543145
-0.39257523 -0.0012909847 -0.0005505107
-0.3917114 -0.0015658817 -0.0004060566
-0.3913222 -0.0018314703 -0.0002441537
-0.3910626 -0.0013221214 -0.0005614487
-0.39156932 -0.0014440073 -0.0006160129
-0.39406285 -0.0013164752 -0.0005608898
-0.39515045 -0.0013174117 -0.000566751
-0.39628446 -0.0008861689 0.0003039386
-0.3971258 0.0002707572 0.0043698787
-0.39798203 0.0010093341 0.0075395135
-0.39892316 0.001937506 0.010787806
-0.4000463 0.0028640851 0.01403779
-0.40151557 0.0036236576 0.016689394
-0.40364265 0.004616911 0.020131389
-0.40825915 0.0077670007 0.030975396
-0.4171595 0.010870333 0.04117229
-0.42296377 0.01306206 0.049267747
-0.4286844 0.013388683 0.056025933
-0.43543482 0.014098207 0.05957473
-0.43850693 0.015341528 0.06534372
-0.43857384 0.016395392 0.07018113
-0.43889594 0.016535392 0.07136403
-0.4389507 0.017182525 0.071176454
-0.43850827 0.020953719 0.07024188
-0.43723688 0.024846822 0.0696415
-0.43574452 0.028240452 0.06860348
-0.43356282 0.030236524 0.064300984
-0.4250924 0.03878061 0.055691194
-0.4167973 0.045833655 0.046736423
-0.40941328 0.049615223 0.04010336
-0.40450555 0.052794196 0.036409155
-0.40305942 0.052060682 0.03536777
-0.40471077 0.04987827 0.034042392
-0.4081978 0.042896282 0.030532643
-0.41155395 0.030421495 0.025261458
-0.41223806 0.015752602 0.019250778
-0.4127829 0.005142535 0.0147797065
-0.41451293 0.0048930505 0.014635836
-0.41585097 0.0052992506 0.014802898
-0.41831928 0.005961293 0.015059027
-0.42261305 0.005852313 0.014933859
-0.4278229 0.005893881 0.014855325
-0.4343454 0.006043544 0.014804715
-0.44081444 0.00621336 0.014767045
-0.44625378 0.006300649 0.014708543
-0.4526197 0.006496545 0.014683952
-0.4549871 0.0063901185 0.0145840105
-0.45667014 0.006579023 0.01464851
-0.45829725 0.006604957 0.014632577
-0.46008635 0.006631039 0.014610711
-0.4612565 0.0066621155 0.014605341
-0.46298003 0.006699889 0.0145885395
-0.46432048 0.0067212777 0.014577243
-0.4658135 0.0067432397 0.014553745
-0.46646756 0.006745548 0.014546938
-0.46761933 0.0067632524 0.014533022
-0.46881047 0.006759447 0.014502907
-0.4687903 0.0067812083 0.014510477
-0.46787184 0.0067573166 0.014521308
-0.46724087 0.0067700082 0.014543427
-0.46655765 0.0067539676 0.014546663
-0.46666878 0.006762459 0.014548625
-0.46511325 0.006620607 0.014503762
-0.4609756 0.006655368 0.014603597
-0.45913538 0.006624884 0.014626913
-0.4570149 0.0065854257 0.014654815
-0.45557746 0.00655877 0.014662556
-0.4550498 0.0065523633 0.014662469
-0.45429572 0.006544107 0.014677467
-0.45325238 0.006518287 0.014688547
-0.45226556 0.006508898 0.014698634
-0.45158768 0.0064875064 0.014699623
-0.45074415 0.0064783106 0.014712291
-0.44985595 0.006459553 0.014717544
-0.44940823 0.006451798 0.014725047
-0.44913155 0.0064481483 0.014726343
-0.4482363 0.006428546 0.0146767795
-0.44727165 0.006268034 0.013738687
-0.44674936 0.0060969973 0.012637111
-0.44639826 0.0059112376 0.011508667
-0.44539705 0.0057297545 0.010395155
-0.44466352 0.0055592014 0.009297304
-0.44460887 0.0054231635 0.0083183795
-0.44378543 0.005201548 0.007079742
-0.44282594 0.005001615 0.005961237
-0.44199 0.0043720505 0.005168964
-0.44118842 0.0033170483 0.0046572224
-0.43984637 0.0022724539 0.0041449377
-0.43851906 0.0012240738 0.003633419
-0.4368388 0.0006559022 0.0033720578
-0.4365402 0.000843831 0.0034629821
-0.43623853 0.0006364884 0.0033644382
-0.43575326 0.0006451912 0.0033666126
-0.43525657 0.0006324804 0.003371593
-0.434779 0.0006411051 0.0033744413
-0.43435502 0.0006376639 0.003377445
-0.43406764 0.0006347408 0.003374404
-0.43394366 0.000634116 0.0033745158
-0.4335348 0.0006266696 0.0033738478
-0.43625966 0.0004758408 0.003285267
-0.43803668 0.0006564704 0.0033616412
-0.4387959 0.0006599756 0.0033565369
-0.43919843 0.0006572162 0.003354526
-0.4396905 0.0006127908 0.0033256926
-0.44118565 0.0005684487 0.0032980014
-0.445131 0.0006853979 0.0033297315
-0.44672257 0.0006936736 0.0033212681
-0.4479719 0.0007003127 0.0033254158
-0.44880915 0.0007124263 0.0033241357
-0.44980234 0.0007112293 0.003315571
-0.4515224 0.0006266075 0.0032616523
-0.45359787 0.0010383801 0.003458086
-0.45374402 0.0010319712 0.003452902
-0.454907 0.0006797861 0.0032677122
-0.45579186 0.0007476072 0.0032962505
-0.4590056 0.0006773528 0.0032422435
-0.4614547 0.0007662722 0.0032787495
-0.46326637 0.0007809121 0.0032673043
-0.4644777 0.0007826934 0.003261794
-0.46571293 0.0007972163 0.0032600325
-0.4671443 0.0007901419 0.0032492802
-0.46791285 0.0008112392 0.003252878
-0.4685673 0.0008117134 0.0032496925
-0.4689876 0.0008069375 0.003244975
-0.47004896 0.0008247675 0.0032419108
-0.47023922 0.0008151232 0.0032457192
-0.470332 0.000821249 0.0032300397
-0.46495742 0.0000539791 0.002398169
-0.43119106 0.0004966591 0.0025223312
-0.3926226 0.0001399609 0.0022638724
-0.35162362 -0.0002465373 0.0020090868
-0.30754513 -0.0007015241 0.0017962044
-0.26364452 -0.0011316908 0.0016801034
-0.21963072 -0.0015583946 0.0016174407
-0.17499328 -0.002005044 0.0016031803
-0.12946948 -0.002421202 0.0016385794
-0.084385484 -0.0028316411 0.0017371743
-0.06324576 -0.0027028252 0.0017519856
-0.06196794 -0.002543344 0.0016706779
-0.060335148 -0.0027019978 0.0015682867
-0.05851211 -0.0028548632 0.0014735602
-0.05671941 -0.0029649069 0.0013824336
-0.0550491 -0.0030590096 0.0012984796
-0.053424932 -0.003132851 0.0012086101
-0.05212928 -0.0032029294 0.0011268661
-0.050925694 -0.0032636025 0.001046216
-0.04998653 -0.00331763 0.0009561559
-0.04908708 -0.0033909609 0.0008865247
-0.048226967 -0.008439509 0.0005657287
-0.046954166 -0.01899283 -0.0000043728
-0.04574479 -0.02006121 -0.0001072079
-0.04491295 -0.01948936 -0.0000903763
-0.044365205 -0.01953261 -0.0002040064
-0.04342267 -0.019548558 -0.0002601453
-0.042533442 -0.019578116 -0.0003084471
-0.04218799 -0.020083606 -0.000393883
-0.042158023 -0.02006976 -0.0004669277
-0.041932445 -0.020063257 -0.0005388507
-0.041775037 -0.020048402 -0.0006015111
-0.041674 -0.02004381 -0.0006781526
-0.041678034 -0.020024566 -0.0007335775
-0.041640848 -0.020024154 -0.0008114706
-0.04172028 -0.02001523 -0.0008840147
-0.04179846 -0.020025123 -0.0009531815
-0.041829113 -0.020022491 -0.0010232276
-0.041988794 -0.020023713 -0.0010920215
-0.04197046 -0.020024689 -0.0011659036
-0.041904002 -0.02002457 -0.001236868
-0.041946087 -0.020020256 -0.0013109337
-0.04185537 -0.020032113 -0.0013761399
-0.041803915 -0.020027518 -0.0014452932
-0.04186493 -0.020036515 -0.001516995
-0.041930564 -0.02003701 -0.0015921176
-0.04204186 -0.02003151 -0.0016645709
-0.042172004 -0.020031076 -0.0017369619
-0.042163473 -0.020030478 -0.0018065118
-0.042031247 -0.020036342 -0.001878775
-0.041879207 -0.02003353 -0.0019408043
-0.041754134 -0.020037794 -0.0020184726
-0.041708067 -0.020038141 -0.0020849218
-0.041758735 -0.020028789 -0.0021594171
-0.04170806 -0.020023324 -0.002225794
-0.041512936 -0.02000846 -0.0022918605
-0.0414186 -0.019995648 -0.002369988
-0.04149824 -0.020421036 -0.003197012
-0.042100407 -0.020045303 -0.002639867
-0.04239247 -0.01994048 -0.0025805566
-0.04260848 -0.019925427 -0.0026650873
-0.042686306 -0.019901445 -0.0027341372
-0.042631753 -0.019866329 -0.0028005708
-0.042660244 -0.019855183 -0.002871605
-0.04285694 -0.019818818 -0.0029473517
-0.04304065 -0.01978372 -0.0030085354