-0.0000458411 -0.01987073 0.0007360521
0.0004497162 0.0010456386 -0.007075881
0.0010436856 0.002182664 0.003940635
-0.0002906377 0.001204424 -0.006308865
-0.0030791648 -0.0007968991 -0.015400688
-0.0055976817 -0.0026896964 -0.018126195
-0.0004239879 0.0002572397 0.0005139231
-0.0000170424 0.0054833265 -0.0059280777
-0.0002746536 0.000659959 0.0069195656
-0.0000921082 0.000329365 0.0074995374
-0.0005028649 0.0008227384 0.019005567
0.0008051323 0.0007569956 0.0013912945
-0.0000561164 0.0003961982 0.002673428
-0.0004514028 0.0008487722 0.01001306
-0.0001569548 0.0005366817 -0.0023565744
-0.0011184842 0.0007756753 0.0004459664
0.010097848 -0.0058667627 0.014721689
-0.0008208343 0.0001572498 0.0040688002
-0.0004052707 0.001066335 0.005765504
-0.0006812968 0.0004359715 0.0047979546
-0.000249277 0.0004892607 -0.0019813222
-0.0004639856 0.0000975871 0.0067121973
-0.0004356268 0.0005320257 -0.003820946
0.0006916064 0.0009453653 0.007009194
-0.000552077 0.0000228255 -0.0006149043
-0.000930738 0.00086479 0.005813078
0.0005459484 0.0008156467 -0.0062297457
-0.0005182297 0.0001202022 0.006638039
0.0003109888 0.0000010595 -0.013385564
-0.0022695793 -0.0010326791 -0.005914976
-0.004427125 -0.002491645 -0.0042525507
-0.0004609546 0.0007029584 0.0024703932
-0.0023389352 0.0054438203 0.009274386
0.0003078753 0.0014652674 0.0028095692
0.0019702024 0.0016288047 0.005960089
-0.0004359219 0.0009938775 0.0012419967
0.0000520603 0.0004498139 0.0030100732
0.0007382743 0.000551165 -0.0012354694
-0.0005954638 0.0003893413 0.0056040757
-0.0008505849 0.0015286525 0.000829175
0.0009812302 0.0005792225 0.004216382
0.0124408435 -0.0056293225 -0.049959373
0.0012069299 0.0022057053 -0.02566204
-0.0022805082 0.00218906 -0.027737617
-0.0021634125 0.0022511822 -0.030120466
-0.0017475337 0.0027139443 -0.017127171
-0.0009306914 0.002378414 -0.016525052
-0.0004832112 0.000980354 -0.025300194
-0.0017247135 0.0013639326 -0.019841809
-0.0014437108 0.002157507 -0.023779284
0.0002749454 0.0011721221 -0.010094554
-0.0002526113 0.0012314741 -0.0075900415
0.0016527617 0.03342968 -0.32413593
-0.0013267564 0.003625349 -0.006420959
0.0002825437 0.0029204595 0.0042324103
0.0006954601 0.0001478504 -0.0011243597
-0.0010419961 0.0014425704 -0.035758596
-0.013583061 -0.009227519 -0.05442363
-0.002188747 -0.0010944764 -0.0389399
-0.0004205928 0.0044099526 -0.0069455416
0.0007571871 0.0011599454 -0.014038799
-0.0002584032 0.0020270043 -0.037283335
-0.0007952255 -0.0008417515 -0.019078687
0.0004964924 0.0021310546 -0.022013128
0.0006171383 -0.0007093026 -0.016972857
-0.003721829 0.003109382 -0.013201718
-0.0023325798 0.0007597945 -0.012376187
-0.0001064235 0.0001323289 -0.021090051
-0.0037644566 0.0034601826 -0.0066917585
0.006644129 -0.0023477837 -0.013304534
-0.0003441254 0.016697582 -0.04231231
-0.0001134563 0.02182796 -0.07355869
0.0017759621 0.001236291 -0.031740524
0.0019974778 0.0012681129 -0.023391422
-0.0005187894 0.002317275 -0.02818349
0.002128686 0.0008190622 -0.024986695
-0.0013178367 0.0015631035 -0.028322404
0.0011457235 0.004643015 -0.026365902
-0.0040401365 0.018398777 0.17813066
-0.0023017887 0.001054661 0.4588267
0.0006618233 -0.0017913934 0.4666419
-0.0032213032 -0.001253127 0.4664584
0.0013089308 0.0023163802 0.012510365
0.0003643192 0.005671339 0.003107321
0.000319639 0.0035523945 0.001341157
0.0007270331 0.0021771677 0.010580761
0.0001002435 0.0019027774 0.038990755
-0.005116371 -0.002395322 0.03794998
0.00137398 0.0005667543 0.021576349
-0.0017570145 0.0016142618 0.022280585
-0.0036329236 0.002982943 0.017658448
0.0014317775 0.013947857 0.0173846
-0.0009671403 0.0012016841 0.00443777
-0.004196438 0.0033437342 0.026489973
0.001984133 0.0015383062 0.013550842
0.000852599 0.0058463523 -0.10199501
0.001241592 0.0024481243 -0.035945766
-0.0027646846 0.0002241198 -0.036674336
0.003456141 -0.004013666 -0.03261173
0.0075807176 0.0064250557 -0.01775069
-0.0004456236 0.0007308323 -0.02391846
0.0009194735 0.0021423798 -0.028357461
-0.010190589 0.0086982595 -0.039634854
0.000773191 0.002237385 -0.014665844
0.0009201194 0.0015379962 -0.0071553625
0.0008313083 0.0009085768 -0.017700242
0.0010535411 0.0001356528 -0.018149849
-0.0002584342 0.0009348309 -0.0065960614
0.0004416626 -0.0002220167 -0.01950446
-0.007729246 -0.004177033 -0.008481188
-0.005024732 0.016955653 -0.050208323
0.0003478106 0.0017936382 -0.024185762
-0.0023817818 0.0031519658 -0.022798767
0.0001686872 0.011202393 -0.00872654
-0.0004476934 0.0015482502 -0.007461843
-0.0001552885 0.019699702 -0.034191765
0.0003284348 0.0020463453 -0.02818365
-0.0042549884 0.0008733027 -0.01841567
0.001181425 0.0035225085 -0.011108738
-0.0012319364 0.0030686406 -0.013253565
0.0005221596 0.009090517 -0.08050458
0.00984572 -0.0034952313 -0.03186921
0.0011061393 0.0018285874 -0.06469105
0.0001324969 -0.000323018 -0.036907226
0.0030302138 0.0134297535 -0.10846343
0.0007734246 0.033416487 -0.028658643
0.0003635847 0.008868584 -0.089432985
0.0028459055 -0.024180636 -0.43414307
0.0001897575 -0.0032566753 -0.44240108
0.0010683314 -0.0050534634 -0.48721895
-0.0029143544 0.0019842277 -0.4713365
0.0023877653 0.0059323697 -0.16952161
-0.001723875 0.007919954 0.0009171442
-0.0011989573 0.001130096 0.013633293
0.0029151114 0.003494963 -0.0029489633
0.0019116637 0.002200355 -0.01177372
0.0001438696 0.0017009244 -0.027602503
-0.0010569562 0.0018197339 -0.027326703
-0.002697327 0.0038044308 -0.04812693
0.0000455082 0.003245722 -0.018471953
0.0004380129 0.002467983 -0.010215485
0.0017439106 0.010557929 -0.0088584665
-0.0011832679 0.0008373153 -0.0040927595
-0.0012985205 -0.0000412993 -0.0042040152
0.0000809277 0.0003480947 -0.009362863
0.0001678103 0.0018577784 -0.027456205
-0.011853386 0.0007419997 -0.0017478016
-0.0003257657 0.0013671478 -0.001645851
-0.0019383829 0.0019329112 0.0014947597
0.0019864473 0.0018809827 -0.0057245903
-0.0013060531 0.0012367809 -0.007030052
-0.0014216937 0.0024311182 0.0005794578
-0.0047256523 0.0021681483 -0.0069112345
-0.003614915 -0.0007747057 0.006611173
-0.0014689032 0.005006137 0.018103058
-0.0023368772 0.012405978 0.0019902505
-0.0020022886 0.0029905015 -0.006612065
-0.0002145649 0.0003771778 -0.0004348533
0.002472662 -0.0026153906 0.006802512
0.001228403 0.000907298 -0.001719033
-0.0030054527 0.0033927702 -0.0009683261
-0.002817157 0.0013690398 0.0003881097
-0.0011720397 -0.0011301026 -0.009939854
0.0006699475 0.0031738556 -0.0030605022
-0.0004302918 0.0016881712 -0.009118188
-0.0016421892 0.0004860117 0.0017980824
-0.006314634 0.0030770067 -0.0002145301
-0.0033341036 0.000211667 -0.0018531475
-0.0017196815 0.0032956887 -0.0030466549
-0.002044956 0.0025849866 -0.0061293677
-0.0005887074 0.0000727819 0.0038119126
0.0011476427 0.001996227 0.00169989
-0.0035033175 -0.0004044363 0.026335273
-0.0028274595 0.0024414372 0.017399913
-0.0039974977 -0.0000674068 0.011963865
-0.0032370477 0.0044895876 0.008688459
-0.0009373271 0.0005367486 0.0028048554
-0.0073736906 -0.0002456718 0.0030514682
-0.0020159213 0.0070037073 -0.007042767
0.0019538756 0.03170926 0.03063767
-0.0011934622 0.0018409934 0.0490436
-0.008130191 0.0055810856 0.038931552
0.0009652316 0.0027043573 0.05008362
0.0024059399 0.004241968 0.036100186
-0.0017846944 0.010825196 0.010470283
0.0014147173 0.0012875278 0.0008312981
0.0017288204 0.0014939458 0.009253254
-0.0017829177 0.0036339823 -0.005980786
-0.010603292 -0.0062175365 0.025918579
-0.0000100335 0.0033590663 0.021294674
0.0015373721 -0.000242007 0.00896663
0.0006149105 0.01644921 0.047456466
0.0015926713 0.001458793 0.043888967
-0.0010938661 0.0013844374 0.03595273
-0.001923671 0.0032172925 0.029926505
-0.0014085956 0.0019942285 0.02693133
-0.0005222925 0.0045171864 0.03200454
-0.0023940862 -0.0003107792 0.020159755
-0.0014126673 0.020411717 0.0795213
0.0011590142 0.0015882995 0.04614707
-0.002373775 0.0029806527 0.0449659
0.010424743 -0.003376394 0.032738075
-0.000112045 0.0022643663 0.032479808
-0.0019663922 -0.0003370403 0.029712731
0.0009539414 0.001968536 0.020809587
0.0007509101 0.016207749 0.043156758
-0.0007041139 0.0000703208 0.016680773
-0.006372479 0.004488662 0.036771722
0.0025592723 0.0074459687 0.023309125
-0.0012323266 -0.016330052 0.06256429
-0.0046436936 0.00159673 0.028677156
-0.0015902699 0.0008664457 0.013478535
-0.0010782197 0.0005902826 0.029675808
-0.0019449759 0.0023497986 0.014665874
-0.0030780297 0.035306435 0.099132985
0.0005932713 0.027438277 0.07223634
-0.0024319089 -0.0038740218 0.42129126
-0.0006897814 -0.0029225403 0.43796316
-0.0025964507 -0.0021352177 0.45794564
-0.0026540016 -0.0015561683 0.48651758
-0.0030383961 -0.0009840004 0.466098
-0.0028428955 0.0003076248 0.4392469
-0.0017569866 0.0000537682 0.41151363
0.0013378679 0.007919766 0.015905412
-0.002184824 0.0044332803 -0.0055497307
-0.004557424 0.000057273 0.011755997
-0.0012690334 0.00255314 0.0005657153
-0.0036269524 0.0011627423 0.011149701
-0.0025292612 0.0028527884 0.045509476
-0.005135773 0.0003708196 0.037851598
0.0007004539 0.0027232547 0.05933564
-0.000197227 0.011431491 0.01680779
0.0002251386 0.0007493376 0.013053836
0.00308659 0.0035161686 0.009477434
-0.005033073 0.0052726604 0.009896825
0.0065490343 -0.0004704945 0.026685575
-0.0069767893 0.004805918 -0.0055332542
-0.0010745022 0.0004937643 0.019899655
0.00912828 -0.005070839 0.02386719
0.0004922178 0.0013693994 -0.0016707045
-0.006017272 0.0019856715 0.016453423
-0.0000601067 0.011343425 0.0014352964
0.0003339745 0.0004182039 0.0028292767
-0.010858409 -0.0031817735 -0.0070301183
-0.0050462186 0.0002801007 0.007190971
0.0009850494 0.0020150212 0.0056760386
-0.002018097 0.0024068933 0.00554524
0.0004138646 0.003394585 -0.0022584002
-0.00428821 0.004072662 0.020270787
-0.0006277844 0.00518619 -0.08362665
0.0000704203 0.0076792613 -0.02490294
-0.005581352 0.000528896 -0.009178867
-0.0046239896 0.0042389715 -0.03621157
0.0010580386 0.0047750073 -0.03092666
0.0006044307 0.0025345278 -0.023545682
0.0027603712 0.004187923 -0.035414953
-0.0065871985 -0.0032045594 -0.01881597
0.008372965 0.005097364 -0.09254332
0.0014594967 0.0029552146 -0.05780085
0.0010480939 0.02658302 -0.086901836
-0.0003969405 0.031438857 -0.070926234
-0.0001491165 0.05570783 -0.14273565
-0.0010178767 -0.02075082 0.42331395
-0.0021336577 -0.0008565746 0.4433697
0.0030143515 0.0014109465 0.46406955
-0.0050589656 0.0012478064 0.47317252
-0.0000433117 -0.0021915336 0.4323879
-0.0015035012 -0.0002904501 0.42656922
-0.00407291 0.0006872678 0.42142177
0.0009599969 0.0016486289 0.448344
0.0004047044 0.0034040373 0.47543225
-0.005478963 0.0065468615 0.29710233
-0.0030429396 0.007849604 0.029246027
0.004356104 0.0023160793 0.012785924
0.0012739762 0.0028863472 0.0010831765
-0.004079454 0.023460634 0.005043357
-0.009908209 0.0047580013 0.010758024
-0.002131896 -0.0002808789 0.012726043
-0.0007379122 0.0033047453 0.028232545
-0.0033849538 0.018164795 0.012648918
0.0003040871 0.017184114 0.0074169068
-0.0012719149 0.0023207932 0.008892286
-0.0006426879 0.0018350536 0.015090356
0.0009981466 0.0004389112 0.011799164
-0.0002142811 0.0028058249 0.0034847087
-0.0064876094 0.0054185893 0.015827509
-0.008482503 -0.002218029 -0.0015766087
0.0003097203 0.0022087563 0.007510691
-0.0024993545 0.0026524412 -0.0001794904
0.0013386215 0.0020275053 -0.00002993
0.0018598449 0.0015738256 0.0035771623
-0.002176994 0.0023726462 0.006378754
0.009880184 -0.005664909 0.011248713
0.0018203042 0.019029498 -0.04053833
-0.007849745 0.004015767 -0.04087404
0.001791548 0.0057550473 -0.04796689
-0.00443054 0.0026445477 -0.03092306
-0.0028042037 0.003935962 -0.026381347
0.000448597 0.015197521 -0.0074604126
-0.004760579 -0.0000954094 -0.0083546555
-0.0027520715 0.002004846 -0.03933931
-0.002257315 0.0016635607 -0.021266421
0.0005719966 0.0018792369 -0.0049099373
-0.005316096 0.0060654124 -0.018617315
0.0017461503 0.0027773904 -0.01699976
-0.011077357 -0.005010745 -0.037525203
0.001668136 0.019579383 -0.051194258
0.0030159277 0.021092838 -0.04110428
-0.003760405 -0.0007041767 -0.033429705
0.0028903678 0.004631498 -0.02932179
-0.001993452 -0.00029413 -0.016152868
0.011647421 -0.0015665209 -0.040488765
0.005432341 0.008341081 -0.02401687
-0.0058852127 0.012544212 -0.026777605
-0.0059625367 0.014167516 -0.044557296
-0.0005579963 0.000098832 -0.0751905
0.0024582646 0.0025041811 -0.059870757
-0.0021028272 0.013685402 -0.032139678
-0.000005805 0.002702545 -0.01584992
0.0009729028 0.016354414 -0.07515428
0.0033240628 0.0011733361 -0.048684347
-0.0003765469 0.0008187286 -0.05168464
-0.0046626544 0.00432899 -0.047455154
0.0009502711 0.0017312946 -0.035631597
0.0002651884 0.016884333 -0.038844254
-0.013391492 -0.007816331 -0.032217197
0.0004680165 0.02278749 -0.049875956
0.0005959656 0.002803341 -0.043144412
-0.0018520806 0.003942667 -0.02134611
0.003564876 -0.0016185282 -0.0521451
-0.0009597826 -0.0006390247 -0.036587164
-0.000684578 0.016464604 -0.053828113
-0.0008364326 0.045976825 -0.08195489
0.0020385855 -0.02985928 -0.44879264
-0.0025925576 -0.0010987739 -0.43481535
-0.0025370172 -0.0037122492 -0.46495953
-0.003028908 0.022744942 -0.44140443
0.0057911044 0.0009459302 -0.46787363
0.002781586 0.0007417482 -0.48120752
0.0026575509 0.0017525135 -0.47860733
0.0014130056 0.0040438487 -0.48515597
-0.0010868994 0.0015356294 -0.45768246
0.0017641907 0.0012532995 -0.48157096
0.000923596 0.003850075 -0.4839982
-0.0006446464 -0.0018715464 -0.47421923
0.0007774768 0.0011077787 -0.43254772
-0.0034431654 -0.0021122932 -0.46221668
-0.0007345529 0.0026744262 -0.45821443
-0.0013965538 0.0043614525 -0.45690852
0.005196112 0.0066320896 -0.47614217
-0.0012594351 0.0022175214 -0.41513667
-0.0009963287 0.00690056 0.005479727
0.0001269232 0.0038967603 0.021899393
-0.0014478369 0.0045739687 -0.0000275481
-0.009006656 -0.0004565279 0.009304032
-0.0015150666 -0.0016511858 -0.05762018
0.0025578593 0.0023671985 -0.04784305
-0.0020440347 -0.0016211707 -0.035971098
-0.0010654216 0.0024986083 -0.041791655
0.0008048916 0.0094264615 -0.021204289
-0.0033041518 0.0008797873 -0.018881653
-0.0031939063 0.0023289365 -0.031432755
-0.0029626084 0.0026114713 -0.019663226
-0.0005803556 0.0028470806 -0.030248383
0.0022267834 0.0002559636 -0.021837607
-0.0027918066 0.0033478313 -0.00374145
0.0019313755 0.0016020039 -0.0066879704
-0.0000843362 0.0009478532 -0.0018902983
-0.00031762 0.0007091141 -0.008200836
-0.0004202907 0.001133673 -0.0068908744
-0.0000933638 0.0015000546 -0.010473908
-0.002605571 -0.0029671255 0.009538086
-0.0001978377 0.0007253712 -0.008783607
-0.0003303991 0.0020119785 0.002891922
0.0003483614 0.0015902407 -0.0076188995
-0.0000328257 0.0015381563 0.011096375
0.0066069365 -0.002826326 0.0010441511
-0.0009762251 0.00237147 -0.005634992
-0.003483658 0.0035548122 -0.0018028502
0.0030665875 0.0027636497 -0.004006176
-0.0020802703 0.0007017594 -0.004333
-0.001163894 -0.0002491996 0.012981312
0.0013168934 -0.0002905707 0.035281427
0.0019172933 -0.0004188539 0.019013166
0.0027214945 -0.0005511947 -0.011289028
-0.0070141577 -0.0058206096 -0.018757068
-0.0034252275 0.0012854456 -0.0055965586
0.0016574751 0.0014004366 -0.002789456
-0.0006966723 0.0021410873 -0.0018575962
-0.0021460983 0.0016113138 0.004350248
-0.003541623 0.011339227 0.0062017404
0.0009120459 0.001758006 0.005260422
-0.0037963968 0.0043469286 -0.014076019
-0.002013785 0.0031405494 -0.0022797915
-0.0003181485 0.001181827 -0.009535571
-0.0006531205 0.001849742 0.0030980215
-0.0019105943 0.0020220855 -0.007709656
-0.0027072544 0.0012711897 0.0169882
0.0006515345 0.0016384218 -0.0029356608
-0.0035679084 0.0003025831 0.0062701656
0.0005801949 0.0038095464 0.0031261076
0.0010423964 0.0016958102 0.012086478
0.0003551204 0.0005872264 0.011583644
0.0003675686 0.0012579942 0.00436573
-0.0038294091 0.0030424907 0.017310906
0.0015374791 0.0010990913 0.012025346
-0.0021326474 0.0007749631 0.00609494
0.0003816791 -0.0021850746 0.015799288
0.0000243299 0.0018319113 0.012327796
0.0009329993 0.000040942 0.011456373
0.0007251842 0.0027027638 0.0046938383
-0.000400706 0.0030714143 0.0011088367
-0.0013269547 0.003247539 0.0015690869
-0.0018367354 0.0024415236 -0.005878344
-0.0044316347 -0.002038689 -0.0023118353
-0.0015670722 0.0024719909 0.0000406764
-0.011011771 -0.01025332 -0.006854697
-0.000202965 0.020722153 0.023361605
-0.002144451 0.0007677636 0.02798604
-0.0014467174 0.0018124275 0.032495916
-0.0033806642 0.012806272 0.05961116
-0.002029217 0.023086313 0.10294907
0.0002658323 0.0012517776 0.01020173
-0.0028197106 0.032688294 0.0815692
-0.0004616642 0.026465127 0.103121914
0.0002988357 0.021165255 0.12190477
-0.0023599602 0.054240905 0.09532327
0.0003980734 -0.011786465 0.43222475
-0.0040334994 -0.001063213 0.4489523
-0.0034055547 -0.0016590336 0.47873187
-0.0003721308 0.0001204754 0.46306387
0.000001694 -0.0002964826 0.4400874
-0.0028755171 -0.0025465658 0.43453565
-0.0008235409 0.0023495145 0.4620816
-0.0001935031 0.0017658344 0.47378287
-0.0009118702 0.0005835198 0.47626406
-0.0037833303 0.0015479894 0.4734141
-0.0019461643 0.0023825415 0.43769494
0.0008868419 0.007279484 0.0026860065
-0.008350322 0.0052218493 0.006480691
-0.0008840695 0.005896443 -0.003491959
0.0018626724 0.0033280062 0.0024739963
-0.0022871646 0.0011462995 0.013232537
-0.0008079932 0.002323969 0.034090515
-0.003371223 0.0006437864 0.025097493
0.0022662655 0.0036149584 0.046558168
-0.003925059 0.013335032 0.031760544
-0.0012294507 0.0025393844 0.0261381
0.0002865434 0.0022606733 0.025494307
-0.010488959 -0.008288703 0.020604916
0.0012444211 0.0028609985 0.018781489
0.002581815 0.001393852 0.008475691
0.0034472968 0.00219975 0.013099024
0.000461025 0.0035692372 -0.0002612374
-0.0034016173 0.0014514893 0.0029885862
0.0010524902 -0.0003210514 0.010844985
-0.000770146 0.005227507 0.013612414
-0.0018419508 0.002090749 0.020015504
-0.0063138246 0.0048819734 0.004090878
-0.0030812663 0.0022731565 0.01077841
0.0001046067 0.0009581678 0.0000680679
-0.0018131472 -0.0011381366 0.0052296813
-0.0017986894 0.0011439738 0.008079079
-0.0010771154 0.014755318 0.008243332
-0.0013295845 0.0016040556 0.010696399
-0.004163475 0.009064639 -0.004869081
-0.0007030632 0.004444788 0.008048757
-0.0006925114 0.0016293123 -0.005282184
-0.0028677979 0.002775527 -0.021066101
-0.000181853 0.001580674 -0.02125405
0.0049539735 0.0026174993 -0.014761333
0.002992622 0.0024589044 -0.012544823
0.0004603862 -0.0016192284 -0.00728184
-0.0013246528 0.0001619195 0.0025201992
-0.000699336 0.0007045622 -0.000061651
-0.0022265993 0.0139336195 -0.03048641
-0.0004350225 0.0013285168 -0.027255911
0.0021550178 0.0005251939 -0.02326521
-0.0019195182 0.0016077636 -0.029527288
-0.008766568 -0.008085253 -0.03581204
-0.0001479463 0.0017560043 -0.00418998
0.0001106916 0.0017853692 -0.02303891
-0.0002353908 0.0025884178 -0.003106744
-0.0011202071 0.012717573 -0.00923806
-0.003303264 0.0002961964 -0.013076521
-0.0021994344 0.0027877623 -0.009973364
-0.0037358988 0.0025475768 -0.013284557
-0.0012547546 0.0033484516 0.020155761
0.0034671426 0.0001093312 0.0042011268
0.0021792245 0.0021134147 -0.011700751
0.0015651428 0.0033870419 0.0006904593
-0.0030786158 0.0000330387 -0.0038102455
-0.0015248915 0.0037632491 0.0045336997
-0.0010315074 0.01106308 0.008728736
-0.004416782 -0.0008749749 -0.008374916
-0.0017312409 0.0049938126 0.0008502205
0.0011633735 0.0003103363 -0.0046140775
0.0000548277 0.018678343 -0.030657332
-0.002563076 0.0009852117 -0.045984715
-0.0000067824 -0.0010226292 -0.03981451
-0.0012698453 0.0012029366 -0.030428592
0.001101285 0.0017085511 -0.024614815
-0.0037451528 0.011480668 0.00924456
-0.006625235 0.0037221585 -0.015340348
0.0003632263 0.0012777242 -0.017304845
-0.0031217115 0.0037074252 -0.004965723
-0.0005379878 0.004804355 -0.01136379
0.0012909774 0.00114893 -0.0006526469
-0.005536964 0.003249935 -0.010915084
-0.004901202 -0.007342147 -0.013273237
-0.0021385413 0.004848659 -0.0001476338
-0.0006438889 0.001336731 -0.012519727
0.00174415 0.0034161366 0.0038833234
-0.005356544 0.0007018404 -0.003145845
0.0013249913 0.0033430345 0.006873851
-0.0008180629 0.000947436 0.0015869864
-0.0001525462 0.0007889677 -0.0043561948
0.0007066525 -0.0011637256 0.0038308762
-0.0003464098 0.0028066381 -0.00338593
0.000783046 0.0024453106 0.005299994
0.0025082657 0.010896365 0.007061226
-0.0052211424 0.005330407 0.005516893
0.0012132432 0.016091652 0.002513461
-0.0001184208 0.0022788416 -0.0028697322
0.003280719 0.0018331573 -0.016744886
-0.002647286 0.0022280817 -0.005270925
-0.001343522 0.0038707827 -0.0079484
-0.0003415546 0.016769284 -0.08351858
-0.0046518496 0.0025243324 -0.019752039
0.0000573542 0.001292737 -0.051507223
0.0000863159 0.0010120494 -0.0359037
-0.006448382 -0.0047354978 -0.044598915
0.0012319225 0.0019302747 -0.04385688
-0.0006654307 0.0016341318 -0.028235784
-0.0006265226 0.004261789 -0.036365326
-0.0028438098 0.0020107701 -0.025781577
0.0017482676 0.0030727808 -0.031999625
-0.0050191246 0.0029170113 -0.0028087783
0.0017161301 0.015524119 -0.009746867
-0.0044083027 -0.0022448406 -0.016617684
-0.003921501 0.0033699148 -0.010416834
0.0017483631 0.0012307091 -0.016542882
-0.0024477965 0.003476933 -0.02076622
0.0008951427 0.00314007 -0.009210581
0.0020276094 0.003430436 -0.018091973
-0.0009254984 0.0007702189 -0.008104638
-0.0000198058 0.0019218221 -0.016570205
0.0001740242 0.0008064836 0.007154742
0.0025017066 0.002298638 -0.017603299
-0.0013765825 0.0016580842 -0.015158966
-0.008323275 -0.0014957457 0.0056003886
-0.0030064038 0.0046161585 0.0034159864
-0.0024044495 0.010061043 -0.003872952
0.0015572608 0.000675261 -0.015181227
0.0014361118 0.0021047685 -0.023514466
-0.0027204095 0.0030309653 -0.008230451
-0.0038856156 0.007017403 0.009479123
-0.0029912621 0.021448128 -0.0041440898
-0.0024974328 0.0004223374 -0.012414217
-0.0005939134 0.002659733 -0.009007955
0.0019929593 0.0030177168 -0.0072133555
-0.0011570699 0.002294796 -0.0015598431
-0.0047417097 0.0037411458 -0.005342619
-0.0017115192 0.0013440589 -0.010908709
0.0025524602 0.0065431655 0.002544655
0.0009363587 0.0010633211 -0.004276812
-0.0032868725 0.0015398463 -0.004572275
-0.0016882584 0.0000398427 -0.0030244056
-0.0022769184 0.0021343094 -0.013512296
-0.0027389785 0.0026150688 -0.0016372182
-0.0004213899 0.013549035 -0.024355052
-0.0051779756 0.0035914395 -0.02611548
-0.0028293573 0.0016914511 -0.018802565
0.0015392826 0.0032202122 -0.025591979
0.0003276184 0.003446785 0.0002706953
0.006309529 0.0107861515 -0.013068709
0.0035554138 0.010106158 -0.123811565
-0.0023551218 0.004218705 -0.03953825
0.0010491109 0.0016915658 -0.035037022
-0.0010948324 0.002450858 -0.02841433
-0.0003972001 0.012206259 -0.019915398
-0.0010306196 0.0002964553 -0.0047384975
0.008507473 -0.0034991938 -0.020643428
-0.000302596 0.0014717864 -0.026958477
0.0005810628 -0.000668801 -0.02138595
0.0000324971 0.0004091867 -0.014272605
-0.004248689 0.0001174547 -0.02574687
-0.005749176 -0.0010710392 -0.020725003
-0.0000798642 0.000515499 -0.012313722
-0.0003614842 0.0008688024 -0.005457665
0.0013052179 0.0016657917 -0.009741631
-0.002883245 0.023001561 -0.038555626
-0.0007249028 0.0017680802 -0.03786791
-0.0007430066 0.009912029 -0.030714389
-0.003114067 0.0121636065 -0.08969337
-0.0011710121 0.0047135977 -0.019431483
-0.010739996 -0.005835495 -0.028125975
0.0005848326 0.0021307557 -0.032327875
-0.0026859357 0.003215183 -0.016082354
0.0005629782 0.0015821953 -0.025177002
0.009127134 0.0002388152 -0.03447575
-0.0005180549 0.029350653 -0.018709868
0.0112429615 -0.023292357 -0.44233313
-0.00217028 -0.0024173718 -0.47357163
0.0005054355 -0.0021564933 -0.46388727
-0.0010965554 0.0011315121 -0.48016754
0.0015170265 0.0023041544 -0.21949954
-0.0002211546 0.008517386 0.0015652757
-0.0002625787 0.005529346 0.014049348
-0.0001098445 0.0019710907 0.003619987
0.0005287853 0.0000330175 -0.016328843
0.000581312 0.0017345404 -0.034616657
-0.0002300124 0.000598082 -0.042395793
-0.000877523 0.018734414 -0.018507974
-0.013342282 -0.0049144295 -0.048912156
0.0001484266 0.0000594588 -0.013012305
-0.0037999519 0.004251357 -0.011069347
-0.0007407945 0.010128002 -0.0004657209
0.0007142395 -0.0001085785 -0.011096793
-0.0005333835 0.0010789761 -0.0066135647
0.0001910424 0.0016228234 -0.0068764775
0.0010830766 0.0011358303 -0.0044881357
-0.001812144 0.0023928953 0.012170441
0.001132378 0.0005364491 -0.0011282694
0.0003098099 0.0000540507 -0.007767235
-0.0119091105 0.007541568 -0.0010551597
0.0027448847 -0.00204205 -0.0039285854
0.0006380926 0.002234004 -0.00640916
0.0003493656 0.0011633027 -0.0057704733
-0.004278378 0.0049185976 0.0022053793
-0.0000759025 0.0011982712 -0.0030280787
0.0022517047 0.0006494231 -0.016257213
-0.0013666848 0.0021183682 0.0001027197
0.0009565554 -0.0002836468 -0.0012164802
-0.0020257388 0.0012463423 -0.0043561966
-0.0002518287 0.0011287617 -0.0017468963
-0.0001707807 0.002206526 0.014033739
-0.0010844294 0.0011308154 -0.006370542
-0.002107589 0.018840417 -0.0014004614
0.0014198383 0.0007872308 0.0022978089
-0.012473721 -0.0064739548 -0.015793443
-0.0007394652 0.0017446319 0.013905257
-0.0027100719 0.0016489227 -0.011335796
-0.0019767159 0.0033944263 -0.006823142
0.000135775 0.0007173093 -0.0025468166
-0.0005327263 0.0013879128 -0.012887728
0.0002732695 0.0015952166 -0.018434588
-0.0005107712 0.0016010208 0.0046739215
0.002748955 0.0007469183 -0.024893522
0.0003037706 0.006883134 0.020781407
-0.0026934005 0.0029263601 0.015218882
-0.0063925413 0.0050906176 0.003155935
0.0042531923 0.0010613934 0.009525595
0.0002779301 0.0006200297 0.010301824
0.0001066198 0.0014696114 0.0014742437
-0.0008950055 0.003192788 0.0064525516
-0.0014282074 0.0011837609 0.007976769
0.0009309535 0.01467866 0.03956966
-0.0005945646 0.0024915033 0.019461801
0.0001166393 0.0006695471 0.02823397
-0.002898679 0.0042904033 0.026004473
-0.0003077367 0.0010345846 0.029272785
0.0006090892 -0.0000398148 0.0141503215
-0.0023063724 0.0065818364 0.021185493
-0.0018186842 0.0007625071 0.017113715
-0.0022692664 0.0016642541 -0.0076021613
-0.0076613985 -0.0066402727 0.0054064137
0.0005596165 0.0007506277 0.0002010949
-0.0002294531 0.000722429 0.0102945985
-0.0003713651 0.014218663 -0.006881042
-0.0009071501 0.0008359613 0.00492609
-0.0003132151 0.0009975542 0.004043761
0.0000319102 0.0004014865 -0.005631268
-0.0000185928 0.0016696164 0.050572813
-0.0006059154 0.0016652762 0.040625297
-0.0023971547 0.0013562929 0.025189286
-0.0028676738 0.002133244 0.021093734
-0.0009713511 0.0010323112 0.045309655
0.002169591 -0.0001193194 0.000894554
-0.0016712649 0.0020132288 0.021131035
0.0008169772 0.0011181631 0.008162434
0.0008360046 0.0014633199 0.0062707826
0.0005284176 0.0028330204 0.02137869
-0.0016841438 0.0023276915 0.004604837
0.0008583589 0.0012636498 -0.0024917643
-0.0012099677 0.0002762545 0.0048537673
-0.0020242822 0.0008054135 0.016987836
-0.0023346362 0.002648032 -0.0030314322
0.0006170741 0.0010735311 0.008705078
-0.0029524383 0.008732631 0.013348512
0.008637215 0.007831012 -0.0007607773
-0.0036320083 0.0002350208 0.022830928
-0.002375692 0.0015567107 0.006905193
-0.0002679561 0.0007374764 0.006670086
-0.0020121185 0.00619449 -0.009953678
-0.0006418308 0.0013691466 -0.004785166
0.0000406267 0.0023066816 -0.017430093
-0.0013986534 0.0007354409 0.0006998986
0.000347942 0.0020210445 -0.0008513508
0.0005995753 0.0009928595 0.0036396272
-0.0020581074 0.002316945 -0.008969424
-0.0008165619 0.0015672132 0.023943938
0.007836648 -0.0066369707 0.0053987964
-0.00103761 0.0001010151 -0.008822998
-0.0011330679 0.0004639669 0.003945502
0.000698834 0.0018587264 -0.0006625499
-0.0006522922 0.0002241038 -0.009487708
-0.0004029139 0.0008767449 0.005757982
-0.0070634456 0.004523519 0.004138126
-0.001411732 0.0016359398 -0.002108862
-0.0036578304 0.0030382054 -0.012908111
0.0008392852 0.0002874232 -0.0015922409
0.0012528822 0.0004208457 0.0018882711
-0.0008878622 0.0000002951 -0.007864242
-0.0000714332 0.015120819 -0.007318194
-0.0053175925 0.01097647 0.023499686
-0.0002697847 0.0037890722 0.074458815
-0.0007047282 0.00412084 0.33848992
-0.0004348598 0.0001063096 0.45857596
-0.0020499635 -0.0019296076 0.45040575
-0.0037256568 0.0036770075 0.4847772
-0.0018195054 0.0024847365 0.44604436
-0.0014632272 0.0014801063 0.43922988
-0.0034719512 -0.0005895571 0.4407688
-0.006765877 0.0002657134 0.3584981
-0.0031339992 -0.0023699503 0.008924868
-0.0013224555 0.0074201226 0.010389132
-0.001982261 0.008738561 -0.000758074
0.0007436431 0.0020998914 0.001692002
0.0019953665 0.0018534551 0.037825763
0.0023565353 0.0015399462 0.03918602
-0.0048519033 0.0013237825 0.025142368
0.0020307598 0.000896759 0.01854069
-0.0032952304 0.0013738313 0.029428685
-0.010247176 -0.0044741677 0.022902213
-0.000839108 0.0020386311 0.01700596
-0.0015809877 0.00509815 0.025985006
-0.0017948964 0.0032135267 0.023034839
0.0009114632 0.0009321297 0.022358641
-0.003172905 0.010163973 0.0016428626
-0.0029797251 0.0011569613 0.01520554
0.0015706342 0.004391579 0.015150977
0.0010347317 0.0027927528 0.026396707
-0.0000117841 -0.0003000614 0.005666302
-0.0003595261 0.002114582 0.020075116
0.0016428934 -0.0010743281 0.014960754
0.0058401534 -0.0031552475 0.03283144
0.0007563342 0.0022377619 -0.003093407
0.0002487839 0.003688362 0.0005841852
-0.0016395568 0.0021227666 0.0050806226
-0.001374757 0.009148301 -0.0004837114
-0.0017581774 0.002501691 0.009853298
0.0010659602 0.0012991994 -0.0006570302
-0.0001138711 0.0018462064 0.012103142
-0.0021758666 0.0042152763 0.008825783
0.0004149536 0.0009753869 0.015614864
0.0006790748 0.0028994065 0.010218114
-0.0031179953 0.002052702 0.0022679244
0.001762135 0.0008730267 -0.00927688
-0.0009453824 0.0006397728 0.02220666
-0.0002220039 0.0001886463 -0.0015455838
0.0005162258 0.0032775558 0.013204168
0.0010831036 0.0008245438 0.0007172154
0.00237639 0.011014314 -0.0037643262
-0.0048143105 0.00395951 0.019048596
-0.0014271324 0.0033910163 0.012523724
0.0016476994 0.0020103888 0.001883257
-0.00499406 -0.0021391355 -0.014264839
-0.0029906833 -0.0004590238 0.0045556966
-0.0028579463 0.00485433 0.004711566
-0.001449279 0.0030760106 -0.013092516
0.0000600513 0.0007014509 -0.0038792077
0.0033731707 0.0013613425 0.0047789216
0.0001281338 0.0035876199 -0.0017714739
-0.0004939811 0.00536568 -0.0035562452
-0.002493124 0.0032244164 -0.0032356768
-0.0002682706 0.010060685 0.014919786
-0.004582379 0.002241353 0.008681905
0.0031506836 0.0007980822 -0.0043655755
0.012304091 -0.0032892234 -0.072251596
-0.0030245627 0.018691415 -0.02271939
-0.0056727 0.0035655883 -0.03694277
0.0018707303 0.0030832537 -0.020585284
-0.003688333 0.014301625 -0.010832207
-0.0010018799 0.002768387 -0.004676938
0.0009850871 -0.012897114 -0.062148057
-0.0002056557 0.0008226266 -0.02654164
-0.0028489893 0.021120036 -0.09635567
0.0026541695 0.0035664483 -0.013618199
-0.0021945217 0.029731194 -0.0888087
0.0001726825 0.014338 -0.08508499
0.0014024342 0.037689947 -0.10150552
-0.0005104706 -0.0057919733 -0.42233905
0.0044393344 -0.003850468 -0.45934916
0.009913996 0.0037351996 -0.48231584
0.016274378 0.0006179752 -0.45472756
0.013365425 0.004546531 -0.44229144
0.002393805 -0.0004253628 -0.4180321
0.0009431053 0.0007491182 -0.45985812
0.0007181266 0.0003292427 -0.47337356
-0.0022605509 0.003229177 -0.48926243
0.0007925335 0.00453497 -0.48443642
-0.0010525829 0.000750682 -0.4534997
-0.0001829796 0.0008508062 -0.4275369
-0.0020329899 0.007962152 -0.031234866
-0.0012383299 0.007106143 0.0001574189
0.0006347451 0.0068030893 -0.0070727095
0.0020583733 0.0025629564 -0.010801005
-0.0000587219 0.0012741113 -0.034750506
0.0012752613 0.0004226069 -0.040269997
-0.0030510924 0.0014420671 -0.023116529
-0.0020489325 0.0019373756 -0.021561544
0.001169115 0.0022748802 -0.027204623
0.011278681 -0.013255079 0.00099761
-0.0055871643 -0.0019136971 -0.030507695
-0.0006357823 0.0027045417 -0.026892086
0.0002580354 0.0020502037 -0.029255133
-0.0038041652 0.004798147 -0.019513909
-0.0007101455 0.0007121243 -0.031129247
-0.0016797076 0.00218615 -0.024113534
-0.007472919 -0.0033143975 -0.02070826
-0.0017393244 0.0005850667 -0.023345647
-0.0027879472 0.0022212297 -0.016147178
0.0014744684 0.004594989 0.026108876
-0.00066912 0.0031874522 0.030068288
-0.0010531561 0.0028590295 0.014630035
0.0008469712 0.04047145 -0.01671134
-0.0012514492 0.0017849032 0.007623145
0.0000053865 0.0019020917 0.011877169
0.0005865825 0.002215739 0.02011061
-0.0040378813 0.0041016685 0.023459323
0.0023193331 -0.0030406187 0.020183492
-0.007910812 0.006341064 0.013325137
0.00098642 0.0029611946 0.018723821
0.0004992425 0.0034195562 -0.0037273958
-0.0019823764 0.0013246847 0.006608398
0.0028596695 0.0037526072 0.014966354
-0.0010427644 0.004374108 0.016620452
-0.0009160285 0.004109012 0.012276439
0.0018894167 0.0009833255 0.009157072
-0.0007567715 0.0023214936 0.0034896384
0.0030207352 0.0010641804 0.010458174
0.006906132 -0.0016905256 0.004423236
0.0008931508 0.009784348 0.032197777
0.001584392 0.0019166948 0.011758448
0.0017613962 -0.004477312 0.0046688365
0.0005882842 0.00990616 0.0056747403
-0.0036878616 0.01956575 0.05207289
0.0009596933 0.002825817 0.039772365
-0.008939181 -0.0033789538 0.027452853
-0.0005939383 0.0013639455 0.033598278
0.0015302055 0.001043258 0.02463497
-0.0016107566 0.0013977665 0.01286328
0.0006480779 0.0035220892 0.009742615
0.0006225476 0.0017597318 0.012438312
-0.00550524 0.0065652863 0.012576578
0.0000806701 0.0022316372 0.005956149
-0.0011933453 0.0019158609 0.005417572
0.0004153741 0.0015734294 0.010342224
-0.0002877481 0.019463297 0.034070022
-0.0014691025 0.0037067689 0.019635517
-0.0002905303 0.0023300021 0.019241543
-0.0012439042 0.0043798434 0.008187899
-0.0007315707 0.017845474 0.034440294
-0.0000885549 0.0024885517 0.037200235
-0.0044662813 0.011788471 0.007456479
-0.0012462146 -0.0003029839 -0.0041362196
-0.0020407208 0.0015040062 0.0028348332
-0.000128038 0.0017042555 -0.0065087564
0.0007621503 0.0013129478 -0.009665994
0.008796085 -0.0047363658 0.00294505
0.001198616 0.013727534 0.02589145
0.0005631112 -0.0000179377 0.043811314
-0.0006089766 0.0019538 0.013561785
-0.0017457254 0.000178123 -0.009552039
-0.004360988 0.003980362 -0.010191127
-0.011587032 -0.005933819 0.016032523
-0.009869428 0.005185171 0.022231935
-0.0025142774 0.0012361647 0.016209953
0.0003764799 -0.0009764137 0.006716533
0.0015284612 0.002251494 0.0066311746
0.0000479075 0.0023384155 0.012081665
0.0001166971 0.009512496 0.010405855
0.0002667046 0.0008856907 -0.006622956
-0.0020272792 0.0034552845 0.009652978
0.0035530597 0.019383233 0.04155262
-0.0006822363 0.0033915963 0.030575985
0.0033709195 0.0152819455 0.05858945
0.008435066 0.0016295325 0.034977596
-0.0034256596 0.003590855 0.025565147
0.0004290495 0.0020835912 0.035566658
-0.0000190536 -0.0096018 0.07325955
0.0002018011 0.012500456 0.074613646
-0.003965922 0.02288233 0.11390177
-0.0017327579 0.01869015 0.3814131
-0.0007830015 -0.004321662 0.44847813
-0.006042625 0.000433471 0.4732875
0.0000089941 -0.0009368506 0.48560986
-0.0013712149 0.003988317 0.09526406
0.0006731634 0.0046760864 -0.0064685075
0.0004449834 0.0024471248 -0.0013200907
0.0002794063 0.0016203935 0.0004618897
-0.0005823724 0.0011459775 -0.0046207216
0.0001021594 -0.0002663072 0.0022126832
-0.002225062 0.0006005891 0.01826557
0.0002131169 -0.0005901781 0.019246798
0.0002487231 -0.0003816967 0.0034953288
-0.0001722945 0.049951408 -0.0049805357
0.0000194429 0.022178102 0.0004625777
-0.0000083218 0.053710707 0.0033123866
0.000143328 0.045135126 -0.029447243
-0.0069234846 0.0003080241 0.004140728
0.0003083253 0.0001800645 0.0016199521
0.0002891971 0.00695955 -0.0022059497
-0.0001216604 -0.0012998353 -0.008514108
-0.0001511636 0.011812182 -0.0064799315
0.002037751 -0.0042536226 -0.0037431691
-0.008378738 0.018459551 0.012831059
-0.0045947833 0.02694779 -0.0037665428
0.0000267546 0.026238337 0.01298905
-0.004373831 0.0016153986 0.012850096
0.0019767822 0.0006553966 0.009841708
0.006481901 0.006097763 0.02065993
0.0009688827 -0.0035266902 -0.0039354907
0.0000146518 -0.0007647403 -0.005557011
-0.000421549 0.0130100865 -0.011341291
0.0000364109 -0.018949063 -0.0007750027
0.0002036877 -0.009530085 -0.011252621
0.0006505572 0.0025426487 -0.0032099937
-0.0004022027 -0.020912826 0.0053989394
-0.0029635348 0.0001320652 0.022318553
0.0001177825 -0.0059275394 0.0022154192
-0.0011132497 -0.02786898 0.0040425085
0.0000212234 -0.005316657 -0.015909275
-0.0003623996 -0.027287517 -0.004751996
-0.0054853675 0.0027016907 0.000151326
-0.013074535 -0.0020455073 0.028717082
-0.0005832342 0.0000542429 0.0018676918
0.0006635053 0.0006444271 -0.003797566
-0.0013792095 0.015789714 0.014007795
0.0004982051 -0.0050634514 0.0054193046
-0.0015544066 0.020685844 0.016034134
0.0005089865 0.058510322 0.010942347
-0.0000309418 0.034251474 0.016133627
-0.0001999887 0.010486832 0.0057557514
-0.0011376641 0.014382449 0.010086602
-0.0011235175 0.008216729 0.013504731
0.003669416 -0.0041851373 0.04196695
0.0012730106 -0.0010843424 -0.0000792422
-0.000761106 0.0002714139 0.002564635
0.0002134891 0.0003754624 0.0011577866
0.0012940156 0.0011271907 0.0047056004
-0.0004121139 0.001437415 0.00866186
0.0002026683 0.0014386864 0.0009749262
-0.0004024461 0.0005876377 0.004429762
-0.0017209677 0.015749756 -0.02870422
0.000598478 0.0019995752 -0.045805432
-0.0002086072 -0.0019616778 0.0008106253
-0.002426494 0.0026535648 -0.00785526
0.000766578 0.010028732 -0.06451364
-0.0035838708 0.0019028786 -0.021990275
-0.01554555 -0.017943908 -0.019134399
-0.0011180289 -0.0002830675 -0.014410217
-0.0029542735 0.008322169 -0.059224524
0.0017667692 0.0017556034 -0.04650892
-0.0013005638 0.0005366233 -0.009819949
-0.0010329451 0.016084854 -0.036706004
0.0004137856 0.02133073 -0.057714373
-0.0004460188 0.06209013 0.09353051
-0.0006073184 -0.009323911 0.41887707
0.0000958493 -0.0006548123 0.451603
0.0020981266 -0.0001986054 0.47795597
-0.0011894968 -0.000941069 0.47926313
-0.0017809095 -0.0006181646 0.46229377
-0.005094487 0.007102452 0.13780269
-0.0008264976 0.008435236 0.003176469
0.0007262364 0.0039474517 -0.0028938432
0.0027426041 0.004663949 -0.006212973
0.0015621821 0.0029035446 0.018875245
-0.0000264423 0.0003351913 0.040864613
0.0042997426 0.0006659817 0.055536605
-0.005686675 0.004473849 0.024681013
-0.0009898599 -0.0061982987 0.007079384
-0.011590087 0.003252557 0.012590781
-0.0006396933 0.0009115065 -0.0004398217
-0.010656284 -0.0031619896 0.011149515
-0.0035912276 0.0043537244 0.010516113
0.0014973091 0.003089242 0.00393566
0.0001234161 -0.0001241117 -0.0018153392
-0.0022936102 0.002014897 0.010443375
0.0126529215 0.000130706 -0.0015769647
-0.0024474023 0.004691263 -0.01572015
-0.002050591 0.009077223 -0.0037534148
0.0003766934 0.0001978193 0.0019072791
-0.0035205476 0.002749618 -0.0004752872
-0.0013734383 0.0014778833 0.008656973
-0.000648908 0.008906325 0.003489022
-0.0004878771 0.0021928048 -0.0020528357
-0.0010318295 0.0018605363 0.00851482
0.011242783 -0.007196081 0.026026774
-0.0007189699 0.0016744469 0.0064547597
0.0016117633 0.003221206 -0.009543096
-0.0058890125 0.0070207915 0.018735234
-0.0089125475 -0.0029996936 -0.024556618
0.002733395 0.0033699118 0.004634622
0.0010309673 0.0027425524 0.011527508
0.0008442447 0.026256304 -0.037664063
-0.0010438369 0.0035104393 -0.034382068
-0.0018753791 0.0030848 -0.017648187
-0.0010354167 0.0018881332 -0.015804635
-0.0021258225 0.015641926 -0.019489024
-0.006470249 -0.0032714717 -0.018410848
-0.0004705772 0.0040623164 -0.020553034
-0.0008764 0.0027094625 -0.016072389
-0.0009810539 0.0026744688 -0.009513555
-0.0005559211 0.0003890166 -0.00796579
-0.0006512387 0.0014523275 -0.0054645827
-0.0010181747 0.0019823401 -0.011479786
0.0015538053 -0.0015364836 -0.019204512
0.000397218 0.0021421295 -0.004844472
0.0006723107 0.023071267 -0.04136114
0.0008263063 0.0015181547 -0.047647476
-0.012421289 -0.007988864 -0.05321173
0.0014431743 0.0027784049 -0.04555459
0.0008587459 0.010605608 -0.015436368
-0.0004518414 0.0009909738 -0.009888516
0.0020307 0.0021132184 -0.00906867
-0.0001702936 0.0009977908 -0.013164872
-0.004476981 0.0030641805 -0.006417486
0.0003395947 0.008881565 -0.01177175
-0.0013138389 0.0043869494 -0.0017709254
0.0019171654 0.0008708128 -0.019521156
0.0012896716 0.0018463435 -0.015801352
0.0010564768 0.0012125982 0.0005778262
-0.0018426033 0.0027018026 -0.010209861
-0.0021438382 0.0031222962 0.005288314
0.0035577007 0.0025211633 0.009241357
0.0000655835 0.0063733486 -0.0120206745
0.0004484947 0.0055822073 -0.013077681
-0.008110764 -0.0039215824 -0.0020837646
0.0007421361 -0.000234083 0.00210306
-0.0035714037 -0.001427256 0.019323645
0.0008778614 0.0023356092 0.012324236
0.0000228674 -0.0009633605 0.0020561279
-0.0000005452 0.0021866423 0.0074540908
0.009145188 -0.004538602 0.008025553
-0.0014115905 0.0025451218 0.0018666156
0.0031569265 0.01807082 0.0005894654
-0.0036170762 0.0028966784 0.011448257
-0.0011724826 0.0041002682 0.0066199154
-0.0027984255 0.0035160265 0.0013092931
-0.0031669934 0.012144984 0.006572377
-0.0003866993 0.0054903813 0.006949391
-0.002416692 -0.0013771632 0.000963438
0.0048374683 -0.003914904 0.00560473
-0.002320384 0.0021592658 0.002661888
-0.0019654236 0.0027684679 -0.0000047565
-0.0011453787 0.001821119 -0.0032867074
-0.0006732771 0.0011944582 0.014327869
-0.008881989 -0.0023841287 -0.017657712
0.0009751002 0.001116761 0.015654773
-0.0024041904 0.021808263 0.3472001
0.0004430215 0.0000829432 0.1601741
-0.0004402176 0.007032273 -0.0041340017
-0.0014824296 0.0048020147 0.004258302
0.0013668357 0.0021658957 0.024659388
-0.0059316484 -0.011236979 0.039453156
-0.009535527 0.0011837904 0.046085745
0.0000756742 0.002745641 0.018893734
-0.0019683125 0.001010739 0.022429321
-0.0007349611 0.0037988215 0.015845401
-0.0038690977 0.0026605215 0.015965426
0.0000126982 0.000197383 0.016473297
-0.000205205 0.0016818916 0.015493646
-0.0024694898 0.0011467766 0.017263321
-0.0012389777 0.003051804 0.0113431085
0.0006759056 0.0003856858 0.0115028545
0.0000918122 0.0016800653 0.01571912
-0.0055085164 -0.0027708288 0.007586795
-0.003069364 0.0028128824 0.011315212
0.0038305589 0.019648211 0.014358111
-0.0024142948 0.0020445827 0.0053085904
0.0002631884 0.0010707367 0.005181557
-0.002767824 0.002922425 0.001794119
0.002110512 0.001975851 0.0100812
-0.0016918946 0.0014096035 0.0035134598
0.0016167171 0.012969583 -0.0069941664
-0.004827052 0.0007380926 -0.0038459785
0.0008637147 0.003729377 -0.009344603
-0.0014088686 -0.0004991529 -0.0057636015
-0.0001143006 0.002554107 -0.008059419
0.0002623231 0.0002519928 0.0050932476
-0.0050177085 0.005858049 0.00856863
0.0013402054 0.0036248975 0.0075725866
0.0021001052 0.010456927 0.0019492246
-0.0012228948 0.002657923 -0.0089324
-0.0036076524 -0.0003750654 -0.0037519734
-0.0011138689 0.002846668 -0.0025056223
-0.0016419201 0.0004786519 -0.0070631793
-0.003081006 0.002951507 -0.0023975377
0.0009456994 0.0014054049 0.004190285
-0.0010676311 0.0033085211 0.002013167
-0.0018876825 0.0024685296 0.01541202
0.0000794074 0.0010600874 0.0004509827
-0.0000035184 0.0019587195 -0.044573434
0.005442977 0.015225666 -0.09109356
-0.0028153076 0.0014245926 -0.026464503
-0.0004684673 0.025610412 -0.09087688
-0.0013339301 0.022588462 -0.07248492
0.0005024896 -0.000436303 -0.09195468
0.000817033 0.04583067 -0.21441182
0.0005994174 -0.0044822404 -0.43390912
0.0009072237 -0.003090138 -0.44480023
0.0066183982 -0.009349827 -0.44305134
0.000536241 0.0005026335 -0.43752822
0.0012898481 0.0004139587 -0.43488255
0.0011824374 -0.0001771297 -0.44102654
0.0002410363 0.0010715483 -0.47588307
0.0000090265 0.0030438234 -0.4745585
0.0001586365 0.0012378392 -0.4624547
-0.0053927945 0.0041357907 -0.4681371
0.003748196 0.0058052363 -0.48882088
0.002037581 0.0044609467 -0.31402996
0.0009514472 0.016415652 -0.010455103
-0.0002522336 0.009059107 0.0069148997
-0.001967342 0.0016058062 0.004187443
0.0005709086 0.0015002324 -0.01005985
0.0003159076 0.0026925323 -0.035379693
-0.0005866748 0.0011688734 -0.061566293
-0.0029774294 0.0021890409 -0.048296936
0.0000699363 0.0005470227 -0.04822863
0.0004036011 0.0017692868 -0.05031093
0.000273746 0.0025824686 -0.032840718
-0.0010743968 0.0009915049 -0.029637177
-0.0024474016 0.0021474366 -0.034591645
-0.0015235748 0.0015576005 -0.030176437
-0.0002894159 0.0009783048 -0.020065367
0.0010487314 0.0019636478 -0.022476625
0.0019288752 0.0006615554 -0.009715853
0.009920987 -0.015910486 0.0059924354
-0.0039538676 0.0048227683 -0.0039049624
0.0025100235 0.0042110207 -0.0017019039
-0.0024160822 0.0021958281 -0.011440985
-0.0016528029 0.0022638128 0.0021973907
-0.0031938907 0.0020041233 -0.009308314
-0.0009521922 0.0005111269 0.006457135
-0.0001004716 0.0014602514 -0.009866756
-0.0018537098 0.0014261358 0.005336066
0.001870502 0.0025228823 0.0042678798
-0.007400735 -0.0035357582 -0.013327574
-0.003352474 0.0030237727 0.0043427013
0.0006048679 0.0034910762 -0.0063322396
-0.00072674 0.0037962683 0.011505581
-0.0001568235 0.01269266 0.0028212718
-0.0011928107 -0.0012601124 -0.0070875036
0.0009148674 0.011895945 -0.017846853
-0.0027255558 0.0013368346 -0.00939229
-0.0000865469 0.0016381309 -0.0001315906
-0.0003067754 0.0023896527 0.005372257
0.0004263567 0.0013899596 0.021512428
-0.0016712568 -0.0004359875 0.023500418
0.0020575377 0.002337475 0.022725828
-0.0027059799 0.001249243 0.011261285
0.0005474383 0.0011767872 0.007163577
-0.0009517119 -0.0001069943 0.009488041
-0.0009853328 0.001231742 0.02500889
0.0020609417 0.001540285 0.007740169
0.0008149501 -0.0003770834 0.0143944295
0.0017570242 0.0007215656 -0.01397864
-0.0009656771 0.0021181568 0.025141666
0.010447833 -0.005866709 0.033917673
-0.0009182786 0.005013305 -0.008118512
0.001337824 0.0035754119 -0.0052904463
0.0020320178 0.0010847866 -0.01286142
-0.0027851998 0.0031302986 -0.014691268
0.0013974544 0.0007555549 -0.009964602
-0.008490319 0.0023980243 -0.0013174379
-0.0055581653 0.0009584249 0.018209156
-0.004090974 0.003619243 0.004273278
-0.011472138 -0.0031340953 -0.00531494
-0.005096945 0.002670925 0.011018764
-0.0029569692 0.001756338 -0.0008840145
-0.0000321982 0.0014701063 0.0011159794
-0.0015893283 0.0009458527 -0.0007890016
0.0050890846 0.013900432 0.0059829834
0.0021968568 0.0004354499 0.0003446569
-0.0013035231 0.0016011046 0.020865794
-0.0010844904 0.0037806344 0.029464316
-0.0003256653 0.0015080804 0.017798316
0.0019162893 0.021695526 0.050643146
-0.0000931979 0.0016507122 0.026591236
-0.0027268243 0.0009944133 0.035323016
-0.0002676174 0.021524161 0.057135187
0.00266174 0.013140805 0.072917
0.0023164344 0.018271174 0.08421216
-0.0003282478 0.016791236 0.012358198
0.0012302757 0.021598427 0.08116718
-0.0006608909 0.016660888 0.06393953
-0.0055451584 0.055286072 -0.027499635
0.0035897985 0.0011087924 -0.42278033
0.0002437423 0.0012844803 -0.13093667
0.0008328741 0.0003957825 0.002594763
0.0013831814 0.0028314502 -0.0008042529
0.0028496895 -0.008475011 -0.0053424435
-0.0020513285 0.0078114793 -0.044836115
-0.0006983053 0.002428656 -0.046690382
0.0009055369 0.0008231495 -0.032691043
0.0001415569 0.0018470136 -0.02330827
-0.0002768659 0.005016363 -0.011703581
-0.0030593923 0.0012462052 -0.004542292
0.0021267654 0.0020603524 -0.022232939
0.002273402 0.0016818603 -0.008622026
-0.0004336654 0.0009968622 -0.018028222
-0.008961882 -0.0047401767 -0.011554373
-0.0017210431 0.0016244613 0.0013723716
0.0007107462 0.003180629 -0.010580377
0.001019153 0.0015460972 0.00819155
-0.0020337773 0.008931195 0.012665969
0.000730387 0.0005964431 0.0009090459
0.0006560985 -0.0002250746 0.005928723
-0.0009979834 0.002147879 0.0009432723
0.0004580739 0.0014428099 -0.004044628
-0.0065479144 0.0042283703 0.0036144003
-0.0003169138 0.0029690606 -0.008779533
-0.0005456533 0.0030887048 0.0048532397
0.000437067 0.0019743394 -0.005397902
-0.0013328813 0.0014613294 -0.005386698
-0.0009194249 0.0016690192 -0.0147188185
-0.0002621661 -0.0005148018 -0.012427205
0.0006054493 0.0003680859 -0.004268127
0.002710201 0.0026308368 0.009742897
-0.0008445448 0.0026214016 -0.0002239358
-0.0003154042 0.0000823652 -0.001215497
-0.0031838468 -0.0004083755 0.027506342
0.008163209 -0.0025695988 -0.0007739629
-0.0013520479 0.0011469034 -0.010827447
-0.0025072317 0.0037943455 -0.011049132
0.0017389022 0.0019562687 -0.016386306
-0.0010904564 0.0012063761 -0.010962532
-0.0011115585 -0.0012343822 -0.01761553
-0.003407602 0.0025385248 -0.008548756
-0.0013692218 0.0041830433 -0.016852457
-0.0009885428 0.0042348644 -0.0006653556
0.0018870633 0.0016990807 -0.0002834889
-0.0020390723 -0.005649275 -0.0010491211
0.0027883805 0.023340788 0.0063898996
-0.0003376059 0.0017396671 0.0017244037
-0.0019008968 0.01590658 0.009048106
0.0007744296 0.0017978739 0.010302333
-0.0032486685 0.0026138052 0.0012432884
0.0001368383 0.0036305077 0.0009626636
-0.00183651 0.0049571744 -0.0033296838
0.0010379816 0.0028285212 0.003023577
-0.0020101536 0.0044150217 0.0029440825
-0.0053898594 0.0040670284 0.0034492258
-0.0005683712 0.0023884275 0.009341392
-0.004466643 0.003874968 -0.007448554
-0.001777084 0.001059066 -0.0028425485
-0.000607923 0.0042155236 0.0011507956
-0.0008528227 0.0038935486 -0.0005694976
0.0009512535 0.0028698922 0.010887267
0.0045338264 0.0031346683 0.011327845
-0.003206032 0.004253528 0.0046214955
-0.0013909971 0.002631686 0.0058449754
-0.0015272646 0.0041456427 0.0011482616
0.0001537525 0.0028464596 0.004021346
-0.0004489229 0.0016014526 -0.0027806137
-0.0027007428 0.0008710533 -0.0072452044
0.003080133 0.0039285547 -0.0009319779
0.001676807 0.002668683 -0.008092819
-0.0014597934 0.0015251718 -0.0011897277
-0.001081723 0.0000359146 -0.015100817
0.0027308958 0.0028315578 0.0032126592
0.0007654234 -0.0021395318 -0.004920171
0.002652691 0.0035472594 0.0057232156
-0.0047411053 0.012955146 0.030051693
-0.002410033 -0.0019786514 0.031644247
-0.0032412976 0.0009712963 0.020626327
-0.003622127 0.0040091123 0.017412165
-0.0011840252 0.0026473056 0.012574856
-0.0000584675 0.0027590643 -0.0002534954
0.001394825 0.008491588 0.008357344
-0.0029603608 0.0037714422 0.022920096
-0.009389084 0.0053406344 0.011694344
-0.0016825016 -0.009721693 0.005276112
0.005858927 0.006247596 -0.004271058
-0.004561074 0.004819927 0.011382352
-0.012384645 0.011385928 0.024505863
-0.0016238699 -0.0002920488 0.015220115
-0.0022235964 -0.0006365144 0.01954374
-0.0017522521 0.0066801137 0.020834398
-0.0035053256 0.0016506428 0.0030751503
-0.010411197 0.008776714 0.020942153
-0.003942646 0.0060373847 -0.0003131676
-0.011807558 0.005425646 0.011422428
-0.0011912768 0.0133016985 0.033726517
-0.0061770454 0.0018370685 0.005998033
0.0018936439 0.0018969737 -0.0051152734
-0.017054116 0.0127661405 0.0022489824
-0.009219479 0.008440738 0.018194813
-0.002335582 0.004259379 0.0039944868
0.0034307581 0.0047308723 0.026582558
0.0003043838 0.0017985705 0.008926855
-0.005212902 0.0050185113 0.014750315
-0.0018165711 0.0007589238 0.026946723
-0.006409926 0.009145116 0.022096055
-0.018318217 0.008754078 0.027736574
0.0016075233 0.006264492 0.01307998
-0.0016518927 0.0020130537 -0.013836212
0.000339895 0.004360759 0.015582098
-0.002428818 0.0029371628 0.022005279
-0.0017424126 0.0013845817 0.030140871
0.0001123708 -0.003507462 0.022074139
-0.004842324 -0.001520937 -0.010520697
-0.0013952286 0.0076458715 -0.0024745304
0.0055561755 0.0054649916 -0.0047471374
-0.015161386 -0.0025518045 -0.029170647
0.0009037416 0.0019200968 -0.015335353
-0.0004187112 0.0046187667 0.0041458844
-0.002838918 -0.0009762917 0.002319768
-0.0006407216 -0.0003409496 0.01016414
-0.0035107743 0.0024614064 0.053686135
-0.008926535 0.004013938 0.039073456
0.0008845796 0.0009594582 0.0053724432
-0.0011394761 -0.0029214132 0.006440674
-0.0058556185 0.011701291 0.017248875
-0.0032678458 0.003988321 0.04527182
-0.003918266 0.0020467886 0.021914935
-0.0038731494 0.0023673817 0.016121173
0.0006288187 0.004545412 0.026943425
-0.0028859717 0.0020596855 0.003903414
-0.0005129301 -0.0028442282 0.0060117384
-0.004805198 0.0021383595 0.008529184
-0.0000503339 0.0010598525 -0.0024309554
-0.0010252611 0.0018013852 0.006652056
-0.0048700203 0.004895907 -0.000946112
0.0008575974 -0.0002931134 0.006731008
0.0013986058 -0.0019617556 0.023815611
-0.0038848717 0.00337021 -0.007493609
-0.0007436737 0.0015367994 0.008985614
0.0013340234 0.0102437455 0.04966617
0.0004059062 -0.0005300219 0.026502982
-0.007111816 -0.004843121 0.036248893
-0.002419521 -0.0014235557 0.021137334
-0.0055284165 0.0010667414 0.036211394
-0.004976793 0.0032934789 0.010001443
-0.0008110256 0.025431195 0.009203936
-0.024974398 0.019114096 0.0050874767
-0.018699367 0.010422802 -0.017832384
-0.005358278 0.0010395678 -0.032336034
0.0007291188 0.0002003794 -0.0012321867
-0.00845226 0.005613132 -0.012688486
0.0013643093 0.0000201016 -0.0021497055
-0.0023339284 0.0006173149 -0.011578063
-0.0058564083 0.009069745 0.055470668
0.0020493525 0.0018229788 0.0009633694
-0.0018469887 0.0022420487 0.030222315
-0.0000728928 0.0005699791 0.019755851
-0.014336106 0.009079063 0.022777852
0.0029393744 0.0021410503 0.028095374
-0.0056816353 0.004544206 0.02444325
0.0000921085 0.0009526797 0.014511071
0.006364193 0.005304174 0.01208817
0.0004548781 -0.0042438335 0.027876735
0.003569284 0.0030928883 -0.01146342
-0.0028650258 0.0013707469 -0.0022923118
0.0032685627 0.014821136 0.011331977
0.0014977372 0.0020203132 0.00707955
-0.0029551142 -0.0000703875 0.011296592
0.002782673 0.0007244677 0.023991777
-0.006574421 0.0002310215 0.01693755
-0.0019819676 -0.0009543566 0.029850181
0.0006500382 0.0021272304 0.03652041
-0.0096115535 -0.0050801304 0.03592179
-0.0015070463 0.0027714379 0.019938117
-0.0022108648 0.0031834617 0.017299334
-0.010320118 -0.0040675467 0.034981284
-0.0036709935 -0.0013060753 0.013606438
-0.0017127659 0.025506085 0.009296285
-0.0009531427 0.01342991 0.022645872
-0.0022989903 -0.0013137741 0.040847346
0.0002669658 0.0006487974 0.009834526
0.0008454932 -0.0008672021 0.041620966
-0.002696746 0.0010388296 0.018515293
0.0015630104 0.0029605746 0.03064752
-0.0031867307 0.0008138699 0.023743346
0.0015246596 0.014364734 0.102677345
0.0009870594 0.0036295392 0.023927236
-0.0023783296 0.0009139706 0.040733382
-0.0014098126 0.0023589246 0.03738224
-0.0028507276 0.0019993093 0.02173103
-0.0023442267 0.0017419184 0.021842366
-0.0022416173 -0.0006337158 0.018547818
0.002426794 -0.0006053297 0.033231266
0.0025896793 0.001243945 0.018780928
0.0021205698 -0.007834961 0.0032603343
0.011833027 -0.0030516007 0.018750826
-0.0003625636 0.008164357 0.060817618
-0.004658262 -0.0026640748 0.02697366
-0.0031286448 -0.0022281045 0.027478192
-0.0022798355 0.0077541433 0.03879429
-0.0018233185 0.011003196 0.030405764
-0.0033343844 -0.0027094912 0.03420629
-0.0000043757 -0.005439509 0.0061396686
-0.0052914442 0.01048328 0.034178838
-0.005479638 -0.016892558 0.027386948
0.0014991572 -0.011872781 0.04191942
-0.0031311673 0.008855151 0.06871643
0.0005383759 0.0003442233 0.06190886
-0.00554157 0.010281531 0.09135113
-0.0021629059 0.017149396 0.09250869
-0.000580704 0.0024448654 0.0059198714
0.001730004 0.0001901904 0.039969154
0.0009054413 0.017156187 -0.03989412
-0.000718333 -0.001363618 -0.425951
-0.0002235296 0.0018756345 -0.18212575
-0.0005920781 0.006755721 -0.012922281
0.0014081796 0.0012304501 0.012797716
-0.003698221 0.0012913228 -0.018568877
-0.0061607384 0.003912705 -0.039170437
-0.004484167 0.0075170286 -0.030775035
-0.0010559391 -0.0001156914 -0.020699013
0.0000350052 0.0051343353 -0.015656788
0.0005116862 -0.0003449697 -0.04652545
0.0017925116 0.004194067 -0.054858387
-0.0009303051 0.001197429 -0.03659225
0.0001213424 0.000264495 -0.033980697
-0.0008936639 0.000063527 -0.0063682115
0.005172073 -0.004339243 -0.030966196
-0.0008073738 -0.0017570552 -0.0069921003
-0.0056507336 0.0023711442 0.013437259
-0.0005599565 -0.0016531816 0.008102806
-0.0012168728 0.0028726065 0.015076028
0.0002213216 0.0016837837 0.006357517
0.0006091815 0.0039344043 0.004501926
-0.0022463212 -0.0000115173 0.019160707
-0.0008700743 0.004705633 0.01881911
-0.0008573326 0.004672118 0.012496081
-0.0015672216 0.001178433 -0.0008192199
-0.0039648204 -0.0006163662 0.062226333
-0.0005060252 0.004667775 0.012979934
-0.0017143402 0.00253262 0.043215808
-0.0027290871 0.001176239 0.03702552
-0.005254449 0.008598792 0.027479699
0.0027415487 0.0020829993 0.016448705
0.0021283843 0.001454962 0.026553016
-0.0044017816 0.0028059683 0.011821987
-0.0019709393 0.000842539 0.008165407
0.0012350634 0.0020666947 0.032302465
0.0002434406 0.010062421 0.04879552
-0.0036972794 0.0122326175 0.07254076
0.0004956255 0.0023598033 0.03625689
0.0000452288 0.016541597 0.10507687
-0.013569621 0.012400193 0.05008032
-0.007904222 0.0065290155 -0.016743436
-0.007769787 0.0028728177 0.009239309
-0.016987385 0.01746234 0.082631305
-0.0018452585 0.013005758 0.07337125
-0.0014147542 0.017257083 0.06990571
0.0001820624 0.01070607 0.07284962
-0.0013372343 0.022237081 0.08336268
-0.0032118522 0.019822797 0.100719534
0.0002195601 0.012666866 0.039845876
0.0030596205 -0.0007554891 -0.42757192
0.0033303213 -0.002754696 -0.41699013
0.0014694645 -0.0010677535 -0.4363358
0.0003959425 -0.013885617 -0.45372924
0.0011847334 0.0018705908 -0.4226125
0.0008492667 0.0037257592 -0.44398075
0.002606519 0.0009014712 -0.42153373
-0.0002409974 0.0086988835 -0.03797996
-0.0030959886 0.005456385 -0.0008968406
-0.005118661 0.0005072487 0.0000418931
-0.014069455 0.012354836 -0.03077533
0.0001905384 -0.0029398382 -0.04199665
-0.02122761 0.01378377 -0.08215593
0.00476675 -0.0045468505 -0.023273107
-0.006995271 0.0027689163 -0.022631528
-0.004826826 -0.0011260372 -0.006970699
0.0023799639 -0.0015135461 -0.014356163
-0.0033814455 0.0023498184 0.0004477298
0.006420616 0.0019661894 -0.017172296
-0.0037807531 0.008881202 -0.004841666
-0.0004292902 0.0039216755 0.0185588
-0.0011686637 0.002555479 -0.013550857
-0.008556391 0.0027708858 -0.0036685176
-0.001753691 0.014371216 -0.007212101
0.0019804225 0.0039726924 0.003902546
-0.0031005428 -0.0001812537 0.0023831904
0.007926922 0.004205199 -0.022722531
0.0033503375 0.004067014 -0.019247836
-0.0027672297 -0.001121105 -0.024415381
-0.0075663975 0.004058735 -0.005707871
0.0030132863 0.0032674656 0.0075496235
-0.0001817389 0.0024826995 -0.0038307912
0.0008612131 0.0017566571 -0.005524188
-0.0006471846 0.0054644095 0.0043286546
-0.0031050434 -0.0018242069 0.016347393
-0.001979508 0.005296086 -0.011823142
-0.004748895 0.0016928395 -0.0028472955
0.004773409 0.0009390743 0.019251045
-0.0024841558 -0.0011863725 0.0111168055
-0.004206451 0.0029657653 0.0131648835
-0.0048956242 0.0036047616 0.020797336
-0.0003578433 0.0009909066 0.0025945723
-0.001395714 0.0033212204 -0.0052948417
-0.0063538114 0.0009086792 -0.0047010467
-0.0019989829 0.0011410017 -0.017154397
-0.012908282 0.00854708 -0.0022884393
-0.004515133 -0.0000951915 -0.016708449
-0.0007602479 0.0002340179 -0.011731605
0.000852628 0.0026441426 0.008546131
-0.0003972404 0.0039937655 -0.007146272
-0.0006501989 0.0034435503 -0.010450935
-0.0022875273 0.00402722 0.010927108
-0.011042917 0.0069439188 0.0018375714
-0.0030911616 0.001708322 -0.0167141
-0.0039703622 0.0074847317 -0.005174719
0.0047738585 0.0006098874 -0.011823121
-0.0024269926 0.0049873986 0.0013620614
-0.0053123184 0.0060398374 -0.0050539626
-0.011003479 0.009088933 0.014380902
0.0015142881 0.002519649 -0.0140103055
0.0007677255 0.0012138067 0.009865989
-0.0020947016 0.0006850554 -0.011839183
0.0002563997 0.001833817 0.013785353
0.009809541 0.008833739 0.009883802
-0.0055619446 0.0068498575 0.011287162
0.0014981484 0.000756968 0.00476168
-0.017311597 0.005962662 0.008601629
0.0000035156 0.0026154988 0.0075435787
-0.008727348 0.0071860575 -0.036642864
0.0007246789 0.00337377 -0.0040680473
-0.001683774 -0.004342006 -0.02251034
-0.0073205335 0.0045915516 0.0031902497
0.0012683846 0.013206491 0.011155324
0.0004810047 0.0013418609 0.023993116
-0.0019349332 0.0003290512 0.017549112
0.0055762352 0.008015005 0.016599797
-0.0062594735 0.007600271 0.003621259
-0.006207331 0.007121767 0.0029883739
-0.003256853 0.010046723 0.011178801
-0.0037748485 0.00697238 0.014094609
-0.0005867612 -0.0001095219 -0.0061598327
-0.016891362 -0.0007295166 0.0020480219
0.011289055 0.009364367 0.0014868078
0.0011826413 0.0029437104 -0.0017847888
0.004934818 0.00448827 -0.011493594
0.00800783 0.008576294 0.012557222
0.0001147433 -0.000809186 -0.012393898
0.0028658595 0.0060520596 -0.015689177
-0.0028191786 -0.0015444763 0.009906094
-0.0026004042 0.0016843617 0.009419003
0.0009094781 0.0017765446 0.010646502
0.0012114123 0.010341358 0.017992891
-0.006033319 0.0027551576 0.03717775
-0.0006376562 0.0038955368 0.01633163
0.0023201522 -0.0028340884 0.0016418986
-0.002074438 -0.0012210584 0.03445799
-0.007897487 0.0036732473 0.019428235
0.0003301608 0.0031141522 0.0064311875
-0.0017641289 0.0001663172 0.0010802447
-0.0043281117 0.0025905175 0.0031728637
-0.001657368 0.00077655 0.0031011242
0.0021038863 0.0011655808 0.012866016
-0.004627402 0.0012130548 0.011554978
-0.002371823 0.001997354 0.018162262
-0.0027933216 0.0013637538 0.029969359
-0.002698043 0.0036045625 0.0033069209
0.0011306014 0.0033641725 0.012676475
0.001996737 0.0033957728 0.018662054
-0.016519621 0.00981568 -0.0070406
-0.005070125 0.0021129425 0.009438567
0.0025908048 -0.006108541 0.02659374
-0.0039382353 0.0042356504 0.010422929
0.0033475854 0.005967458 0.0031134468
0.0016035475 0.0066106273 -0.015282872
-0.0059102383 0.0025637024 0.003182081
-0.0050326725 0.0002990243 0.0056369193
-0.0022209182 0.0036947846 -0.0066819293
0.0001928292 0.0035549935 -0.0018042505
-0.0025036081 0.0060114176 -0.0018171072
-0.0054762247 0.0033920533 0.010965021
-0.0040280716 -0.0023913647 0.0004089441
-0.0007009567 0.0045968886 0.0044715493
-0.0049968148 -0.0006574596 0.0055166176
-0.0008494868 0.0016959716 0.024574362
-0.008698972 0.003866722 0.007080798
-0.007528716 0.0039758566 0.010892602
-0.006682509 0.009597326 -0.025477627
-0.006755882 0.0048118 -0.03210315
-0.012769394 0.011552985 -0.02448221
-0.0007659122 0.0019159829 -0.005375658
-0.0010681895 0.006898488 -0.0023093254
0.0057291836 0.0045416267 0.023574116
-0.0027786982 0.0029339145 0.0140612945
-0.0003526751 0.006882027 -0.00840404
0.001267103 0.0004175884 0.008866036
-0.00955342 -0.0016057361 0.003823761
0.0001791414 0.0059105544 0.00665877
0.0054622586 0.007217114 -0.0076038227
0.0016628259 0.0033200998 0.011564888
0.0037212246 0.0029481696 0.021937441
-0.0020601843 0.002976412 -0.013197738
-0.0013473894 0.0031450451 0.027766857
0.0009193396 0.01393084 0.091226205
0.0002693629 0.0008454148 0.022616599
-0.0011172171 -0.00034477 0.04002737
0.0001199096 0.0014922414 0.03330686
0.001017516 0.0007540386 0.031735487
-0.0033481494 0.0042447 0.008773333
-0.0028842464 0.0031955712 0.02332938
-0.007398317 0.0038783425 0.013656017
-0.0007104004 0.0007144357 0.027409574
-0.0043299096 0.005059982 0.03791123
-0.0031812913 0.002410819 0.013556309
-0.0011302393 0.0014744948 0.024374355
-0.005041415 0.004723825 0.017834438
0.0011004045 0.0008013862 0.015405344
-0.0018565953 -0.0002600854 -0.023749705
0.000649721 0.0030312864 -0.008904764
0.0032641082 0.003585355 0.013719559
-0.000544978 0.0000616409 0.02803341
0.0023108653 0.0026726187 0.031467564
-0.008715188 0.0067710117 0.011928827
-0.0007483218 0.0067485897 -0.006058668
0.0017904704 -0.0019218486 -0.011376009
-0.0010834613 0.0005014098 0.0099883545
-0.0001021541 0.0028766303 0.015646014
0.0008100594 0.0014146557 0.0033527028
-0.0068870275 0.006564553 -0.001950093
-0.0050082984 0.00431196 0.012068333
-0.0004286478 0.0031439986 0.017189771
-0.0012332539 0.002559715 0.0025058903
0.0027392518 0.0024963976 0.019296149
-0.0043228683 -0.00535055 0.018863792
0.0000106198 0.003024823 -0.0006929365
-0.0006305617 0.0011021926 0.010558041
-0.0057280874 0.006385453 0.012502328
-0.007009311 0.0046491483 0.012842973
-0.002438272 0.00302388 0.026677456
-0.0026173026 0.0046729185 0.0076468736
0.00294647 0.0023075338 0.06965435
-0.002556858 0.010059995 0.03181308
-0.0009372365 -0.0029378813 0.0454364
0.0004694955 0.0013421577 0.020957272
-0.0034014792 0.0060096057 0.020903138
0.003491922 -0.0028254394 0.0009861822
0.0010687746 0.0062698484 0.014048462
-0.012230011 -0.0035596811 0.010269202
-0.0005308037 0.0019915167 0.0058833533
-0.0063136322 0.0067872456 0.06829145
0.0004248033 0.002372146 0.061875768
-0.0012217537 0.0000716044 0.042859927
0.0000944899 0.0027908802 0.029014315
-0.009588592 0.008031392 0.0060401447
-0.008282432 0.003632071 0.014457489
-0.008694206 0.0035939466 0.015266369
-0.014414355 0.017024418 0.017319266
-0.01145423 0.0083911065 -0.0013787579
-0.0018550508 0.0050095594 0.0063958773
0.0022488744 0.016172176 0.0392528
-0.000503193 -0.0011719882 0.023456251
0.0004217964 0.00422981 0.03585664
-0.0026518123 0.018563133 0.069273524
-0.0007442944 -0.0027688565 0.054350615
-0.0036128678 0.017639685 0.102819644
0.0021312 0.0000611814 0.030106505
-0.0001519898 0.002527104 0.047028877
-0.0009801394 0.004541309 0.040821727
-0.001359586 0.0014143225 0.03076621
-0.000970092 -0.0000336136 0.029379945
-0.0009284481 0.0017084989 0.01179049
-0.0012952891 -0.004160993 0.024429416
-0.0005690073 0.0015687762 -0.02514346
0.007375838 -0.0007915977 0.038111143
-0.006348298 0.024941247 0.10636915
-0.0037750017 0.0021748408 0.026463008
-0.0015815158 0.0032385706 0.05316617
-0.011892926 0.011343034 0.027165338
0.0003850185 0.0000174255 0.025700063
0.0029384652 0.03812169 -0.39258403
0.0014379312 -0.0038417324 -0.49594444
0.004629964 0.000715979 -0.53741455
0.0007278649 -0.0061882534 -0.5363828
-0.0013146286 -0.005810375 -0.48341212
0.0033210958 0.0016936517 -0.4774235
-0.0014541324 0.0017771795 -0.4472106
0.0009095706 0.0016643049 -0.46578854
0.002218322 0.0013236305 -0.4489401
-0.004034213 0.0037064299 -0.47596973
-0.0041749156 0.0027715624 -0.48835415
0.0048811873 0.0030164402 -0.3487439
0.002817129 0.008642323 -0.014571424
-0.004694521 0.0011902421 -0.009654865
-0.0019993647 -0.009894924 -0.0006973973
0.0011638114 -0.0009327651 -0.032854144
0.0046599195 -0.003647209 -0.049944397
0.0018333525 0.0049317842 -0.005580622
-0.003669886 0.008326301 -0.013865553
-0.004315382 0.007913737 -0.022281338
-0.0023678679 0.10281547 0.020080546
0.0056225164 0.0108400015 -0.016564887
-0.0072589507 0.0046641594 -0.028495258
-0.0019104134 0.0026458786 -0.020974677
-0.016172143 0.016723257 -0.05238379
0.0042480333 0.0032645878 -0.030862961
-0.004179303 0.005655625 -0.032186627
-0.005513993 -0.002737341 -0.025166627
-0.001085779 0.004244618 -0.026581675
0.0001198854 0.004050239 -0.0064586746
-0.0031641752 0.0047635166 -0.021535216
0.0006912679 0.0011850179 -0.033471018
0.0013911665 0.0035507872 -0.026566852
-0.003854725 -0.0005628185 -0.0011919938
-0.006455147 -0.000075308 0.012424086
0.00355382 0.0101734735 0.003725063
-0.0003612093 0.019009866 0.10285554
-0.0032117448 0.0022633492 0.033837207
-0.0042068423 0.0042899647 0.013128579
-0.00376639 0.0039019634 0.034317564
-0.011723073 0.0039261836 0.039839607
-0.0046998183 -0.0001579455 0.02650559
0.0003811802 0.0018084797 0.036994975
-0.0013884859 0.00493694 0.0010422925
0.0010922591 0.0009624374 0.033236694
-0.0026287888 0.0009406395 0.022293467
-0.006810967 0.006293446 0.026516955
-0.0008882914 0.0031802622 0.014751072
0.0019783834 0.0054890066 0.003474983
-0.0045631295 0.0020416246 -0.0050552366
-0.004431995 0.0036455146 0.0042568296
0.0003433282 0.003988073 0.0046575377
0.007416052 0.0056459336 -0.022127617
-0.003593928 0.0042947037 -0.028712476
-0.010511611 -0.0051924754 -0.0052218637
-0.0056576896 0.0025498867 0.0079250885
-0.0005676562 0.0009095059 0.0068311826
0.0004634236 0.0052964045 0.015000204
-0.009284659 0.0024425276 0.01716497
-0.019260485 0.014844524 -0.0007274553
-0.004363544 0.0004991428 0.0054913578
-0.0009891596 -0.004770595 0.016100962
-0.0015024059 -0.000900332 0.010586989
0.0003166394 0.0019067718 -0.0037544272
-0.003411534 0.0016943297 0.017759904
0.0015500782 0.002695941 -0.0048914542
-0.0000014755 0.0023331945 -0.0035676763
0.0007647533 0.0033006284 -0.0063812844
0.0040398845 0.0029272023 -0.0035257726
0.0008946715 -0.0005077255 0.0012454053
-0.0030632755 0.0025712447 -0.012383184
-0.008259243 0.0064407913 -0.003761765
-0.011463837 0.010568427 -0.009001144
0.0005975001 -0.003218831 0.013709476
-0.0026202344 0.0035973024 -0.0034787492
-0.0015566859 0.005236608 0.01424109
0.0016507728 0.002583967 0.00044656
-0.011706132 0.0019791145 -0.0015969261
-0.007470791 0.010146225 0.0029669837
-0.0054853344 -0.0002592811 -0.0039149025
-0.010282429 0.005754687 -0.010440849
-0.004778619 0.0060024858 0.0048087398
-0.0048219315 0.006634398 0.01745714
0.004923347 -0.013699594 0.0037928678
-0.0004511536 0.0029655646 0.0039017764
0.0025283196 0.0029890006 0.013061988
0.0027038457 0.0017050722 -0.0075566247
-0.0010783796 -0.0020166847 0.0007301435
0.0008506457 -0.0018067971 0.0040800096
0.0008326502 0.0019105043 0.021805765
0.0018261429 0.0045398185 0.0027176342
0.0021137162 0.009239756 -0.021405188
-0.0001326259 0.010041102 0.09458984
-0.005083421 0.007804715 0.060562707
-0.000634997 0.0028215107 0.030872926
-0.0031471383 0.0016078295 0.033255592
-0.0052361065 0.0044424655 0.014259219
0.000514477 0.0012663428 0.051570393
0.005685507 0.00523452 0.03091628
-0.0010258484 0.0009496155 0.020761507
-0.01018261 0.00609208 0.010519105
-0.0015417606 0.0011026298 0.0011597438
-0.005556941 0.0047688875 0.010311974
-0.0015111499 0.0058051227 0.026414622
-0.0046122842 0.0045467247 0.008995542
0.0017468302 0.0016283883 0.002354922
-0.012310833 0.0068252357 -0.0034809378
0.0004237878 -0.0007560199 0.023608232
-0.0004768725 0.0023116565 0.0001107153
-0.0012459692 0.004239626 0.011458895
0.0043259114 0.0037486777 -0.0006715462
-0.0019055221 0.007821864 -0.0006990068
0.0034172074 0.0027730218 -0.017021284
0.001261865 -0.0016330652 -0.000337897
0.0006701871 0.0002223404 0.010360905
-0.006705556 0.010375941 -0.0012929414
-0.002083783 0.0034020073 0.014280858
-0.013645033 0.006164057 0.016486907
-0.0001093784 0.0039598728 0.012950398
-0.0068910136 0.00655811 -0.002115942
-0.0067761773 0.0107966 0.01090349
0.0003649263 0.009813603 0.043427818
-0.0022431873 0.004600659 0.017021999
-0.01151645 0.0075109852 0.0077855317
-0.004997576 0.011199425 0.026262667
0.0002927632 0.005187501 0.011106697
-0.0063974573 0.011571415 0.11692928
-0.0016194454 0.0049307784 0.039342426
-0.0061313254 0.007935049 0.044831675
-0.0049115703 0.006317244 0.03901403
-0.013546048 0.0077774576 0.041653536
-0.004385609 -0.0005671587 0.0059925173
-0.0006576096 -0.0000367664 0.0006932161
-0.003691494 -0.009026149 0.0055503375
-0.0063401647 0.0071686567 0.0022076536
-0.013378307 0.006728002 0.029179713
-0.0006137827 0.0031042027 0.0126011
-0.0020732225 0.0040968573 0.01311627
-0.00896914 0.009962298 0.0075127073
-0.005403237 0.005077741 0.0020983692
-0.0009259948 0.011023082 0.047871564
-0.0005955875 0.008758738 0.017494626
-0.006229523 0.009024214 0.025868148
-0.009312868 0.013403932 0.014414509
-0.0149861695 0.009948519 0.006599944
-0.0045331335 0.018969612 0.07084371
0.0000770169 -0.0008678404 0.03522933
-0.007908153 0.007825291 0.046988335
0.004852378 0.00473177 0.03316807
0.0012483565 0.0057910574 0.0225784
0.0007895068 0.012564865 0.08030012
-0.0043720934 0.0036136198 0.016268658
0.0018395877 0.007515213 0.048237465
-0.0009118788 0.010764577 0.05638965
-0.001542864 0.008445947 0.026529336
-0.002840643 0.016875964 0.049796462
-0.0027034078 0.0022724778 0.04835203
0.0010046738 0.0029954184 0.036995087
-0.006686502 0.00671158 0.0009763817
-0.009676544 0.005642948 0.016259369
0.0018271944 0.043977592 -0.14364307
-0.002817301 0.0011291483 -0.419209
-0.0016353291 -0.0032250434 -0.43283916
0.0011022838 -0.0002629785 -0.46080416
-0.0020065622 -0.011614444 -0.45169172
0.0008562615 0.0013779292 -0.41255164
-0.002101459 -0.01077015 -0.031200478
0.004457401 0.0101100905 -0.022620162
-0.0022180788 0.0061841784 -0.017023256
-0.0034233318 0.0015558336 -0.011854986
-0.0041467724 0.0043916153 -0.0418784
0.0002361112 0.0026046217 -0.0353388
-0.0041299136 0.004340771 -0.013709138
-0.0019069065 0.0033115267 -0.00437233
-0.0020742498 0.003263225 -0.00816547
0.0015752682 -0.0011961634 0.0048151566
0.000185539 0.0024640798 0.0011659747
0.01384904 0.009590176 -0.024154272
0.011543901 0.009155817 0.004756514
0.0001064611 0.0023303863 0.0003244098
0.0031015943 0.022306377 0.041165996
-0.013417803 0.013134748 0.0328755
-0.0027111082 0.0022958792 0.035673056
-0.022674661 0.014545185 0.008483548
0.027897928 -0.01896352 0.03154222
0.023340102 -0.019084329 0.040452868
0.027957063 -0.018101554 0.054920472
0.027055835 -0.017851587 0.060327016
0.002906065 0.0003558021 0.06768763
0.04618238 -0.037333492 0.052383043
0.07458602 -0.037871152 0.08999076
0.0277501 -0.020552587 0.15575641
0.007921244 0.010935297 0.038830318
-0.02433461 0.026302462 0.05131907
-0.03334525 0.020073479 0.07710855
0.045065723 -0.03018337 -0.015739184
0.021451479 -0.006639375 -0.012919843
-0.0026974974 0.0035639047 0.0033372734
-0.019053064 -0.024025254 -0.00236595
-0.04415186 -0.022760157 -0.022710152
-0.06670774 0.001926867 -0.033820577
-0.048472717 0.0138436975 -0.012649598
-0.05777032 -0.015019797 -0.019374553
-0.03361515 0.0033800758 -0.048234094
-0.02699989 0.009516602 -0.055998497
0.019352973 0.035199556 -0.029142058
0.078532465 0.038650624 -0.038317017
0.08449822 0.019962845 -0.0033254363
0.06959118 0.024023082 -0.009957558
-0.008557889 -0.010368188 -0.07514249
-0.0018192034 0.015939107 -0.09972733
0.00806917 0.036535244 -0.06287187
0.010222437 0.002620419 -0.03784537
0.004113418 -0.11509105 0.056451313
0.0001540702 0.0034988117 0.044641785
-0.000783777 -0.0002263051 0.0076150955
-0.0008547829 0.026544413 0.09751247
0.003260516 0.007698443 0.075681314
0.0012821398 0.007356655 0.0732262
0.0000754117 0.012343244 0.061850153
-0.0012873501 0.00881549 0.05635752
-0.0028351785 0.0038351275 0.040442944
0.0040689968 0.011292227 0.0020263344
-0.009732478 0.008388115 0.01574313
-0.0035093767 0.003785167 0.030371595
0.0009107628 0.004551458 0.01153396
-0.008928244 0.008093147 0.0046702074
0.0010197891 0.0035943885 0.011076743
-0.013151756 0.0066651553 0.0094051445
0.0009375674 0.0032110363 -0.011731586
-0.004704195 0.0054777516 -0.0050770757
-0.0075972667 0.005920059 -0.0061508873
0.0020584227 0.00424377 -0.004212652
-0.000586661 0.0077809417 -0.0023703203
-0.0032258206 0.0013169938 -0.02910704
-0.0001591514 0.0034920454 -0.015697978
-0.00537848 0.0045944704 -0.010297912
-0.0015272812 0.0010230449 -0.031081159
-0.0016881835 0.0065402826 -0.06912515
0.0009619782 0.0032326267 -0.0486942
-0.0032407283 0.00520958 -0.06313093
-0.001056404 0.002182525 -0.03724013
0.0013553501 0.0020351228 -0.031935327
0.0006262928 0.0013110389 -0.034347437
-0.0012060495 0.002646392 -0.020908471
0.0012113936 0.0040471717 -0.0070131356
-0.0003333982 0.0026200772 -0.01145398
-0.0020435636 0.003668143 0.0049787974
-0.0005396178 0.0010184781 -0.0064933477
0.0010640282 0.0008665675 0.006010658
0.003228122 0.0059831426 -0.019888785
0.001280529 0.0046409518 0.011512377
-0.0042495243 0.0070200847 0.01261043
-0.0101015875 0.0093915295 0.003617543
-0.0033687924 0.007186942 0.011793321
-0.008984098 0.0073160953 -0.0027950876
-0.0022198402 0.008527839 0.036680084
-0.02193228 0.021237832 0.004505808
-0.0035248906 0.012812868 0.0063500674
-0.009913966 0.007894952 -0.003237379
-0.0070924438 0.006566058 0.024239033
0.0025281273 0.013160822 -0.0012917544
-0.0016261551 0.012874645 0.011786003
-0.0011056726 0.012457808 0.0060342723
0.0014382417 0.011454677 -0.023140421
-0.0071494356 0.0023976632 -0.00406094
-0.0028863375 -0.010676342 0.009113444
-0.0001576565 0.0038430907 0.003616219
-0.0017254082 0.0044346536 0.003234746
-0.003208731 0.0016087305 -0.0008229197
0.0001988316 0.004251891 0.0221707
-0.0001503703 0.00624714 0.022737538
-0.0015057434 0.0033250365 0.000471849
-0.0044911695 0.003977525 0.007720469
0.0037126231 0.0035618774 0.018655809
0.0004465131 0.0017853901 0.09411991
-0.0035856678 0.0014974314 0.033579804
-0.0022414303 0.0016967828 0.041568916
-0.004218331 0.003951743 0.039258767
0.0014549125 0.010623483 0.037427414
-0.0028744624 0.020805981 0.06363587
-0.0005154445 0.001764115 0.040675882
-0.0002049308 0.002920005 0.043827806
0.0020187225 0.0018745018 0.033569526
0.0002680491 0.0022129498 0.033700276
-0.0073040575 0.0022936754 0.031321205
-0.011618525 0.028012708 0.05155326
-0.0004689697 -0.03249205 -0.009661111
0.0040634377 -0.017017074 0.022329697
-0.003196185 0.0016419685 0.029685965
-0.0052072415 0.0023780265 0.012736541
-0.014351855 0.02150759 0.0809802
-0.014460033 0.004641257 0.016276207
-0.0001049417 0.0019437742 0.021041501
-0.0039086877 0.0058986293 0.0077887094
-0.0042647445 0.0051249727 0.01419807
-0.009159144 0.0003849413 0.007223175
-0.0008093654 0.003547433 0.010783418
-0.0014141838 0.0008243203 0.004669607
-0.0008644063 0.002332969 -0.008180587
0.0007721554 0.0039348505 -0.02545954
-0.02652733 0.012023282 -0.0072370544
-0.004295562 0.00423004 -0.0131928995
-0.0005074299 0.03702361 -0.26407212
-0.0020688218 0.010826945 -0.43670303
-0.014820417 0.0070839534 -0.4268033
-0.0019953467 0.005713516 -0.46075
0.0018614316 0.006364645 -0.46975413
0.0033278454 0.0060608694 -0.44899955
-0.012404384 0.0101885535 -0.4493919
-0.0013576848 0.008104655 -0.45841485
0.005491683 0.011105981 -0.46787363
0.004193183 0.004437679 -0.4187715
0.0028191314 0.001540201 -0.013021129
-0.0003124298 0.0032094102 0.008292919
-0.0003576012 -0.0018320002 0.0067393244
-0.0000452704 -0.0000279177 0.0075033
-0.0004213654 0.0008826925 -0.011158505
-0.0017414963 0.0004866309 -0.03830121
-0.0021603322 0.0003427395 -0.036891542
-0.0011037544 0.0017721644 -0.032303274
-0.0014012577 0.0007690091 -0.028636675
-0.0021813714 0.0020054346 -0.024659615
-0.006827987 0.0031598203 -0.0150222685
-0.00256459 0.10921428 -0.0130590405
-0.0000520168 -0.05811559 -0.015012609
-0.005052788 0.0015437055 -0.0015940552
0.003073751 -0.055128373 -0.029683262
-0.0003075796 -0.051974468 -0.027959477
0.0024593747 -0.052416943 -0.006861361
-0.0006458136 -0.046988543 -0.023219384
-0.0006755677 -0.0003736726 -0.0033951881
-0.0011965336 -0.0003706106 -0.005018805
-0.000505999 -0.0001140449 -0.00386125
-0.001347733 0.0010068128 -0.0047612377
0.0030954187 0.0006383319 -0.01502913
-0.014615437 0.008934521 0.004585185
0.0041641085 0.0015848109 -0.013377897
0.0029850416 0.0029462962 -0.0033223382
-0.0005949159 0.0001692025 -0.0019942361
-0.0010473365 0.0007198704 -0.0011852068
-0.0005345284 0.0008469682 0.0008473372
-0.0011292998 -0.0003262366 0.0045191236
-0.002283151 0.0003237824 0.0023441426
0.0016776237 0.0019508265 0.0022867476
-0.0014906644 0.0000743058 0.0009043593
-0.004135497 0.0019171968 0.000958179
-0.0009550297 0.0003860749 -0.0002395834
0.0003232362 -0.0000891358 -0.004418261
-0.0063212127 0.0019087184 -0.0039387913
0.004772488 0.0023451592 -0.0073433258
-0.0025059208 0.000628854 -0.0009229007
-0.0012646398 0.0002118807 -0.0009232668
-0.0006970909 0.0002573008 -0.0009302292
-0.000831942 0.0002757691 -0.0016796697
-0.001149534 0.0005758896 -0.0036708242
-0.0011625418 -0.0000858873 -0.0035512042
-0.010553261 0.0050810487 0.0070497342
-0.0005645189 0.0007002371 -0.005646089
-0.0056362334 0.0032490536 -0.0004374505
-0.056020457 0.02737456 -0.01864228
-0.015640315 0.009235074 -0.0005011555
0.0001512289 0.003972964 -0.003048088
-0.0002249768 0.0010879431 0.019833831
-0.0015556577 0.0006148876 0.009330971
0.0006666597 -0.0021490816 0.011474369
-0.0000206052 -0.0002241761 -0.0015838027
-0.0009875349 0.0008911139 -0.0049566505
-0.0070171184 0.003593041 0.0071182614