0.9999552 0.0000106181 0.0016542285
0.9989543 0.0000674908 0.0014852919
0.9962074 0.0001396843 0.0015831746
0.9910814 0.0002148138 0.001629534
0.9836265 0.0003106648 0.0016792773
0.9745892 0.0003813075 0.0016715687
0.9640142 0.0004610725 0.0016756069
0.9515498 0.0005382373 0.0016604526
0.9363481 0.0006143277 0.0016374666
0.91881627 0.0007067048 0.0016401822
0.8993368 0.0007849168 0.0015966787
0.87811804 0.0008533698 0.0015735431
0.85520583 0.0009395624 0.0015487641
0.8306677 0.0009964593 0.0014814615
0.80615777 0.0010596033 0.0014472603
0.7799205 0.0011181275 0.0013956666
0.75106156 0.0011824829 0.001346179
0.7200917 0.0012424893 0.0012929142
0.68739045 0.0012984455 0.0012349224
0.6529401 0.00135631 0.0011741841
0.61650217 0.0014079346 0.0010982624
0.5789048 0.0014620648 0.0010414494
0.5402616 0.0015175106 0.0009766353
0.008344894 -0.0000122754 0.0000088838
-0.45994925 -0.0015858039 -0.0008260983
-0.41809607 -0.001636217 -0.0007533211
-0.3757929 -0.0016722409 -0.0006753077
-0.33218113 -0.0016958831 -0.0005934369
-0.28780645 -0.0017146508 -0.000517644
-0.24431702 -0.0017372693 -0.000436083
-0.19981685 -0.0017596462 -0.0003627198
-0.15594594 -0.0017688615 -0.0002852222
-0.111268476 -0.0017833005 -0.000198228
-0.08114545 -0.0017290326 -0.0001361118
-0.07893221 -0.0015676029 -0.0001223648
-0.077132955 -0.0014968119 -0.0001168586
-0.07496 -0.0014565344 -0.0001113998
-0.07297673 -0.0014377425 -0.0001070329
-0.07099021 -0.0014264856 -0.0000998354
-0.06969451 -0.0014273056 -0.00010112
-0.06859845 -0.0014307846 -0.000101037
-0.06710882 -0.0014403778 -0.0000943987
-0.06560832 -0.0014336903 -0.0000921214
-0.06485775 -0.0014255302 -0.0000925359
-0.06409773 -0.0014313834 -0.0000912267
-0.06315903 -0.0014338293 -0.0000902675
-0.062390517 -0.0014247851 -0.0000887688
-0.06169816 -0.001427402 -0.0000883156
-0.061088502 -0.0014326611 -0.0000894993
-0.061011385 -0.0014263999 -0.000086963
-0.060694087 -0.001430508 -0.000088777
-0.06018262 -0.0014268195 -0.0000925182
-0.059870444 -0.0010607492 -0.0000589777
-0.0600845 -0.0014240961 -0.0000858677
-0.060325217 -0.001425338 -0.0000860723
-0.06261416 -0.0015299354 -0.0000889893
-0.06452975 -0.0014343251 -0.0000942592
-0.06577698 -0.0014267123 -0.0000942807
-0.0666823 -0.0014318312 -0.0000965484
-0.06735327 -0.0014293646 -0.0000955962
-0.0674764 -0.001430922 -0.0000975086
-0.06748798 -0.001430956 -0.0000954935
-0.067833826 -0.0014973878 -0.0001012746
-0.0702172 -0.0014305508 -0.0000996018
-0.07105376 -0.0014293263 -0.0000992135
-0.071678154 -0.0014203785 -0.0000988551
-0.07445224 -0.0015337816 -0.0001122586
-0.0771319 -0.0014299862 -0.0001061042
-0.07855475 -0.0014256554 -0.0001165672
-0.080302924 -0.0014297639 -0.0001169884
-0.08179266 -0.0014225465 -0.0001178404
-0.08304651 -0.0014265007 -0.0001204926
-0.08390415 -0.0014270184 -0.0001188159
-0.08493592 -0.0014265567 -0.0001179631
-0.08625145 -0.0014238358 -0.0001226165
-0.087286316 -0.0014309699 -0.0001217436
-0.08807549 -0.0014231671 -0.0001283886
-0.08916639 -0.0014198238 -0.000131704
-0.089750186 -0.0010912095 -0.0001001049
-0.089753844 -0.0009598377 -0.0000845689
-0.08977512 -0.0014265345 -0.0001306949
-0.09056148 -0.0014276106 -0.0001302454
-0.09112323 -0.0014286537 -0.0001304802
-0.09180151 -0.0014275331 -0.0001279485
-0.09647842 -0.001661003 -0.000165287
-0.10438929 -0.0016541922 -0.0001785164
-0.12841833 -0.0019435671 -0.0002427499
-0.16820702 -0.001519683 -0.0002569621
-0.21207468 -0.0015857506 -0.0003394392
-0.2469512 -0.0016330285 -0.0004221848
-0.25182116 -0.0015247345 -0.0004007338
-0.2537883 -0.0014377597 -0.000377686
-0.2558338 -0.0014051086 -0.0003718401
-0.25777593 -0.0013920263 -0.0003681886
-0.25970396 -0.00138916 -0.0003714039
-0.26150227 -0.0013826234 -0.0003790697
-0.2636606 -0.0015993702 -0.0001984249
-0.26449966 -0.0016313323 -0.000186684
-0.26543882 -0.0013837132 -0.0003770779
-0.26614997 -0.0013796526 -0.0003830844
-0.26704088 -0.0013811319 -0.0003768466
-0.26797897 -0.0013763837 -0.0003831857
-0.26883167 -0.001377446 -0.0003821652
-0.26942176 -0.0013849061 -0.0003899949
-0.26985776 -0.0014071532 -0.0004747398
-0.27036574 -0.0015936423 -0.0009363842
-0.27076608 -0.0013785885 -0.0003875594
-0.27124065 -0.0013778197 -0.0003895764
-0.2716616 -0.001374737 -0.0003848386
-0.27160418 -0.0009332524 -0.0002669048
-0.27137762 -0.0011672914 -0.0003307037
-0.27142134 -0.0013716952 -0.0003845989
-0.27145174 -0.0008832705 -0.0002496912
-0.2717322 -0.0013487961 -0.0003846768
-0.2720353 -0.0013706642 -0.0003898161
-0.2722412 -0.0013787777 -0.0003898537
-0.27236396 -0.0013832592 -0.0003926541
-0.27266055 -0.0013748159 -0.000387864
-0.2732127 -0.0013771623 -0.0003922938
-0.27361348 -0.0013740304 -0.0003908922
-0.27400845 -0.0013730612 -0.0003930224
-0.26986215 -0.0013862916 -0.0003892277
-0.2683772 -0.001381468 -0.000385455
-0.26709652 -0.0013882064 -0.0003834742
-0.26618406 -0.001381495 -0.0003803977
-0.26547146 -0.00137794 -0.0003809123
-0.26459244 -0.0018774336 0.000013114
-0.26396507 -0.0014853134 -0.0002893857
-0.26340878 -0.0013925113 -0.0003795688
-0.26311985 -0.001385176 -0.0003783137
-0.26330876 -0.0013844244 -0.0003826566
-0.26337367 -0.0013826833 -0.0003774084
-0.2633866 -0.0013818878 -0.000378041
-0.26336285 -0.0013827409 -0.0003762446
-0.2633568 -0.0015445733 -0.000824419
-0.26371795 -0.0014508839 -0.00049351
-0.2641037 -0.0013803574 -0.0003821943
-0.26446456 -0.0013806588 -0.0003767024
-0.26485863 -0.0013628257 -0.0003718757
-0.26485452 -0.0009069535 -0.0002505232
-0.26465026 -0.0008958626 -0.0002469462
-0.26415163 -0.0013794876 -0.0003765232
-0.2635559 -0.0013901033 -0.0003815921
-0.26340142 -0.0013833125 -0.0003766591
-0.2632313 -0.0013779213 -0.0003770846
-0.26300716 -0.0013779995 -0.0003757571
-0.26297694 -0.0013809006 -0.0003774098
-0.26301062 -0.0013844955 -0.0003781328
-0.26301554 -0.0013800741 -0.0003782685
-0.26326695 -0.0013856392 -0.0003792
-0.26363006 -0.001385252 -0.0003794738
-0.26365703 -0.0013828266 -0.0003825943
-0.263868 -0.0013839626 -0.0003812236
-0.2642433 -0.0013799334 -0.0003782814
-0.26450604 -0.0013789149 -0.0003764635
-0.26481435 -0.0014936834 -0.0002871931
-0.2648498 -0.0017148263 -0.000113783
-0.26476547 -0.0013861179 -0.0003778764
-0.26290005 -0.0014766568 -0.0004017433
-0.26124588 -0.0013856562 -0.0003756221
-0.26025933 -0.001321354 -0.0003564716
-0.2597166 -0.0009869973 -0.0002659597
-0.2596057 -0.00137694 -0.0003704157
-0.25993198 -0.0014062808 -0.0004519553
-0.26021463 -0.0015153207 -0.0007408318
-0.26058826 -0.001385221 -0.0003721535
-0.2609207 -0.001374829 -0.0003715846
-0.25885284 -0.0015118674 -0.0004026298
-0.25712925 -0.0011181798 -0.0002992378
-0.25655976 -0.0009260924 -0.0002467079
-0.25588864 -0.0011080259 -0.0002912697
-0.25485426 -0.0013831583 -0.0003628822
-0.25395525 -0.0013868012 -0.0003649815
-0.25335222 -0.001387902 -0.0003606265
-0.2525927 -0.0013831526 -0.0003618587
-0.25221565 -0.0013810158 -0.0003612654
-0.2518241 -0.0013842501 -0.0003634226
-0.25192088 -0.0013889695 -0.0003587178
-0.25194877 -0.0013851745 -0.0003605926
-0.25194493 -0.001377208 -0.000358424
-0.25187057 -0.0013889169 -0.0003613501
-0.25212392 -0.001384791 -0.0003609721
-0.2523337 -0.0013808347 -0.0003589197
-0.25262865 -0.0013850396 -0.0003611731
-0.24793708 -0.001389032 -0.0003541975
-0.2454154 -0.0018907828 0.0000619013
-0.24373844 -0.0013868733 -0.0003493748
-0.24243405 -0.0013901138 -0.0003460138
-0.24132133 -0.0013889798 -0.0003451711
-0.2403785 -0.001392002 -0.0003419296
-0.23952577 -0.0013891173 -0.0003430197
-0.23916209 -0.0013813435 -0.0003441977
-0.23860712 -0.0015784011 -0.0008335979
-0.23815349 -0.0013945223 -0.0003406285
-0.23799697 -0.0013885351 -0.0003398037
-0.23810911 -0.0013947447 -0.0003402175
-0.2383058 -0.0013850739 -0.0003402227
-0.23834077 -0.0010687367 -0.0002632925
-0.23778038 -0.0009745393 -0.000238402
-0.23691261 -0.0012385135 -0.0003032463
-0.23613243 -0.0013999167 -0.000338526
-0.23559292 -0.0013918093 -0.0003351182
-0.23526593 -0.0013911871 -0.0003369217
-0.23490867 -0.0013906689 -0.000337461
-0.23465624 -0.0013904547 -0.0003338198
-0.23401217 -0.0013905333 -0.0003288411
-0.23390238 -0.001391703 -0.0003311902
-0.23270664 -0.0014878234 -0.0003542659
-0.23085646 -0.0013968932 -0.0003306698
-0.22974107 -0.0013893107 -0.0003261398
-0.22871514 -0.0014010041 -0.0003297686
-0.22590491 -0.0013569586 -0.0003140056
-0.22144265 -0.0012147808 -0.0002764385
-0.22137406 -0.0016124168 -0.0000589173
-0.22120912 -0.0014033705 -0.0002999995
-0.22106144 -0.0014020707 -0.0003166888
-0.22073591 -0.0013959415 -0.0003169761
-0.2174625 -0.0015346429 -0.0003421856
-0.21445477 -0.0014004933 -0.00030568
-0.21251233 -0.0014527048 -0.0004157152
-0.21122709 -0.0015294019 -0.0005599309
-0.20902899 -0.0015824803 -0.0003357836
-0.2041074 -0.0014200725 -0.0002946618
-0.20222211 -0.0014003089 -0.0002876461
-0.20068462 -0.0025495896 -0.0005187545
-0.23605569 -0.0014359572 -0.0003431611
-0.27624366 -0.0013891722 -0.0004005164
-0.31814396 -0.0011621799 -0.0003860912
-0.3621327 -0.0015813587 -0.000607978
-0.40352535 -0.001568658 -0.0006901265
-0.44291002 -0.0015535115 -0.0007703325
-0.48229313 -0.0015337886 -0.0008418141
0.52158916 0.0015054366 0.0009172662
0.5602642 0.0015502835 0.0015811973
0.59409237 0.0014576444 0.0013195646
0.6268164 0.0013954848 0.0011483651
0.65904623 0.0013306374 0.0011701181
0.6903728 0.0012771853 0.0012274962
0.7208673 0.0012252599 0.0012811751
0.74996585 0.001160376 0.0013242327
0.777706 0.0011056218 0.0014023087
0.8039113 0.0010267703 0.0015392241
0.8295311 0.000839046 0.0020395026
0.8543623 0.0009175966 0.0015027288
0.8778858 0.0008546 0.0015697973
0.89903116 0.0007800092 0.0016064165
0.918287 0.0007177891 0.0016618507
0.9356968 0.0006317303 0.0016864917
0.95089924 0.0005694778 0.0017452168
0.9636359 0.0004864073 0.0017610786
0.97443163 0.0004005064 0.0017426796
0.9837166 0.0003261902 0.0017860321
0.99087924 0.0002432653 0.0017845852
0.9960163 0.0001642783 0.0018086666
0.9990387 0.0000743283 0.0017957812
0.99993646 -0.0000079146 0.0017987855
0.9987074 -0.0000930704 0.0018073602
0.99524605 -0.000174262 0.001788529
0.9895643 -0.0002616503 0.0018096886
0.98182946 -0.0003379081 0.0017575789
0.97193605 -0.0004225496 0.0017524601
0.9598916 -0.0005013812 0.0017181535
0.94593173 -0.0005881726 0.0017239461
0.93033266 -0.0006689159 0.001693453
0.9128138 -0.0007373069 0.0016551263
0.8933632 -0.0008085977 0.0016087934
0.87203133 -0.0008890833 0.0015841058
0.8494401 -0.0009552023 0.0015411153
0.8248026 -0.0010278926 0.0015098023
0.7989987 -0.0010731149 0.0014296024
0.7708811 -0.001146549 0.0013846578
0.7412025 -0.001216728 0.0013447119
0.71041375 -0.0012462144 0.0012648476
0.67749596 -0.001321296 0.0012229196
0.64201975 -0.0013728526 0.0011533535
0.60558957 -0.0014611835 0.0011109554
0.56781495 -0.0014799822 0.0010240244
0.52898073 -0.0015440041 0.0009635439
0.48963422 -0.0015620745 0.0008836339
0.44877797 -0.0016175413 0.0008161987
0.40872607 -0.0016312208 0.000730361
0.366589 -0.0016743898 0.0006655167
0.32429042 -0.001699005 0.0005893631
0.2810575 -0.0017268462 0.0005075341
0.23633544 -0.0017520869 0.0004216373
0.19428203 -0.001792537 0.0003571624
0.15083686 -0.0010144459 0.0002304151
0.1062628 -0.0010979623 0.0001632266
0.06870513 0.0001550054 0.0001866588
0.06524314 -0.0012780905 0.0000827641
0.061179362 -0.001267575 0.0000788026
0.058632754 -0.0014879889 0.0000889151
0.05605314 -0.0014682788 0.0000859672
0.053765923 -0.0014454143 0.0000752924
0.051634602 -0.0014354525 0.0000759819
0.05000577 -0.001428872 0.0000692778
0.048659265 -0.0014258293 0.0000687914
0.04736066 -0.0014313565 0.0000640157
0.046232957 -0.0014328659 0.0000661334
0.045386814 -0.0014301955 0.0000671558
0.04468508 -0.0014291827 0.0000634865
0.044100076 -0.0014316785 0.0000641862
0.043618117 -0.0014368561 0.0000579774
0.043234177 -0.001424223 0.0000614416
0.043023344 -0.0014309279 0.0000630143
0.042855784 -0.0014293559 0.0000618876
0.042842776 -0.001432596 0.0000628173
0.042824548 -0.0014306069 0.0000599027
0.04284049 -0.0014330747 0.0000588503
0.042922538 -0.001433504 0.0000672906
0.042928264 -0.0014276558 0.0000604652
0.042945538 -0.0014238831 0.0000649648
0.042941846 -0.0014295822 0.000059726
0.04271976 -0.0014354314 0.0000623319
0.042544324 -0.0011392022 0.0000482023
0.042354766 -0.0014293828 0.0000553247
0.042224113 -0.001433967 0.0000614136
0.04207682 -0.0014319876 0.0000613218
0.04212044 -0.0014256225 0.0000620723
0.041884564 -0.0014293742 0.0000596285
0.041620474 -0.0014244195 0.0000618589
0.041364986 -0.0014322586 0.0000597589
0.041364312 -0.0014236441 0.0000546966
0.04123417 -0.0014292815 0.000060105
0.041151978 -0.0014328265 0.0000595472
0.041157223 -0.0014327299 0.000059667
0.041146915 -0.0014221885 0.0000570218
0.041172095 -0.001433587 0.0000624562
0.04114093 -0.0014281083 0.0000632965
0.04117715 -0.0014247715 0.0000610275
0.04122709 -0.0014329976 0.0000609701
0.04131463 -0.0014287533 0.0000571211
0.04129911 -0.0014246493 0.000059824
0.04129355 -0.0014312308 0.0000594042
0.041384526 -0.0014296606 0.00005936
0.041416332 -0.0014360633 0.0000562478
0.04145778 -0.0014281987 0.0000602432
0.041555133 -0.0014277508 0.0000619755
0.04161807 -0.0014330546 0.0000626045
0.041791085 -0.0014131035 0.0000599584
0.041772578 -0.0013288527 0.0000516146
0.041653864 -0.0014371953 0.0000605259
0.04154245 -0.0014298175 0.0000587491
0.041575287 -0.001433247 0.000061206
0.041736387 -0.0014272616 0.0000603414
0.041881096 -0.0014336159 0.0000605183
0.041791167 -0.0014330081 0.0000581115
0.041832436 -0.0014328581 0.0000607221
0.041802976 -0.0014331209 0.0000629417
0.04184863 -0.0014285358 0.0000640307
0.041792333 -0.0014300647 0.0000582681
0.041765586 -0.0014331442 0.0000559206
0.04156849 -0.0014258667 0.0000606088
0.04159468 -0.0014259017 0.0000591492
0.041509535 -0.0014322875 0.0000598563
0.041350756 -0.0014306922 0.0000568949
0.041342027 -0.0014212482 0.0000626934
0.04131775 -0.0014259531 0.000062805
0.04136621 -0.0014316229 0.0000612163
0.04156165 -0.0014265726 0.0000546995
0.041621637 -0.0014273021 0.0000574053
0.04166748 -0.0014282846 0.0000610039
0.041742053 -0.0014316193 0.0000601265
0.042844653 -0.0015325757 0.0000638242
0.044962853 -0.0014214278 0.0000636579
0.046472214 -0.0009925007 0.0000466819
0.049412485 -0.0014325976 0.000075686
0.051031135 -0.001424765 0.0000712068
0.055059977 -0.0014303904 0.00007802
0.058725186 -0.0015669789 0.0000894495
0.062159717 -0.0014373304 0.0000916835
0.06666529 -0.0014264457 0.0001006661
0.072331496 -0.0014511899 0.0001048536
0.07643418 -0.0015379356 0.0001230199
0.08052202 -0.0015657416 0.0001255109
0.08567555 -0.0014510802 0.0001237768
0.10220549 -0.0024302094 0.0002387396
0.14216399 -0.0015064458 0.0002185897
0.18312708 -0.0015771262 0.0002926382
0.22801685 -0.0016144693 0.0003795018
0.27284828 -0.0016310711 0.0004577928
0.31472522 -0.0016304601 0.0005406666
0.35571215 -0.0016291894 0.0006199813
0.39614123 -0.0016132332 0.0006950712
0.43818873 -0.0015875526 0.0007747178
0.47957343 -0.0015674217 0.0008505802
0.5224673 -0.0015310869 0.0009341122
0.5634507 -0.0014805226 0.0010062337
0.6046332 -0.0014228343 0.0010803156
0.644312 -0.0013599051 0.0011446194
0.68251973 -0.0013001289 0.0012160173
0.72029716 -0.0012310164 0.0012833878
0.7555874 -0.0011669472 0.0013438907
0.7882693 -0.0011004002 0.0013987158
0.8185379 -0.001016142 0.001441688
0.8467635 -0.0009463765 0.0015070608
0.8721973 -0.0008772998 0.001556891
0.8947649 -0.0007990805 0.0015994955
0.91476965 -0.0007262843 0.0016410847
0.93234223 -0.0006480556 0.0016797318
0.9476557 -0.0005791984 0.001710152
0.9609162 -0.0004952401 0.001717636
0.9720763 -0.0003001586 0.0012271341
0.98171014 -0.0002449003 0.0009469402
0.98937416 -0.0002084738 0.0009498196
0.9949783 -0.0001475897 0.0009131061
0.99848855 -0.0000745832 0.0010070698
0.9998976 -0.0000141093 0.0016853142
0.9992465 0.0000667742 0.0017904714
0.9963876 0.000149721 0.0017870922
0.99125576 0.0002361303 0.0017912692
0.98402977 0.0003173819 0.0017753564
0.9746844 0.0003612967 0.0015982084
0.9635743 0.000181628 0.0009449618
0.950367 0.0002921239 0.0009902108
0.9353055 0.0002456999 0.0009185504
0.9177205 0.0003246602 0.0009370065
0.89771545 0.0006676636 0.0014207432
0.87443435 0.0008979598 0.0015679428
0.8488747 0.0015564348 0.0016361193
0.82342786 0.0010227703 0.0014807725
0.79741466 0.0010816895 0.0014273021
0.7696086 0.0011415818 0.0013743998
0.7396294 0.0012029503 0.0013250796
0.7098495 0.0012637761 0.0012781891
0.6774541 0.0013129305 0.0012128062
0.64304465 0.0013773385 0.0011591028
0.606284 0.0014242699 0.0010863503
0.5680424 0.0019949253 0.0009013922
0.52738744 0.002010017 0.0008058691
-0.38460988 -0.0012667661 -0.0006955047
-0.44153222 -0.001641317 -0.0008038675
-0.3979878 -0.0016795015 -0.0007306478
-0.35521215 -0.0016838763 -0.0006387869
-0.31259105 -0.0017069489 -0.0005643679
-0.2700449 -0.0017263463 -0.0004861907
-0.22630396 -0.0017519183 -0.0004068424
-0.19030222 -0.0017719623 -0.0003386813
-0.18615481 -0.0016099 -0.0003060487
-0.18459609 -0.0014969622 -0.0002798545
-0.18243638 -0.0014356336 -0.0002649694
-0.17993356 -0.0012637128 -0.0001133905
-0.1785578 -0.0010880971 -0.000200967
-0.17830855 -0.0013909902 -0.0002527733
-0.17806056 -0.0013992841 -0.0002521979
-0.17775033 -0.0014029812 -0.0002538583
-0.17746314 -0.0015049006 -0.0004653085
-0.17719339 -0.0014115507 -0.0002570627
-0.17692222 -0.00141555 -0.000249937
-0.17685454 -0.0014079974 -0.0002486346
-0.17667955 -0.00141473 -0.0002546792
-0.17653789 -0.0014039405 -0.0002503812
-0.17650135 -0.0009199077 -0.0001650607
-0.17660432 -0.0009457793 -0.0001698583
-0.17569114 -0.0014107381 -0.0002491009
-0.17510302 -0.0014122155 -0.0002484722
-0.17476028 -0.0014065906 -0.0002489854
-0.17449732 -0.0014069299 -0.0002479105
-0.17440763 -0.0014087951 -0.000247803
-0.1742141 -0.0014129909 -0.0002507881
-0.17418511 -0.0014122274 -0.0002501747
-0.1741566 -0.0014098759 -0.0002493903
-0.17409414 -0.001408127 -0.0002478158
-0.17414442 -0.0014060249 -0.0002509037
-0.17428148 -0.0014089841 -0.0002455073
-0.17438948 -0.00140922 -0.0002463721
-0.17438816 -0.0014161908 -0.0002485121
-0.1744317 -0.0016424786 -0.0000158521
-0.17470786 -0.001411942 -0.0002530137
-0.17472045 -0.001412518 -0.0002493678
-0.17468813 -0.0014126644 -0.0002524109
-0.17467538 -0.0014167038 -0.000252401
-0.17458907 -0.0015114354 -0.0004685017
-0.17451857 -0.0014078843 -0.0002481104
-0.17448498 -0.0014080937 -0.0002495093
-0.17452036 -0.0014125758 -0.0002508093
-0.17449515 -0.0014101216 -0.0002479048
-0.17441857 -0.0014099613 -0.0002497357
-0.17433438 -0.0011795686 -0.0002098052
-0.17365868 -0.0009719334 -0.0001733971
-0.1733553 -0.0012242754 -0.0002159859
-0.17337772 -0.001410621 -0.0002511108
-0.17343387 -0.0014083919 -0.0002502985
-0.17346223 -0.0014084977 -0.0002455462
-0.17348038 -0.0014086858 -0.000246782
-0.17354448 -0.0014134033 -0.0002500977
-0.17367572 -0.0014118978 -0.0002468357
-0.17370616 -0.0014112943 -0.0002522045
-0.17374548 -0.0014086049 -0.0002483636
-0.17378989 -0.001410958 -0.0002528301
-0.17389944 -0.0014150424 -0.0002542956
-0.17412993 -0.0014109557 -0.0002513424
-0.17402275 -0.001413902 -0.0002468275
-0.17398158 -0.0014172479 -0.0002412565
-0.1740375 -0.0016826963 0.0000070947
-0.1744225 -0.0014094048 -0.0002485625
-0.17470807 -0.0014166936 -0.0002511659
-0.17498778 -0.00140923 -0.0002518967
-0.17522934 -0.001427293 -0.000288731
-0.17552154 -0.0014495413 -0.0003387946
-0.17577767 -0.0014065856 -0.0002536547
-0.1759845 -0.0014083073 -0.0002524533
-0.17610934 -0.001411959 -0.0002497763
-0.18196782 -0.001416397 -0.0002601901
-0.18354684 -0.0014141997 -0.0002649138
-0.18413803 -0.0009572011 -0.0001791607
-0.18447557 -0.001032954 -0.0001960842
-0.18510687 -0.0014036355 -0.0002635862
-0.18576321 -0.0014054351 -0.0002665963
-0.18633208 -0.0014056757 -0.0002691761
-0.18672615 -0.001405659 -0.0002667711
-0.18699628 -0.0014102994 -0.0002674553
-0.18727243 -0.000964342 -0.0001856656
-0.1878036 -0.0010868948 -0.0002096703
-0.18782608 -0.001403422 -0.0002675535
-0.18769702 -0.0013949687 -0.0002664816
-0.18764803 -0.0014076608 -0.0002696735
-0.18753877 -0.0014033348 -0.0002689907
-0.1874407 -0.0014045407 -0.0002695256
-0.18743204 -0.0014021369 -0.0002704743
-0.18742198 -0.0015476248 -0.0001292581
-0.18746747 -0.0013999654 -0.0002674432
-0.18749502 -0.0014074522 -0.0002694765
-0.18751469 -0.0014021714 -0.0002658528
-0.187434 -0.0014088453 -0.000268682
-0.18740322 -0.0014644747 -0.000405249
-0.18732965 -0.0014060641 -0.0002693013
-0.1873197 -0.0014027276 -0.0002653845
-0.18725169 -0.0014031765 -0.000268922
-0.192063 -0.001407021 -0.0002744859
-0.19376205 -0.0014016557 -0.0002777279
-0.19467351 -0.001109771 -0.0002231014
-0.19502634 -0.0009320082 -0.0001843567
-0.19603865 -0.0013082759 -0.0002621887
-0.1972657 -0.0014094639 -0.0002832593
-0.1981982 -0.0014024164 -0.0002816135
-0.19874963 -0.0014048477 -0.0002860227
-0.19945724 -0.001400047 -0.0002863179
-0.2000184 -0.00140462 -0.0002837922
-0.2001973 -0.0014026912 -0.0002922342
-0.2003434 -0.0014016938 -0.0002875255
-0.20050624 -0.0014065272 -0.0002818953
-0.20065363 -0.0013968347 -0.0002856615
-0.20060137 -0.0014061814 -0.0002869155
-0.20277265 -0.0014015095 -0.0002881777
-0.2039407 -0.0014052836 -0.0002940199
-0.20481655 -0.0014038105 -0.0002967911
-0.21015732 -0.0018092437 -0.000114012
-0.21289189 -0.0014017781 -0.0003061299
-0.21495278 -0.0013998298 -0.0003051963
-0.21632555 -0.0013965422 -0.0003053891
-0.2168189 -0.0013981594 -0.0003126319
-0.21710086 -0.0013985358 -0.0003130832
-0.21851985 -0.0016285116 -0.0006807045
-0.22150028 -0.0014686255 -0.0003368856
-0.22451249 -0.0015885758 -0.000369148
-0.22931783 -0.001396398 -0.0003335142
-0.23112097 -0.0013900729 -0.0003330788
-0.23214948 -0.0012539448 -0.0003019523
-0.23565023 -0.0007450148 -0.0001812218
-0.24000296 -0.0011488572 -0.0002886089
-0.24223027 -0.0013936686 -0.0003471119
-0.24465342 -0.0014829921 -0.0003726069
-0.24966958 -0.0015095922 -0.0003893836
-0.25427502 -0.0014995334 -0.0003969176
-0.27472946 -0.0019720949 -0.0005581501
-0.313922 -0.0014475541 -0.0004731682
-0.35294527 -0.0014817468 -0.0005591014
-0.39512143 -0.0015516259 -0.0006694506
-0.4368773 -0.0015404348 -0.0007495516
-0.4760422 -0.0015218066 -0.0008193139
0.514284 0.0014921397 0.0008948288
0.5529934 0.0014651676 0.00097071
0.5893815 0.0014406436 0.001051564
0.62387735 0.0013970796 0.001110412
0.6586448 0.0013469115 0.0011777295
0.69310695 0.0013004958 0.0012471669
0.7249838 0.0012345875 0.0012991942
0.75613016 0.0011800689 0.0013587682
0.7853651 0.0011131398 0.0014120468
0.8123037 0.0010592844 0.0014740155
0.83822024 0.0009824961 0.0015079905
0.8626545 0.0009372225 0.0015955891
0.8847454 0.0008486913 0.0016143511
0.90519464 0.0007678558 0.0016327603
0.9240837 0.0006859401 0.0016699523
0.9406414 0.0006142923 0.0016965587
0.95509654 0.0005371023 0.0017354327
0.96732837 0.000453001 0.0017419315
0.978137 0.0003714423 0.0017583689
0.9865793 0.0002944511 0.0017635401
0.99279755 0.0002138012 0.0017849605
0.99709207 0.0001388325 0.0018068937
0.99947673 0.000057335 0.0017906912
0.9998525 -0.0000228624 0.0017886441
0.99809855 -0.0001090656 0.0017822966
0.9941219 -0.0001918457 0.0017907558
0.9881444 -0.0002672953 0.0017671231
0.9802163 -0.0003646469 0.0018106762
0.97024506 -0.0001858001 0.0010641813
0.9586903 -0.000436075 0.0014767749
0.94545823 -0.0005790945 0.0016784013
0.92973566 -0.0006534637 0.0016575938
0.9120053 -0.0007417983 0.0016556736
0.89318955 -0.0008034919 0.0016010407
0.8720646 -0.0008788502 0.0015734797
0.84968406 -0.0009449236 0.001532692
0.8241625 -0.0010151974 0.0014768018
0.79695046 -0.0010773735 0.0014235197
0.7693412 -0.0011466226 0.0013801935
0.7408346 -0.0012128672 0.0013396578
0.71031594 -0.0012622385 0.0012843662
0.6771625 -0.0013201277 0.0012177222
0.64228284 -0.001365857 0.0011452495
0.60522175 -0.0014469239 0.0010966319
0.5673273 -0.0014889351 0.0010249718
0.5299393 -0.0015471077 0.0009623101
0.49056616 -0.0015650854 0.000878692
0.45063582 -0.001612749 0.0008123349
0.41093653 -0.0016079729 0.0007282431
0.36881778 -0.0016834997 0.0006640875
0.32586998 -0.0017155653 0.0005906139
0.28250653 -0.0017665986 0.0005308463
0.23974654 -0.0017620577 0.0004355103
0.19675559 -0.001752239 0.0003580765
0.15334016 -0.0017603192 0.0002766122
0.110189855 -0.0017795833 0.0001956909
0.08461918 -0.0017243254 0.0001442965
0.08303245 -0.0015418133 0.000131551
0.08233919 -0.0014615154 0.0001244363
0.08197884 -0.0011619312 0.0000967581
0.08101626 -0.0009743606 0.0000804994
0.08002621 -0.0009474721 0.0000788496
0.079607435 -0.0013990444 0.0001128707
0.079670005 -0.0014356117 0.0001127506
0.08005471 -0.0014247044 0.0001110868
0.080716066 -0.0014231591 0.0001170708
0.08068235 -0.0014284892 0.0001130105
0.080760576 -0.0014303713 0.0001142132
0.08092815 -0.0014215924 0.0001162325
0.0810893 -0.0014268119 0.0001160488
0.081308454 -0.0014291469 0.0001153151
0.08109086 -0.0014226756 0.0001165716
0.08156523 -0.0014273196 0.000115637
0.08174772 -0.0014246406 0.0001166267
0.08217708 -0.0014287201 0.0001166406
0.082863376 -0.0014082042 0.0001176517
0.08317866 -0.0009508525 0.0000780048
0.083619624 -0.001422737 0.0001228918
0.08399985 -0.0014323674 0.0001211901
0.08451517 -0.0014221787 0.0001190861
0.08529932 -0.0014250649 0.0001220484
0.086016156 -0.0014222696 0.0001265158
0.08668214 -0.001428213 0.0001244039
0.086844325 -0.0014253682 0.0001247569
0.087428264 -0.0014243093 0.0001214006
0.087901615 -0.0014233883 0.000121959
0.08853459 -0.0014249899 0.0001233073
0.08943094 -0.0014291118 0.0001285158
0.08992058 -0.0014216289 0.0001264136
0.090528086 -0.0014193297 0.0001243923
0.09086345 -0.0014270961 0.000131234
0.09143688 -0.0014307026 0.0001324493
0.09168927 -0.0014363406 0.0001320789
0.09240197 -0.0014184217 0.0001316651
0.09306575 -0.0014243522 0.0001373815
0.09358368 -0.001426213 0.0001305816
0.094043404 -0.0015273801 0.0001452464
0.091924205 -0.0014356046 0.0001326163
0.09143333 -0.001427408 0.0001304786
0.09093 -0.0014285308 0.000130994
0.09069232 -0.0014285797 0.0001306655
0.09030308 -0.0013060934 0.0001158239
0.09008795 -0.0009590577 0.0000850649
0.08958583 -0.0014250752 0.0001240388
0.08902168 -0.0014241396 0.0001268409
0.08850651 -0.0014247863 0.000127654
0.08813994 -0.0014287678 0.0001257178
0.08665275 -0.0014755811 0.0001257311
0.085981615 -0.0014321348 0.0001230937
0.08504117 -0.0014278801 0.0001176074
0.084300704 -0.0014226569 0.0001192416
0.08241532 -0.0015889416 0.0001332573
0.07716145 -0.0014325373 0.0001077549
0.075249635 -0.0014346195 0.0001096463
0.0737858 -0.0014298579 0.0001025716
0.07265137 -0.0014271162 0.0001064067
0.07150779 -0.0014292949 0.0001016385
0.07026954 -0.0014327895 0.0000985752
0.06898071 -0.0014285578 0.0001002185
0.06782801 -0.0014258097 0.0000951545
0.06692616 -0.0014345215 0.0001006874
0.06628036 -0.0014292633 0.0000950041
0.065679945 -0.0014275337 0.0000938576
0.06479781 -0.0014293137 0.0000940459
0.06373122 -0.001423768 0.000089433
0.06313132 -0.00143246 0.0000914697
0.0626543 -0.001430574 0.0000905544
0.062331893 -0.0012842405 0.000082236
0.062084306 -0.0014274775 0.0000900634
0.06198763 -0.0014323795 0.000092469
0.061690908 -0.0014286259 0.0000869553
0.061283477 -0.0014289258 0.0000909128
0.061070077 -0.0014255035 0.0000867149
0.060619373 -0.0014315172 0.0000916519
0.060324173 -0.0014249865 0.0000899454
0.06006197 -0.0014298391 0.0000841667
0.059453834 -0.0014313884 0.000084714
0.05864005 -0.0014296524 0.0000876486
0.05789887 -0.0014295498 0.0000859795
0.05760944 -0.0014303521 0.0000839128
0.05722919 -0.0014263128 0.0000794012
0.057237692 -0.001424951 0.0000830049
0.05725635 -0.0014294112 0.0000820413
0.057168685 -0.0014270012 0.000081405
0.057129942 -0.0014323622 0.0000787644
0.056778036 -0.0014330985 0.0000844557
0.056305666 -0.0014350333 0.0000823375
0.06083834 -0.0022931574 0.0001420629
0.097399585 -0.0014614669 0.0001486372
0.13942438 -0.00155197 0.0002148582
0.18510124 -0.0016445642 0.0003437745
0.23104115 -0.0016495648 0.0004141912
0.2763091 -0.0016388746 0.0004767167
0.3190779 -0.0016357924 0.000553995
0.36073953 -0.0016324704 0.0006249396
0.4039902 -0.0016150989 0.0007155616
0.4455207 -0.0016057997 0.0007873595
0.48668736 -0.0015493645 0.0008661522
0.52641577 -0.0015220835 0.000939063
0.56449705 -0.0014649568 0.0009991543
0.59983164 -0.0012728028 0.0009507726
0.6348214 -0.0007617307 0.0005514139
0.66931134 -0.0006726849 0.00043033
0.7021681 -0.0012742494 0.0012536717
0.7335347 -0.0012147094 0.001310555
0.7645464 -0.0011623322 0.0013714448
0.7936674 -0.0010896487 0.0014145816
0.82130307 -0.0010318519 0.0014718557
0.8469995 -0.0009600979 0.0015265271
0.8704872 -0.0008759548 0.0015564667
0.8922963 -0.0008101017 0.0016047237
0.9120582 -0.0007427801 0.0016458292
0.92940485 -0.0006655703 0.0016649325
0.94521916 -0.0005773987 0.0016824119
0.95883197 -0.0005088558 0.0017266858
0.9700731 -0.0003362756 0.0018719522
0.9795734 -0.0003605944 0.0017373692
0.98773783 -0.0002734262 0.00176447
0.99355286 -0.0002024881 0.0017751878
0.99749815 -0.0001274876 0.0017830797
0.9995974 -0.0000515903 0.0017875128
0.9997735 0.0000361027 0.0017862121
0.9978383 0.0001150822 0.0017867933
0.99374807 0.0002022072 0.0017767117
0.98746145 0.0002776963 0.0017742973
0.97895116 0.0003710439 0.0017653307
0.96825075 0.0004483164 0.0017431695
0.9557904 0.0003732094 0.0019149227
0.9417896 0.0005805718 0.0017235341
0.9251119 0.000679078 0.0016697347
0.9068631 0.000753719 0.0016351172
0.88630134 0.0008353855 0.001608284
0.86403596 0.0008970224 0.0015546058
0.84017885 0.0009690792 0.0015047637
0.81448716 0.0010416952 0.0014645357
0.78809035 0.0011050538 0.0014160553
0.7598167 0.0011594701 0.0013539774
0.73001003 0.0012282847 0.0013161786
0.6988057 0.001282051 0.0012554906
0.6646325 0.0013412703 0.0011981202
0.6283873 0.0014083527 0.0011366158
0.5911715 0.0014623834 0.0010743773
0.55293024 0.001519312 0.0010110022
0.41480717 0.0012268662 0.0007490233
-0.4745769 -0.0013005411 -0.0007076931
-0.43423906 -0.000944109 -0.0005289388
-0.39282632 -0.0010902348 -0.000516261
-0.3507775 -0.0015464094 -0.0005994385
-0.30815417 -0.0018162057 -0.0009707655
-0.26504493 -0.001723884 -0.000476741
-0.22093269 -0.0017467331 -0.0003970709
-0.17548123 -0.0017738082 -0.0003200504
-0.13119847 -0.0017855782 -0.0002336637
-0.08558129 -0.0017810997 -0.0001487892
-0.04384624 -0.0017897456 -0.0000705775
-0.028993934 -0.0016774388 -0.0000482349
-0.027376661 -0.0015516619 -0.0000384635
-0.025266876 -0.0014744522 -0.0000379056
-0.022935502 -0.0014485565 -0.0000313547
-0.020903433 -0.0014400273 -0.0000291291
-0.01896241 -0.0014285042 -0.0000248839
-0.017178964 -0.0014375227 -0.0000250052
-0.016066091 -0.0014313308 -0.0000230392
-0.015174463 -0.0014350488 -0.0000201313
-0.014475559 -0.0014348167 -0.0000209294
-0.013935658 -0.0014250188 -0.0000233411
-0.013459387 -0.0014248914 -0.0000232993
-0.012943029 -0.0014345432 -0.0000209164
-0.012651904 -0.0014307144 -0.0000212442
-0.01253939 -0.0014334751 -0.0000137733
-0.01252787 -0.0014297761 -0.0000150087
-0.012883158 -0.0014364868 -0.0000192145
-0.0127547085 -0.0014354519 -0.0000221511
-0.012851151 -0.0014273708 -0.0000185509
-0.012799753 -0.0014305176 -0.0000188757
-0.012719932 -0.0014305844 -0.0000201327
-0.012881888 -0.0014272883 -0.0000205951
-0.012889537 -0.0014323285 -0.0000161333
-0.013057737 -0.001428516 -0.0000168916
-0.013236155 -0.0014318371 -0.000017797
-0.013283417 -0.0014314762 -0.0000199538
-0.013547486 -0.0014348931 -0.0000200914
-0.01365218 -0.001433721 -0.0000187475
-0.0138888685 -0.0014293899 -0.0000193797
-0.013881807 -0.0012541102 -0.0000193852
-0.014085415 -0.0014379357 -0.0000232176
-0.01421719 -0.0014296635 -0.0000214407
-0.014321935 -0.0014296423 -0.0000199206
-0.014295596 -0.0014300544 -0.0000187153
-0.014390106 -0.0014405499 -0.0000194227
-0.014895518 -0.0014357931 -0.0000232595
-0.015213941 -0.0014392838 -0.0000243153
-0.01563909 -0.0014366348 -0.0000253999
-0.016087841 -0.0014288453 -0.0000245056
-0.016281843 -0.0014334038 -0.0000215747
-0.016754476 -0.0014334857 -0.000024997
-0.016975708 -0.0014268185 -0.0000216178
-0.017191412 -0.0014326794 -0.000028398
-0.01758229 -0.0014305515 -0.0000250333
-0.017724197 -0.001428433 -0.0000243449
-0.01848256 -0.0014350151 -0.0000234813
-0.0186977 -0.0014280417 -0.0000272749
-0.018989785 -0.0014278117 -0.0000264162
-0.019114008 -0.0014305317 -0.0000301509
-0.019545991 -0.0014260521 -0.0000286041
-0.020007925 -0.0014327818 -0.0000284695
-0.020566793 -0.0014333178 -0.0000288794
-0.021038353 -0.0014290314 -0.0000293685
-0.021461563 -0.0014270685 -0.000029296
-0.021861797 -0.0014304366 -0.0000310957
-0.022104414 -0.0013211914 -0.0000293064
-0.022225805 -0.0014274372 -0.0000280233
-0.02220438 -0.0014262219 -0.0000357323
-0.02252285 -0.0014350486 -0.0000337026
-0.022712698 -0.001432062 -0.0000304948
-0.022940788 -0.0014343347 -0.0000318177
-0.023357974 -0.0014402766 -0.0000333834
-0.023859998 -0.0014339546 -0.0000374364
-0.023832675 -0.0014311101 -0.0000356467
-0.023886407 -0.0014311131 -0.0000355057
-0.024009295 -0.0014340922 -0.0000352645
-0.02413806 -0.0014329518 -0.0000275329
-0.024240175 -0.0014326483 -0.0000359324
-0.024372779 -0.0014337838 -0.0000340177
-0.02459083 -0.0014303549 -0.0000358347
-0.02484915 -0.0014332659 -0.0000364791
-0.024887355 -0.0014270612 -0.0000333722
-0.024983982 -0.0014285857 -0.0000372268
-0.025005734 -0.0014228817 -0.0000352448
-0.025106126 -0.0014250849 -0.0000337577
-0.025235957 -0.0014276851 -0.0000368509
-0.025175467 -0.0014335582 -0.000036574
-0.025134701 -0.0014292962 -0.0000364805
-0.025271133 -0.001430707 -0.0000349003
-0.025249999 -0.0014302392 -0.0000367865
-0.025093898 -0.0013069373 -0.000031838
-0.025203113 -0.0014327632 -0.0000331602
-0.02523083 -0.0014258272 -0.0000370641
-0.02523986 -0.001431719 -0.0000383841
-0.02506963 -0.0014330696 -0.000033577
-0.02506415 -0.0014334364 -0.0000362696
-0.02522015 -0.0014332711 -0.0000364372
-0.025205355 -0.0014317231 -0.0000369221
-0.025147483 -0.001435987 -0.0000389904
-0.02542241 -0.0014332914 -0.0000391969
-0.025703158 -0.0014319184 -0.0000364881
-0.025930349 -0.0014360572 -0.0000356585
-0.025890345 -0.0014270724 -0.0000351938
-0.025815178 -0.0014296813 -0.0000426328
-0.02601042 -0.0014283896 -0.0000383894
-0.02611727 -0.0014331959 -0.0000360993
-0.026358327 -0.0014373272 -0.0000389952
-0.026566992 -0.0014337499 -0.0000406243
-0.026636565 -0.0014326794 -0.000039209
-0.026930645 -0.0014256467 -0.0000340846
-0.026970077 -0.0014309551 -0.0000394307
-0.02723595 -0.0014288512 -0.0000359927
-0.027468944 -0.0014318435 -0.0000393455
-0.027571985 -0.001428573 -0.0000436541
-0.02771844 -0.0014316265 -0.0000397724
-0.02783353 -0.001348961 -0.0000396808
-0.027883217 -0.0014353057 -0.0000421448
-0.028073216 -0.0014317182 -0.0000412995
-0.028242191 -0.0014280094 -0.0000393235
-0.028339747 -0.0014307385 -0.0000376178
-0.028580552 -0.0014324044 -0.000042308
-0.02881231 -0.0014321072 -0.0000420448
-0.028984413 -0.0014308213 -0.0000367831
-0.029012898 -0.0014301797 -0.0000471834
-0.029240722 -0.0014359006 -0.0000453771
-0.029269498 -0.0014303031 -0.0000431495
-0.02944066 -0.0014311209 -0.0000431146
-0.02962721 -0.0014296507 -0.0000429131
-0.029863307 -0.0014330546 -0.0000406934
-0.03011036 -0.0014306706 -0.0000421006
-0.030083627 -0.0014360771 -0.0000463723
-0.030181611 -0.0014337292 -0.0000441231
-0.030329132 -0.0014353802 -0.0000430975
-0.030297032 -0.0014343912 -0.0000434673
-0.03030475 -0.0014321555 -0.000041249
-0.030452032 -0.001434334 -0.0000437724
-0.030617675 -0.0014311385 -0.0000439323
-0.030627733 -0.0014302654 -0.0000435543
-0.030563597 -0.0014276162 -0.0000409188
-0.030523453 -0.0014302988 -0.0000452634
-0.030516569 -0.0014322597 -0.0000445147
-0.030637953 -0.0014341602 -0.0000422995
-0.030784603 -0.0014324909 -0.0000480373
-0.030962303 -0.0014358128 -0.0000479905
-0.031082815 -0.001433891 -0.0000505021
-0.031400114 -0.0014385197 -0.0000451949
-0.031661473 -0.0014325997 -0.0000475311
-0.032012824 -0.0014340642 -0.0000362331
-0.032242496 -0.0014278594 -0.0000419232
-0.032468237 -0.0014255818 -0.0000469532
-0.03272625 -0.0014285401 -0.0000458117
-0.03283312 -0.0014289995 -0.0000473446
-0.032826997 -0.0014344526 -0.0000470684
-0.032840244 -0.0014360439 -0.0000482404
-0.032741066 -0.001432329 -0.0000453903
-0.0327357 -0.0014312111 -0.0000490925
-0.032737594 -0.0014305983 -0.000046035
-0.03276092 -0.0014270698 -0.0000470572
-0.032739628 -0.0014312477 -0.0000443357
-0.032863937 -0.001422382 -0.0000413016
-0.030114973 -0.0016298278 -0.0000476376
-0.026278203 -0.0014387087 -0.0000393953
-0.030898277 -0.0019113796 -0.0000636667
-0.06859547 -0.0014900502 -0.0001085472
-0.11123891 -0.0015755149 -0.000170269
-0.15590295 -0.0016338096 -0.0002549393
-0.20243025 -0.001661102 -0.000343198
-0.24585459 -0.0016721494 -0.0004223774
-0.28804228 -0.0016538433 -0.0004973627
-0.32985026 -0.0017307643 -0.000747873
-0.36972958 -0.0016327869 -0.0006516514
-0.4092416 -0.0016295783 -0.0007350678
-0.4419346 -0.001557136 -0.0007717161
-0.42142233 -0.0016277966 -0.0007614208
-0.40750393 -0.0016421627 -0.0007348449
-0.397273 -0.0016580045 -0.0007215932
-0.37621164 -0.0017017815 -0.0006978987
-0.3558752 -0.0017507846 -0.000671157
-0.34085378 -0.001792194 -0.0007104101
-0.33439738 -0.0018245289 -0.0007627659
-0.3304153 -0.0018235731 -0.000763283
-0.2964854 -0.0017612216 -0.0005495789
-0.26030922 -0.0017925429 -0.0004845654
-0.22147493 -0.0018313875 -0.0004169134
-0.18056276 -0.0018305499 -0.0003354306
-0.13749531 -0.0018210679 -0.0002562531
-0.094701245 -0.0018048824 -0.0001755156
-0.050682437 -0.0017973727 -0.0000910484
-0.024198141 -0.0017596815 -0.0000409101
-0.02213666 -0.0015987471 -0.0000383589
-0.020113746 -0.0015020106 -0.0000308335
-0.021230098 -0.0021201451 -0.0000463601
-0.05577491 -0.0014636036 -0.0000788531
-0.096488625 -0.001515911 -0.000153588
-0.14004041 -0.0016073681 -0.0002246843
-0.18386294 -0.0014688733 -0.0002748207
-0.2278122 -0.0011531617 -0.0002669785
-0.2717756 -0.001149988 -0.0003196361
-0.31467983 -0.0011175626 -0.0003535317
-0.3570742 -0.0018004716 -0.0006838772
-0.39766556 -0.0016748697 -0.0007251468
-0.43694586 -0.0016138002 -0.000781722
-0.44451436 -0.0016199544 -0.0008081771
-0.43243092 -0.0016393999 -0.0007857778
-0.41485023 -0.0016549837 -0.0007557656
-0.40825304 -0.001678803 -0.0007547467
-0.3974046 -0.0016837874 -0.0007263786
-0.38584018 -0.0017083386 -0.0007161529
-0.3598517 -0.0017543987 -0.0006679579
-0.334868 -0.0017776769 -0.0006307327
-0.30192772 -0.0017570561 -0.0005551031
-0.2631843 -0.0018037332 -0.0004909531
-0.22292018 -0.0016668312 -0.0003812067
-0.1799371 -0.0017145934 -0.0003153656
-0.1347349 -0.0015330223 -0.0002225961
-0.08940038 -0.0014700245 -0.0001299056
-0.05344691 -0.001508309 -0.0000767173
-0.06358392 -0.0021059914 -0.0001236843
-0.1063422 -0.0013975992 -0.0001472593
-0.14888418 -0.001270241 -0.0001883029
-0.19217908 -0.0012625619 -0.0002527937
-0.23744962 -0.0015104634 -0.000371954
-0.28260118 -0.0016180656 -0.0004752296
-0.32614598 -0.0016178178 -0.0005522857
-0.36751825 -0.001622306 -0.0006373894
-0.40760916 -0.0016022375 -0.0007159343
-0.44871607 -0.0015949567 -0.0008015217
-0.47444028 -0.0015131134 -0.0008161161
-0.47653335 -0.0014047585 -0.0007616738
-0.47824222 -0.0013166477 -0.0007183604
-0.47994232 -0.001280993 -0.0006999337
-0.4816812 -0.001273039 -0.0006959542
-0.48334306 -0.0012544907 -0.0006908372
-0.48487926 -0.0012558746 -0.000697055
-0.4861297 -0.0012524325 -0.0006993395
-0.48707646 -0.0012500852 -0.0007004055
-0.4880189 -0.0012527425 -0.0007008912
-0.48863992 -0.0012538679 -0.0007025839
-0.48923054 -0.0012535208 -0.0007039373
-0.48950735 -0.0012473927 -0.0006998035
-0.4897141 -0.0012497806 -0.000700169
-0.48980087 -0.0012529757 -0.0007008932
-0.48982272 -0.0012490781 -0.0007001751
-0.48972598 -0.0012520403 -0.0007060195
-0.48974085 -0.0011415047 -0.0006431545
-0.48953986 -0.000956956 -0.0005363777
-0.48969045 -0.0012450899 -0.0007012632
-0.4899296 -0.0012503148 -0.0007016245
-0.48630437 -0.0013966034 -0.0007757182
-0.48367923 -0.0013004569 -0.0006695209
-0.4819444 -0.0012502252 -0.0006871944
-0.48053718 -0.0012589355 -0.0006906922
-0.47959766 -0.0012598804 -0.0006880611
-0.47886127 -0.0012576258 -0.0006852609
-0.47839236 -0.0012528832 -0.0006829332
-0.4780376 -0.0012592475 -0.0006840748
-0.47768807 -0.0012589424 -0.0006842844
-0.4772884 -0.0012565278 -0.0006835152
-0.47707957 -0.001258624 -0.0006833921
-0.47690123 -0.001259079 -0.0006814551
-0.47665554 -0.0012575544 -0.0006812672
-0.47654867 -0.0012569439 -0.0006813849
-0.4765099 -0.0012635211 -0.0006828055
-0.47646403 -0.0012587119 -0.0006818589
-0.4762705 -0.0012625417 -0.0006847351
-0.4761331 -0.0012581057 -0.0006814724
-0.47587818 -0.0013459295 -0.0007260293
-0.47329813 -0.0012557565 -0.0006743682
-0.47211748 -0.0010967167 -0.0005869198
-0.46975476 -0.0008240746 -0.0004381247
-0.46857128 -0.0011057685 -0.0006701874
-0.46737653 -0.0012696784 -0.0006699492
-0.464235 -0.001267605 -0.0006600492
-0.461356 -0.0013528314 -0.0007059182
-0.45789677 -0.0013785332 -0.0007088903
-0.45451108 -0.0007303687 -0.0003730596
-0.45123273 -0.00137978 -0.0006978803
-0.44754896 -0.0012976122 -0.000650932
-0.4454109 -0.0013949543 -0.0006949352
-0.4408509 -0.0014092562 -0.0006934108
-0.43401828 -0.0016501581 -0.0007941056
-0.41485667 -0.0019036725 -0.0008736963
-0.3780465 -0.0014205631 -0.0005816986
-0.33889458 -0.0015264197 -0.0005537026
-0.29554027 -0.0016083162 -0.0005015102
-0.2514363 -0.0016470775 -0.0004322246
-0.2084057 -0.0016918171 -0.0003618152
-0.16529706 -0.001716277 -0.000286284
-0.13421544 -0.0017168863 -0.00022722
-0.13038735 -0.001580519 -0.0002083628
-0.12848018 -0.0014825964 -0.0001941166
-0.1265852 -0.001447638 -0.0001825235
-0.12470807 -0.0014377033 -0.0001812119
-0.12301777 -0.0014232232 -0.0001794118
-0.12145661 -0.0014217998 -0.0001719734
-0.120177925 -0.0014204171 -0.0001729279
-0.11877741 -0.001422798 -0.0001678254
-0.11794051 -0.0014259296 -0.0001686077
-0.11726962 -0.0014234434 -0.0001668783
-0.11696263 -0.0014193422 -0.000166409
-0.11663041 -0.0014207689 -0.0001650566
-0.11633626 -0.0014241191 -0.0001664041
-0.116098836 -0.0014195199 -0.0001628756
-0.11580305 -0.0014295535 -0.0001693079
-0.11564553 -0.0014223035 -0.0001700181
-0.11554738 -0.001422359 -0.0001649914
-0.115375996 -0.0014216767 -0.0001641033
-0.11524193 -0.0014220518 -0.000166337
-0.115278505 -0.0014244617 -0.0001672498
-0.115298174 -0.0014236316 -0.0001635324
-0.11534311 -0.0010479316 -0.0001168971
-0.11466093 -0.0011402152 -0.0001325022
-0.11672193 -0.0015408412 -0.0001801404
-0.11808555 -0.0014179086 -0.0001681037
-0.11887239 -0.0014227876 -0.0001708747
-0.11936738 -0.0014225284 -0.0001709409
-0.11987406 -0.001419742 -0.0001726494
-0.12017367 -0.0014258077 -0.0001725121
-0.12032457 -0.001424066 -0.0001710889
-0.12038604 -0.0014208306 -0.0001710564
-0.120523915 -0.0014189128 -0.0001697073
-0.12072708 -0.0014185553 -0.0001722417
-0.12088294 -0.0014185908 -0.000174866
-0.12099518 -0.0014272019 -0.0001731387
-0.12124728 -0.0014187142 -0.0001724108
-0.12109186 -0.0014186932 -0.0001721757
-0.12102528 -0.0014257325 -0.0001741772
-0.12110263 -0.00142209 -0.0001736225
-0.121129274 -0.0014210569 -0.0001734693
-0.12104567 -0.001421617 -0.0001699304
-0.12108047 -0.0014168306 -0.0001731139
-0.12123938 -0.0014240136 -0.0001756052
-0.12145293 -0.0014224692 -0.0001734583
-0.121518806 -0.0014744732 -0.0001814432
-0.122685716 -0.0014221927 -0.0001757147
-0.123245016 -0.0014232938 -0.0001768483
-0.123686515 -0.0010961054 -0.0001363422
-0.124011695 -0.001130279 -0.0001400157
-0.124398254 -0.0014184058 -0.0001775427
-0.12471388 -0.0014196805 -0.0001760937
-0.12512872 -0.0015220984 -0.0001932987
-0.12844686 -0.0014254659 -0.0001879818
-0.13028266 -0.0014192415 -0.0001901983
-0.13145205 -0.0014190353 -0.0001843429
-0.13261828 -0.0014240553 -0.0001903441
-0.13330804 -0.0014204506 -0.0001895549
-0.13398921 -0.0014129014 -0.0001921964
-0.13467169 -0.0014174568 -0.0001913679
-0.13482101 -0.0014142559 -0.000191599
-0.13518667 -0.0014149072 -0.0001960048
-0.13524601 -0.0014158286 -0.0001929613
-0.13538304 -0.0014213102 -0.0001934978
-0.13521333 -0.001416958 -0.0001947652
-0.13519223 -0.0011891975 -0.0001615074
-0.13521534 -0.000972029 -0.0001335662
-0.13585314 -0.0010663118 -0.0001451116
-0.1358501 -0.001403759 -0.0001945092
-0.13624491 -0.001465807 -0.0002029171
-0.13749449 -0.0014180623 -0.0001961
-0.1386123 -0.0014156207 -0.0001996753
-0.13922991 -0.0014147607 -0.0002008927
-0.13999917 -0.0014454543 -0.0002061036
-0.14114104 -0.0012530221 -0.0001750162
-0.1430433 -0.0009617996 -0.0001409354
-0.1446169 -0.0014184264 -0.0002056638
-0.14608607 -0.0014105334 -0.0002072962
-0.14705798 -0.0014198988 -0.000211485
-0.14790261 -0.0014162115 -0.0002142842
-0.14893192 -0.0014120102 -0.0002118858
-0.1496529 -0.0014160068 -0.0002147374
-0.15046287 -0.0014125013 -0.0002169513
-0.15145493 -0.0014176243 -0.0002161841
-0.15218017 -0.001414557 -0.0002175493
-0.15245573 -0.0014177395 -0.0002185261
-0.15326646 -0.001413241 -0.0002197576
-0.15386222 -0.001423096 -0.0002156073
-0.15474294 -0.0015701149 -0.0002461064
-0.16085017 -0.0014198103 -0.0002293793
-0.16304275 -0.0014173489 -0.0002345586
-0.164725 -0.0014137866 -0.0002333186
-0.1662006 -0.0014139385 -0.0002386941
-0.16734615 -0.001413511 -0.0002398467
-0.16844274 -0.0014117865 -0.0002401532
-0.16933574 -0.001412316 -0.0002435468
-0.17045121 -0.0014932903 -0.0002598502
-0.17538583 -0.0015128704 -0.0002690707
-0.18205766 -0.001680325 -0.0003166463
-0.19345587 -0.0019720732 -0.0003919625
-0.2243876 -0.0014454662 -0.0003348746
-0.26411882 -0.0015265045 -0.0004134725
-0.30660877 -0.0015374816 -0.0004954409
-0.35035315 -0.0015896398 -0.0005922477
-0.39227748 -0.001577775 -0.0006712074
-0.43247032 -0.0015603685 -0.0007523047
-0.47161096 -0.0015456391 -0.0008244124
0.311969 0.0009207121 0.0005569249
0.54862607 0.0014897268 0.0009829453
0.58355963 0.0014491421 0.0010470634
0.6176186 0.0014030507 0.0011044377
0.64283866 0.0013246828 0.0011177782
0.6456976 0.0012259033 0.0010358891
0.6471144 0.0011402628 0.0009727351
0.6488997 0.001109405 0.0009469057
0.65066856 0.0011010253 0.0009433588
0.65204275 0.0010882975 0.0009356737
0.6532856 0.0010879053 0.0009371837
0.6542576 0.0010866451 0.0009385337
0.6550617 0.0010813914 0.0009369858
0.655622 0.0010795073 0.0009370191
0.6563657 0.0010817166 0.000941731
0.6571245 0.0010823696 0.000939949
0.6576678 0.0010803298 0.0009414602
0.6581044 0.0010783012 0.0009417334
0.65819746 0.0010812884 0.00094416
0.658337 0.0011312241 0.0009901223
0.6566454 0.0011401139 0.0009930438
0.6551975 0.001082849 0.0009342706
0.6527957 0.0011645835 0.0010017541
0.65078866 0.0010914368 0.0009330786
0.64972055 0.0010916744 0.0009309685
0.64866924 0.0010868061 0.0009309617
0.6476511 0.0010931815 0.000929082
0.6469563 0.0010171612 0.0008664972
0.6449577 0.0011696389 0.0009877611
0.6432873 0.0010972299 0.0009192958
0.641564 0.0011672246 0.000975385
0.63691175 0.001232426 0.001017277
0.6328927 0.0012252752 0.0010027341
0.63739246 0.0017751416 0.0014582125
0.66803086 0.0011115841 0.000998332
0.6959576 0.0011359707 0.001111386
0.70404136 0.0011039788 0.0010977818
0.70553625 0.0010516833 0.0010515554
0.70702845 0.001033001 0.0010310651
0.70856464 0.0010163027 0.0010217808
0.70983803 0.0010114711 0.0010197026
0.7110678 0.0010068185 0.0010179045
0.71215117 0.001002148 0.0010175394
0.712865 0.001006253 0.0010227705
0.7136936 0.0010049959 0.0010227074
0.71424615 0.0009992466 0.0010232003
0.7144203 0.0010027208 0.0010235871
0.7149068 0.0010005871 0.0010213323
0.71546334 0.0010047541 0.0010254758
0.71576315 0.0009987265 0.0010254872
0.716256 0.0010012311 0.0010278485
0.7167616 0.0010013584 0.0010260313
0.71687967 0.0009987268 0.0010279042
0.7169627 0.0009979119 0.0010278167
0.7167682 0.000996371 0.0010247563
0.71697867 0.000997058 0.0010291198
0.7172039 0.001000354 0.0010239236
0.71738654 0.0009992219 0.001025044
0.71759325 0.000994301 0.001025785
0.71777076 0.0009978364 0.0010306926
0.7177597 0.0010000728 0.0010290929
0.7182175 0.0009939073 0.0010273496
0.7186275 0.0009953248 0.0010301612
0.7186482 0.000995086 0.0010310567
0.7187318 0.0009944406 0.0010288926
0.7190652 0.0009909733 0.0010276465
0.719276 0.0009969324 0.0010314794
0.719381 0.0009915163 0.0010303285
0.7175511 0.0010804161 0.0011117676
0.71675575 0.0010019378 0.0010266758
0.7160925 0.0009991501 0.0010239711
0.7155384 0.001001559 0.0010262075
0.71520114 0.001001341 0.0010219796
0.71475244 0.001001256 0.0010201747
0.7145046 0.0010002425 0.0010220353
0.7142076 0.0010104693 0.0010257029
0.71414864 0.0010047512 0.0010241314
0.7140981 0.0010028703 0.0010238532
0.7108849 0.0011428265 0.0011525925
0.70953923 0.0010123084 0.0010163197
0.7085194 0.0010121546 0.0010178761
0.7076079 0.0010100382 0.0010087721
0.70675004 0.001017588 0.0010147726
0.70585024 0.0010165533 0.0010166541
0.70511687 0.001015615 0.0010109276
0.7044076 0.0010189461 0.0010120156
0.7038143 0.0010150002 0.0010068549
0.70323753 0.0010228598 0.0010115143
0.70284903 0.0010174369 0.0010047068
0.7021986 0.0010196206 0.0010038266
0.70191437 0.0010191784 0.0010067435
0.70154345 0.0010216746 0.0010047128
0.70121646 0.0010170126 0.0009987974
0.7011014 0.0010220926 0.0010037834
0.7007859 0.0010287685 0.0010072154
0.70014966 0.0010316483 0.0010092629
0.6999401 0.0010240293 0.0010034981
0.6996234 0.0010217881 0.0010009537
0.6994908 0.0010267842 0.0010057625
0.6995027 0.0010218841 0.0010010897
0.6994692 0.0010236717 0.001001392
0.69894534 0.0010262638 0.0009991827
0.69868565 0.0010206882 0.001000125
0.6983166 0.0010245949 0.0009988837
0.6941836 0.001038579 0.0009987353
0.6928801 0.0010347449 0.0009947561
0.6908741 0.0011166796 0.0010670595
0.6865971 0.0014426584 0.0013601502
0.66445506 0.0011246954 0.0010041539
0.63308513 0.0012090693 0.0009858966
0.59773445 0.0013043347 0.0009759011
0.5592927 0.0013955033 0.000942143
0.5214043 0.0014631634 0.0008898249
-0.48373717 -0.0015188084 -0.0008390831
-0.44489774 -0.0015673399 -0.0007789886
-0.40348178 -0.0016039696 -0.0007115958
-0.36049005 -0.0016554563 -0.0006400651
-0.31791458 -0.0016931922 -0.0005695207
-0.27407846 -0.0017221967 -0.0004874893
-0.23067048 -0.0017371159 -0.0004075164
-0.18574724 -0.0017735206 -0.000334882
-0.1411831 -0.0017744347 -0.000255507
-0.09725725 -0.0017771565 -0.0001745161
-0.06529416 -0.0017706475 -0.0001107812
-0.061452128 -0.0015928287 -0.0000979331
-0.059567314 -0.0014975418 -0.00008874
-0.057702415 -0.0014584428 -0.0000870395
-0.05553333 -0.0014414685 -0.000079643
-0.05377502 -0.001432223 -0.0000814246
-0.052226383 -0.0014363513 -0.0000744969
-0.051101763 -0.0014312912 -0.0000726382
-0.04977422 -0.0014318348 -0.0000707067
-0.048852723 -0.0014294435 -0.0000664683
-0.047882166 -0.0014332408 -0.0000665871
-0.04711475 -0.0014286992 -0.0000700264
-0.046482854 -0.0014358126 -0.0000643022
-0.046108536 -0.0014313193 -0.0000622978
-0.045608744 -0.0014294558 -0.0000668435
-0.045180555 -0.001434144 -0.0000648157
-0.044850327 -0.0014262836 -0.0000656287
-0.04477886 -0.0014241517 -0.0000649901
-0.044829298 -0.0014283085 -0.0000638302
-0.044979803 -0.0014308549 -0.0000637122
-0.04509236 -0.0014368979 -0.0000657803
-0.04950955 -0.0014470927 -0.0000717582
-0.051085275 -0.0014294008 -0.0000753364
-0.052247338 -0.0014269607 -0.0000753291
-0.05318614 -0.0014290515 -0.0000747071
-0.05402432 -0.0014331832 -0.0000792424
-0.054721624 -0.0014324393 -0.0000803449
-0.055165976 -0.001424801 -0.000077743
-0.055431493 -0.0014362668 -0.0000757168
-0.055406064 -0.0014308931 -0.0000780844
-0.05573074 -0.0014333081 -0.0000781605
-0.056348402 -0.0015270362 -0.0000895371
-0.05947282 -0.0014246309 -0.0000875087
-0.060987554 -0.0014287012 -0.0000881738
-0.06241495 -0.0014251198 -0.0000893919
-0.06335856 -0.0014329868 -0.0000931702
-0.06440354 -0.0015109658 -0.0000962394
-0.0669834 -0.0014289157 -0.0000960344
-0.06851971 -0.0015057691 -0.0001038586
-0.071333736 -0.0014263671 -0.0001004425
-0.07293008 -0.0014252764 -0.0001066941
-0.07557112 -0.0015133132 -0.0001139554
-0.077504635 -0.0014224148 -0.0001113512
-0.07933366 -0.001430786 -0.0001104405
-0.0806341 -0.0014216581 -0.0001187885
-0.08201966 -0.0014309551 -0.0001119854
-0.084712766 -0.0015056375 -0.0001292776
-0.08823557 -0.0015634248 -0.0001386038
-0.09213293 -0.0015505323 -0.000145762
-0.09833081 -0.0015207337 -0.0001486908
-0.10877651 -0.0024713133 -0.0002694319
-0.14579529 -0.0014361901 -0.0002155022
-0.18926528 -0.0015079782 -0.0002907072
-0.23475167 -0.001618964 -0.0003895334
-0.27999875 -0.001629261 -0.0004787955
-0.32244676 -0.0016300504 -0.0005575367
-0.3636759 -0.0016113732 -0.000626139
-0.4051972 -0.0015967157 -0.0007116895
-0.44733676 -0.001591517 -0.0007906123
-0.38696015 -0.0012451354 -0.0006860823
0.5243578 0.0015324551 0.0009480165
0.53404033 0.0013860378 0.0008764273
0.5353939 0.0012976613 0.0008191749
0.53715885 0.0012466228 0.0007938443
0.5389391 0.0012276482 0.0007868636
0.5404821 0.001215044 0.0007785185
0.5420838 0.0012016466 0.0007767014
0.54364455 0.0012023861 0.0007811613
0.54512316 0.0012027869 0.0007778598
0.54625976 0.0011993952 0.0007815242
0.5459386 0.0012944939 0.0008402391
0.54439735 0.0012846411 0.000826614
0.5419223 0.0012017256 0.0007763662
0.5391438 0.0013231003 0.0008479573
0.53632486 0.001212516 0.0007718067
0.53420067 0.0013155385 0.0008283062
0.5301844 0.0014035547 0.000881906
0.5246428 0.0012342471 0.0007628608
0.52296746 0.0012258186 0.000751997
0.5216495 0.0010000743 0.0006107298
0.51874655 0.0011004213 0.0006665422
0.5153775 0.0013517903 0.0008124112
0.5113061 0.001393776 0.0008279984
0.5067743 0.0013478654 0.0007914925
0.52146 0.0012618373 0.0007679501
0.5558371 0.0012564547 0.0008387957
0.59201324 0.0012989442 0.0009508526
0.62917495 0.0013012082 0.00104878
0.6656159 0.001266192 0.0011287675
0.70009714 0.0012224547 0.0012003181
0.7340182 0.0011818887 0.0012767458
0.7673916 0.0011364776 0.0013553993
0.79910976 0.0010756472 0.0014270438
0.82797414 0.0009939976 0.0014703568
0.853398 0.0009482118 0.0015438854
0.8765837 0.0008654143 0.0015641244
0.8976178 0.0007830787 0.0016064051
0.9168851 0.0007172609 0.0016408695
0.93377954 0.0006437703 0.0016747816
0.94949627 0.0005618138 0.0017057726
0.9623991 0.0004865437 0.0017313557
0.97355366 0.0004040946 0.0017352257
0.98270214 0.0002321362 0.0012216027
0.99009675 0.0001724761 0.0010855353
0.9954454 0.0001075331 0.0006621528
0.9986539 0.0000797431 0.0015364296
0.9999198 0.0000116004 0.0017937478
0.99916774 -0.0000645726 0.0017817179
0.99619246 -0.0001524279 0.0017916966
0.9909976 -0.000238251 0.0017843725
0.98370886 -0.0003231106 0.0017845889
0.9746431 -0.0003972743 0.0017458122
0.9633932 -0.0004790243 0.001723844
0.9502286 -0.000248689 0.0009014137
0.9353272 -0.0002551742 0.0009602482
0.9181482 -0.0005585016 0.0012894112
0.8988515 -0.0007820582 0.0015999416
0.8766344 -0.0008647974 0.0015700388
0.85223484 -0.000935512 0.0015324112
0.8271796 -0.0010088383 0.00148172
0.80023956 -0.0010727874 0.0014374984
0.7732831 -0.0011337639 0.001386277
0.74351716 -0.0012017014 0.0013414487
0.7127769 -0.0012459846 0.0012685423
0.6792811 -0.0013173703 0.0012237291
0.6435146 -0.001378239 0.0011621896
0.6069472 -0.0014380957 0.0011005172
0.57032025 -0.0015004089 0.0010424542
0.531998 -0.0015244388 0.0009573929
0.49045095 -0.0015705079 0.0008875552
0.44921464 -0.0016181376 0.0008128947
0.40808907 -0.0016423434 0.0007341669
0.3648458 -0.0016784571 0.0006570382
0.32302123 -0.0017036985 0.0005842964
0.281208 -0.0017186052 0.0005082249
0.23732384 -0.0017442055 0.0004283087
0.19254167 -0.0017849633 0.0003518446
0.1485742 -0.0017736215 0.0002707552
0.10518173 -0.001780135 0.0001868852
0.06263952 -0.0017749522 0.0001096472
0.04468324 -0.0016349513 0.000071335
0.043122906 -0.0015535721 0.0000695522
0.041056354 -0.0014795458 0.000059485
0.03920943 -0.001454908 0.0000582912
0.037224345 -0.0014370864 0.0000523209
0.035392538 -0.0014291664 0.0000531429
0.033990342 -0.0014357073 0.0000488883
0.03275115 -0.0014333931 0.0000414239
0.03167274 -0.0014313033 0.0000444929
0.030788723 -0.0014277726 0.0000472923
0.03005493 -0.0014272627 0.0000423847
0.029443672 -0.0014319135 0.000040659
0.029017452 -0.0014293372 0.0000431208
0.028809926 -0.0014362202 0.0000427049
0.028477496 -0.0014305047 0.0000388532
0.028222522 -0.0014323818 0.0000425728
0.027999435 -0.0014341825 0.0000404777
0.028025169 -0.0014306044 0.0000440241
0.02785531 -0.0014345525 0.0000401718
0.027772808 -0.0014286359 0.0000369572
0.027806172 -0.0014283765 0.0000357584
0.02778444 -0.001431777 0.0000415333
0.027936256 -0.0014322044 0.0000383136
0.028095609 -0.0014297585 0.0000392185
0.028277183 -0.0014321313 0.0000416911
0.028507134 -0.0014348745 0.0000394336
0.028669178 -0.0014272535 0.0000379237
0.028836865 -0.0014322829 0.0000417595
0.028894454 -0.0014337434 0.0000391164
0.029078636 -0.0014372809 0.0000373281
0.029302254 -0.0014322372 0.0000418812
0.029290471 -0.0014279177 0.0000415152
0.02926805 -0.0014301104 0.0000435931
0.029315978 -0.0014322281 0.0000415529
0.02931046 -0.0014321756 0.0000424778
0.029309914 -0.0014283244 0.0000437795
0.029171914 -0.0014288222 0.0000427167
0.029611629 -0.0015460248 0.0000463089
0.031640716 -0.0014389055 0.0000464595
0.033079594 -0.0016077623 0.0000602479
0.03835915 -0.00143628 0.0000563334
0.040240385 -0.0014392489 0.0000554152
0.041615345 -0.0014298378 0.0000600155
0.04253918 -0.0014330209 0.0000584924
0.045200348 -0.0015427802 0.0000724484
0.04836688 -0.0015545434 0.000070217
0.052556206 -0.0015631064 0.0000857794
0.058234733 -0.0016092028 0.0000931181
0.06501378 -0.0015856524 0.000102445
0.07261076 -0.0015591665 0.0001146295
0.08170505 -0.0019737943 0.0001583839
0.11227282 -0.0014478355 0.0001587125
0.15256569 -0.0015527213 0.0002435643
0.19665691 -0.001613429 0.0003265981
0.2429752 -0.0016341346 0.0004086824
0.28695434 -0.0016419739 0.0004868436
0.32864746 -0.0016324191 0.0005668643
0.37014818 -0.001620627 0.0006446429
0.41325492 -0.0016040888 0.0007315722
0.4555869 -0.0015893964 0.0008115635
0.496749 -0.0015622244 0.0008847915
0.5367383 -0.0015146545 0.0009653406
0.5750793 -0.0014692654 0.0010309746
0.61340624 -0.0014082198 0.0010883976
0.65162617 -0.001356335 0.0011642069
0.6879502 -0.0012939887 0.0012284442
0.72306836 -0.0012365966 0.0012848375
0.75596017 -0.0011680643 0.0013497889
0.7877556 -0.0011011861 0.001403433
0.81605786 -0.0010325548 0.0014587825
0.8430923 -0.0009595518 0.0015047074
0.86817294 -0.0008928993 0.0015598899
0.8903874 -0.0008170985 0.0015952575
0.91013604 -0.0007432518 0.0016344121
0.9281635 -0.0006676108 0.0016553458
0.9438828 -0.0005911136 0.0016876686
0.9579562 -0.0005218224 0.001732513
0.9696779 -0.0004311979 0.00171663
0.97947836 -0.0003409049 0.0016238559
0.98751813 -0.0001971742 0.0010722035
0.99354064 -0.0001741864 0.000896342
0.99766815 -0.0001428127 0.0014192556
0.99967974 -0.000038917 0.0017747752
0.9996729 0.0000373038 0.0017731425
0.99748695 0.0001268867 0.0017815456
0.9931183 0.0002107289 0.0017954843
0.9865406 0.0002932648 0.0017708773
0.97784615 0.0003756124 0.0017619766
0.9670951 0.0004615117 0.001753483
0.95428956 0.0004020112 0.0012503304
0.9395011 0.0002890312 0.0007834049
0.92304057 0.0005350869 0.0013089492
0.90411884 0.0007579555 0.0016070107
0.8828328 0.0008362124 0.0015765682
0.85927314 0.0009201255 0.0015434346
0.8339001 0.0009924262 0.0014980431
0.8073613 0.0010592528 0.0014478829
0.7804426 0.0011221103 0.0013953436
0.7516617 0.0011811344 0.0013481777
0.72161883 0.001233539 0.0012890722
0.6888398 0.001297249 0.0012384111
0.6553391 0.0013507061 0.0011777624
0.6189075 0.0014176336 0.0011238687
0.5813986 0.0014554582 0.0010390235
0.5426327 0.0015093145 0.0009758135
0.108729735 0.0003087154 0.0002022569
-0.45989537 -0.0015967485 -0.0008208482
-0.41830367 -0.0016424339 -0.0007461173
-0.40309316 -0.0016143523 -0.0007098188
-0.40137935 -0.0014380158 -0.0006258619
-0.39932245 -0.0013582166 -0.0005927536
-0.39750066 -0.0013337412 -0.0005794616
-0.39572722 -0.0013237612 -0.0005713989
-0.3941631 -0.0013182259 -0.0005660149
-0.39253032 -0.001328151 -0.0005649716
-0.39116913 -0.0013198111 -0.0005600955
-0.39006656 -0.0013159977 -0.0005576841
-0.3891976 -0.0013203316 -0.0005569207
-0.38841143 -0.0013184745 -0.0005571098
-0.3877457 -0.0013242811 -0.0005557925
-0.38725698 -0.0013217276 -0.0005558819
-0.38703838 -0.0013236939 -0.000557309
-0.38670513 -0.0013222909 -0.0005548197
-0.3865195 -0.0013195717 -0.0005544181
-0.3863936 -0.00132012 -0.000552762
-0.38655868 -0.0011433935 -0.0004783554
-0.38672927 -0.0008915508 -0.0003725152
-0.38599452 -0.0013219073 -0.0005518448
-0.38742292 -0.0014080524 -0.0005913742
-0.38874757 -0.0013203461 -0.0005592056
-0.38948372 -0.0013186231 -0.0005596436
-0.39009902 -0.0013118157 -0.0005579494
-0.390603 -0.0013210361 -0.0005590744
-0.39380306 -0.0013199697 -0.0005648668
-0.39518183 -0.001317829 -0.0005647399
-0.396555 -0.0013135734 -0.0005703447
-0.3977212 -0.0013170859 -0.0005691647
-0.39885357 -0.0013127106 -0.0005743611
-0.39988363 -0.0013181284 -0.0005706201
-0.40172696 -0.0009633189 -0.0004219663
-0.40509844 -0.001149536 -0.0005093029
-0.4054966 -0.0013082925 -0.0005797489
-0.40816602 -0.0014575735 -0.0006557794
-0.41261214 -0.0013849732 -0.0006273187
-0.41721767 -0.0014538856 -0.0006701761
-0.4255113 -0.0014871428 -0.0006987897
-0.43455893 -0.0017768943 -0.0008572125
-0.40715164 -0.0013881956 -0.0006144619
-0.36590645 -0.0014342429 -0.0005681299
-0.32181346 -0.0015561675 -0.0005302148
-0.27749255 -0.0016247986 -0.0004707517
-0.23439553 -0.0016641936 -0.0004021919
-0.19133523 -0.0017051479 -0.0003328529
-0.1485424 -0.0017327524 -0.0002637075
-0.10571662 -0.001757234 -0.0001861919
-0.08810134 -0.0016687227 -0.0001509504
-0.08653701 -0.0015385243 -0.0001349016
-0.08460024 -0.0014708999 -0.0001214424
-0.08233726 -0.0014457806 -0.0001194601
-0.0802969 -0.0014339734 -0.0001166495
-0.0785214 -0.0014266602 -0.0001109622
-0.07736747 -0.0014300612 -0.0001114904
-0.076698124 -0.001425925 -0.0001091246
-0.07598939 -0.0014305881 -0.0001078509
-0.07553471 -0.0014299464 -0.0001083202
-0.07539143 -0.0014275478 -0.0001092368
-0.075260885 -0.0014258038 -0.0001067671
-0.07564169 -0.0014342346 -0.0001074434
-0.075482085 -0.0014167491 -0.0001084501
-0.075521946 -0.0012379882 -0.0000961886
-0.075639926 -0.0014292838 -0.0001069568
-0.076158985 -0.001427752 -0.0001078362
-0.076820225 -0.0014211519 -0.0001129385
-0.077227816 -0.0014251228 -0.0001116273
-0.077676535 -0.0014353023 -0.0001091792
-0.07834987 -0.0014314129 -0.000111505
-0.07936623 -0.0014252525 -0.0001133115
-0.08011407 -0.0014214164 -0.0001171244
-0.080847695 -0.0014295729 -0.0001186684
-0.08136027 -0.0014237312 -0.0001124884
-0.08198024 -0.001430299 -0.000116229
-0.08265889 -0.0014288904 -0.0001188193
-0.08383478 -0.0014248468 -0.0001164774
-0.08534469 -0.0014308082 -0.0001227517
-0.08640029 -0.0014317734 -0.0001215351
-0.08706604 -0.0014319925 -0.0001232323
-0.08780412 -0.0014321485 -0.0001264639
-0.08897632 -0.0014227924 -0.0001225134
-0.08956 -0.0014219373 -0.0001251605
-0.09000965 -0.0014244929 -0.0001275606
-0.09090667 -0.0014318 -0.0001305876
-0.09161205 -0.001440368 -0.0001329727
-0.09229702 -0.0014252705 -0.0001297214
-0.09316274 -0.0014250618 -0.0001334117
-0.09399312 -0.0012178844 -0.0001087001
-0.092592016 -0.001056542 -0.0000983916
-0.09183973 -0.0015748397 -0.0001387323
-0.08835389 -0.0014287524 -0.0001267649
-0.08704418 -0.001420993 -0.0001253796
-0.08584684 -0.0014258403 -0.0001223926
-0.0853761 -0.0014289854 -0.0001191092
-0.08384308 -0.001496827 -0.0001209602
-0.082049236 -0.001431036 -0.0001215204
-0.079227306 -0.0015363173 -0.0001229166
-0.07675883 -0.0014292555 -0.0001092552
-0.07520938 -0.0014316814 -0.0001105527
-0.07323968 -0.0015065253 -0.0001070969
-0.07112254 -0.0014336829 -0.0001025675
-0.069978796 -0.0014309613 -0.0001033008
-0.06634827 -0.0016109624 -0.0001072797
-0.062150676 -0.0014414756 -0.0000899529
-0.060622733 -0.0014344773 -0.0000882805
-0.059517335 -0.0014324673 -0.000082991
-0.058196403 -0.0014237696 -0.0000827267
-0.05701689 -0.0014294742 -0.0000816343
-0.05603657 -0.0015319877 -0.0000812901
-0.051333852 -0.0015359005 -0.0000792937
-0.04458176 -0.001577615 -0.0000717397
-0.052928608 -0.0016750268 -0.0000832758
-0.093700595 -0.0015006086 -0.0001333274
-0.13534555 -0.0015826843 -0.0002164818
-0.18082239 -0.0016297462 -0.0002945648
-0.22685972 -0.0016535649 -0.0003860528
-0.2712941 -0.0016452161 -0.0004644223
-0.31317973 -0.0016510183 -0.0005437097
-0.35047036 -0.0016004269 -0.000603617
-0.35832947 -0.0014867507 -0.0005668479
-0.3612879 -0.0010014542 -0.0003882398
-0.3639732 -0.0013664311 -0.0005353527
-0.36594206 -0.0013444285 -0.0005294632
-0.36794692 -0.0013314696 -0.0005300351
-0.36982313 -0.0013268158 -0.0005298793
-0.37118378 -0.0013247922 -0.0005312771
-0.3723756 -0.0013261528 -0.0005328581
-0.3732779 -0.0013304059 -0.0005352611
-0.37430495 -0.0013303995 -0.0005377027
-0.37508652 -0.0013252369 -0.0005354729
-0.3754553 -0.001323845 -0.0005384536
-0.37567103 -0.001144236 -0.0004650652
-0.37551808 -0.0009241443 -0.0003733585
-0.37555566 -0.0013245117 -0.0005375824
-0.37577653 -0.0013277108 -0.0005398286
-0.3758027 -0.0013217622 -0.0005350952
-0.375711 -0.0014432829 -0.0005849289
-0.3724494 -0.0013281006 -0.0005342225
-0.37116614 -0.0013305389 -0.0005311213
-0.36974594 -0.0013288733 -0.0005296022
-0.3686232 -0.0013338008 -0.0005273359
-0.36751503 -0.0013299219 -0.0005256982
-0.36650744 -0.0013341445 -0.0005266375
-0.36572444 -0.001332324 -0.0005226905
-0.36512882 -0.0013309348 -0.0005217964
-0.3644475 -0.0013332446 -0.0005229734
-0.3641406 -0.0013296339 -0.0005197794
-0.3637415 -0.0013318581 -0.000524013
-0.3630066 -0.0013346978 -0.0005204497
-0.36228764 -0.001330404 -0.0005202642
-0.36142465 -0.0013360141 -0.0005180479
-0.36103606 -0.001334401 -0.0005183704
-0.3605341 -0.0013351697 -0.0005165029
-0.36039418 -0.0013275509 -0.000511011
-0.36026278 -0.0008848232 -0.0003418411
-0.3598067 -0.0012556855 -0.0004842026
-0.35880107 -0.0013383691 -0.0005165568
-0.35760194 -0.0013409406 -0.0005108284
-0.35702717 -0.0013427173 -0.0005122145
-0.3560589 -0.0013382656 -0.0005101309
-0.3550853 -0.0013414279 -0.000509279
-0.35406065 -0.0013425845 -0.0005071625
-0.35320133 -0.0013442031 -0.0005056561
-0.3526021 -0.001339393 -0.0005039099
-0.3519462 -0.0013361566 -0.0005011571
-0.351574 -0.0013409681 -0.0005049696
-0.35111633 -0.0013434574 -0.000504187
-0.35057357 -0.0013419467 -0.0005039523
-0.35003895 -0.000973867 -0.0003644205
-0.35034984 -0.0010303875 -0.0003867234
-0.3502563 -0.0013322778 -0.0004987436
-0.3501716 -0.0013408896 -0.0005011221
-0.35010606 -0.0013491304 -0.000504081
-0.35020074 -0.001347128 -0.00050506
-0.35044727 -0.0013436606 -0.0005035866
-0.35059053 -0.0013395345 -0.0005013068
-0.3507634 -0.001343519 -0.0005038922
-0.3508616 -0.0013397557 -0.0004995529
-0.35088703 -0.0013395611 -0.0005006893
-0.35076594 -0.0013423176 -0.0005015366
-0.35066572 -0.0013417053 -0.0005031159
-0.35056442 -0.0013395816 -0.0005011236
-0.35259184 -0.0013398302 -0.0005054803
-0.35358492 -0.0013376379 -0.0005053418
-0.3542537 -0.0013390847 -0.0005081871
-0.35467198 -0.001336348 -0.000506145
-0.35488215 -0.0012124868 -0.0004591758
-0.3547921 -0.0009288897 -0.0003556724
-0.35487884 -0.0013410498 -0.0005102368
-0.3546889 -0.0013403583 -0.0005069893
-0.35458705 -0.0013419329 -0.0005095244
-0.35451692 -0.0013421539 -0.0005080901
-0.35445186 -0.0013393621 -0.0005083244
-0.3546224 -0.0013402357 -0.0005089508
-0.3548009 -0.001342998 -0.000510039
-0.35501546 -0.001337535 -0.0005062388
-0.35555664 -0.0013888676 -0.0005292454
-0.35641515 -0.0013356395 -0.0005103773
-0.35704106 -0.0013369096 -0.0005119155
-0.35701495 -0.0013410953 -0.0005117413
-0.35700282 -0.001338471 -0.0005118743
-0.35764638 -0.0014314305 -0.0005482701
-0.36050096 -0.0013373216 -0.0005187858
-0.3617129 -0.0013363356 -0.0005178387
-0.36269835 -0.0013344487 -0.0005200067
-0.3634537 -0.0014235585 -0.0004590884
-0.3641699 -0.0010570013 -0.0004114093
-0.36471713 -0.0009092786 -0.0003604597
-0.36487225 -0.0013367474 -0.0005248754
-0.3650779 -0.001329227 -0.0005229443
-0.36556238 -0.0013346041 -0.000525109
-0.36554724 -0.0013357576 -0.0005258148
-0.36563167 -0.0013349715 -0.0005275341
-0.3659757 -0.0013318558 -0.0005253204
-0.36602956 -0.0013310848 -0.0005236982
-0.3659826 -0.001336404 -0.0005248005
-0.36558825 -0.0013333912 -0.0005211414
-0.36565012 -0.0013348775 -0.0005275506
-0.36526352 -0.0013316317 -0.0005250461
-0.36506984 -0.0011876908 -0.000466049
-0.36623707 -0.0007206438 -0.0002854966
-0.368074 -0.0013283156 -0.0005267311
-0.36897448 -0.0013310879 -0.000528324
-0.369376 -0.0013317153 -0.0005295417
-0.37015697 -0.0013281065 -0.0005307285
-0.37067404 -0.001332433 -0.0005314195
-0.37087473 -0.0013287034 -0.0005322598
-0.3711086 -0.0013335345 -0.000531012
-0.3714418 -0.0013308928 -0.0005433601
-0.37184516 -0.0013280159 -0.0005333276
-0.37209147 -0.0013281346 -0.0005318324
-0.37230414 -0.0013268285 -0.0005322608
-0.3725981 -0.0013277859 -0.0005343227
-0.37294263 -0.0013269269 -0.0005319695
-0.3730962 -0.0013275212 -0.000530955
-0.37390888 -0.0014650006 -0.0005895754
-0.3786314 -0.0013339208 -0.0005454593
-0.38025337 -0.0013316486 -0.0005441267
-0.38179404 -0.0013252182 -0.0005476842
-0.3828883 -0.0013209314 -0.0005475556
-0.38347027 -0.0013245207 -0.0005502201
-0.38372818 -0.001324559 -0.0005530834
-0.38418397 -0.0013223047 -0.0005502614
-0.38465017 -0.0012162392 -0.000504275
-0.38472125 -0.0008601999 -0.000357757
-0.38470745 -0.0013100121 -0.0005440031
-0.3846727 -0.0013189334 -0.0005510576
-0.38469574 -0.0013200163 -0.0005510542
-0.38462374 -0.001318479 -0.0005506785
-0.38473976 -0.0013175156 -0.0005480651
-0.3848514 -0.0013208368 -0.0005499689
-0.38472527 -0.0013231545 -0.0005512377
-0.38477033 -0.0013243398 -0.0005482649
-0.3859768 -0.0014105805 -0.0005906963
-0.3885003 -0.0013142617 -0.0005543918
-0.3887116 -0.0009014186 -0.0003805461
-0.3896237 -0.0012895882 -0.0005478629
-0.39023474 -0.0013153661 -0.0005583256
-0.39266473 -0.001394779 -0.00059584
-0.39402223 -0.001316602 -0.0005652227
-0.39505732 -0.0013156238 -0.0005660037
-0.39601627 -0.0013132228 -0.000566504
-0.39879555 -0.0013972763 -0.0006073851
-0.40152615 -0.0013126187 -0.000575949
-0.4028468 -0.0013191274 -0.0006231243
-0.40397295 -0.0013111081 -0.0005822784
-0.40835792 -0.0014236314 -0.0006355284
-0.40997076 -0.0013071107 -0.0005867491
-0.4121062 -0.0014280168 -0.0006476161
-0.41761318 -0.0013680205 -0.0006305288
-0.42452988 -0.0014176273 -0.0006654115
-0.4349369 -0.0024078402 -0.0011685172
-0.46727175 -0.0013272977 -0.0006994618
0.1081954 0.0002713228 0.0001719911
0.5261754 0.0013782254 0.0008552548
0.5283058 0.0012921405 0.0008048221
0.53031874 0.0012456395 0.0007793767
0.5328632 0.0012193628 0.0007692587
0.5353176 0.0012126926 0.0007699177
0.53744686 0.0012156188 0.0007714552
0.5390956 0.0012093072 0.0007715379
0.54056525 0.0011179235 0.0007185076
0.54174006 0.0008095146 0.0005228396
0.54236734 0.0012116814 0.0007842744
0.5433922 0.0012023796 0.0007774166
0.5447355 0.0011968921 0.0007799563
0.54539365 0.0012893267 0.0008398354
0.5440542 0.0012044472 0.0007838742
0.5438491 0.001203811 0.000779532
0.5436948 0.0011994295 0.00077827
0.54387414 0.0012031577 0.0007786058
0.5409005 0.0012065478 0.0007778531
0.5397464 0.0012109511 0.0007754475
0.539015 0.0012050718 0.0007738307
0.5385253 0.0012068519 0.000770256
0.5383136 0.0012087753 0.0007730728
0.5383658 0.0012062041 0.000770025
0.53866684 0.0012046599 0.0007718505
0.53897077 0.0012137315 0.0007660622
0.5392524 0.0012155264 0.0007790916
0.5390482 0.0013660246 0.0008724952
0.5355134 0.0012125341 0.0007681776
0.53494763 0.0012000687 0.0007622779
0.5347694 0.0011364046 0.0007167737
0.5347848 0.000839051 0.0005295827
0.53431803 0.0011962814 0.0007572415
0.5338768 0.0012097202 0.0007639629
0.5334003 0.0012142004 0.0007659111
0.53309304 0.0011261377 0.0007074998
0.532916 0.0008413208 0.0005299216
0.53284484 0.0012159586 0.0007653517
0.53317416 0.0012079724 0.0007624318
0.53327423 0.0012492684 0.0007844701
0.5324348 0.0012624472 0.0007924767
0.5318778 0.0012153672 0.0007636239
0.53058946 0.0012551469 0.0007834859
0.5297306 0.0012114553 0.0007561123
0.52899987 0.0012142579 0.0007560185
0.5286063 0.0012186966 0.0007584738
0.5284379 0.0012151412 0.0007551563
0.5268501 0.0012920025 0.0007999692
0.525555 0.001217716 0.0007520468
0.52464926 0.001216285 0.0007503136
0.5240296 0.0012198796 0.0007524756
0.5234245 0.001221007 0.0007503674
0.5229212 0.0012209767 0.0007864084
0.5223186 0.0012190766 0.0007448283
0.5216449 0.0012229959 0.0007469488
0.5212505 0.0012230438 0.0007456802
0.52062625 0.0012208795 0.0007459471
0.5201801 0.0012211805 0.0007430329
0.5196735 0.001222726 0.000743627
0.5194944 0.0012218709 0.0007421205
0.5190908 0.001222806 0.0007463064
0.5182764 0.0013366779 0.0008079234
0.51416767 0.0012284677 0.0007322151
0.51266015 0.0009049571 0.0005412348
0.51103085 0.0009779872 0.0005797782
0.50995326 0.0012273905 0.0007297283
0.5088089 0.0012318516 0.0007293517
0.50784063 0.0012335078 0.0007270119
0.5068801 0.0012362674 0.0007269467
0.5062045 0.0012333787 0.00072274
0.5055669 0.0012379544 0.0007271108
0.50475633 0.0012434928 0.0007241435
0.5040192 0.0012371053 0.0007210214
0.5036415 0.0012413802 0.0007206644
0.50343674 0.0012369974 0.000720698
0.50300133 0.0012413154 0.0007245462
0.502393 0.0012854374 0.000748782
-0.29771626 -0.0009210985 -0.0005261303
-0.49412704 -0.0012473596 -0.0007100431
-0.49128643 -0.0014290534 -0.0008021086
-0.48426327 -0.0014116704 -0.0008270679
0.007074231 -0.0003140737 -0.0000935533
0.533406 0.0012742031 0.0008037341
0.56790245 0.0013248946 0.0009113421
0.59882575 0.0013285924 0.0009967358
0.6060411 0.0012660432 0.0009633627
0.60645664 0.0009780647 0.000739844
0.60758245 0.0007813427 0.0005943041
0.60879725 0.0011162831 0.0008569497
0.60991955 0.0011333176 0.0008689893
0.61090773 0.001133864 0.0008751323
0.6119149 0.0011310179 0.0008789559
0.61283225 0.0011309563 0.0008747344
0.6135945 0.0011314341 0.0008783081
0.6142874 0.0011303865 0.0008776094
0.61488503 0.0011310889 0.0008815952
0.61535066 0.0007662146 0.0005987191
0.61538595 0.0011256685 0.0008800064
0.61563474 0.0011248181 0.0008797017
0.6157818 0.0011276391 0.000881178
0.6160022 0.0011277561 0.0008839401
0.61627656 0.0011266394 0.000881628
0.61639583 0.0011288658 0.0008835198
0.6164856 0.0011289003 0.0008799156
0.6165709 0.0011274965 0.0008833284
0.61668795 0.0011284405 0.0008815583
0.61682695 0.0011269072 0.000886537
0.61688143 0.0011246311 0.0008809891
0.61694103 0.0011240528 0.0008834216
0.6169744 0.0011251515 0.0008804409
0.6170205 0.0011265079 0.0008832193
0.61707395 0.0011280582 0.0008841107
0.61711246 0.0011321529 0.0008862054
0.6171995 0.0011287531 0.0008819648
0.6172516 0.0011273884 0.000883507
0.61735594 0.0011252939 0.0008816543
0.61749864 0.0011264879 0.0008840913
0.61760855 0.0011253367 0.0008849008
0.6177126 0.0011282373 0.000887518
0.61777484 0.001126087 0.0008863943
0.617756 0.0011240297 0.0008841531
0.61777174 0.0011273127 0.0008864527
0.61774665 0.0007449417 0.0005865907
0.61772996 0.0011328773 0.0008873196
0.61773986 0.001126877 0.0008824065
0.6177463 0.0011218565 0.0008824476
0.61784947 0.0011254225 0.0008865862
0.61791503 0.0011245577 0.000885951
0.61793166 0.0011243492 0.0008864429
0.617985 0.0011259759 0.0008843833
0.6165484 0.0012039042 0.000941494
0.614956 0.001129898 0.0008791595
0.6141912 0.0011323526 0.0008809683
0.6135942 0.0011329984 0.0008795359
0.6131238 0.0011325374 0.000877427
0.61272514 0.0011315609 0.0008785552
0.61237115 0.0011341142 0.0008785955
0.6121868 0.0011324577 0.0008774351
0.6121094 0.001132417 0.0008797926
0.61212283 0.0011328638 0.000879257
0.61212754 0.001130563 0.0008741668
0.6119964 0.0011313984 0.0008737202
0.6118526 0.0011315775 0.0008750184
0.61175334 0.0011341327 0.000875184
0.61160946 0.0011290025 0.0008703687
0.6115947 0.0011359068 0.0008783081
0.6117424 0.0011315643 0.0008776278
0.611825 0.0011336745 0.0008761591
0.61183006 0.0007534872 0.000585906
0.6120107 0.0010674915 0.0008264328
0.6121448 0.0011317508 0.0008751154
0.61222273 0.0011365676 0.0008818849
0.6116691 0.0012214689 0.0009410482
0.6104886 0.0011351474 0.0008721212
0.6097449 0.0011368142 0.0008740245
0.60935944 0.0011399807 0.0008716391
0.6090339 0.0011333136 0.0008711267
0.60886633 0.0011327941 0.0008696305
0.60873324 0.0011345828 0.0008714384
0.6086217 0.0011333034 0.0008681902
0.60866255 0.0011331216 0.0008690852
0.60877955 0.0011400647 0.0008719047
0.60890794 0.0011386119 0.0008717185
0.6075479 0.0011902405 0.0009111181
0.60667795 0.0011333007 0.0008680841
0.60616076 0.0011424485 0.0008733611
0.6058599 0.0011388793 0.0008696931
0.6055638 0.0011393646 0.0008655614
0.6053795 0.0011399572 0.0008650621
0.6052177 0.0011394691 0.0008666429
0.60515624 0.0011376783 0.0008628868
0.6046084 0.0012945568 0.0009810685
0.6002068 0.0011528417 0.0008641066
0.59867966 0.001150002 0.0008568646
0.5976969 0.0008523067 0.0006327484
0.59689546 0.0010049042 0.0007508759
0.59641874 0.0011521232 0.0008538982
0.59593403 0.0011491782 0.0008506113
0.5954446 0.0011518522 0.0008540155
0.5949217 0.0011527974 0.0008525559
0.59449804 0.001153854 0.000854703
0.59399605 0.0011571568 0.0008563368
0.5936161 0.0011508493 0.0008512227
0.59305763 0.0011536535 0.0008498675
0.59268975 0.0011483119 0.0008479977
0.5923592 0.0011470182 0.0008462843
0.59221095 0.0011481653 0.0008440794
0.59207237 0.0010991839 0.0008099823
0.59203583 0.0007922475 0.0005806207
0.5916715 0.0010220796 0.0007501558
0.5906545 0.0011529156 0.0008426411
0.58972937 0.0011544625 0.0008457686
0.5890327 0.0011534903 0.0008446299
0.5880829 0.00116022 0.0008458627
0.5871743 0.0011591606 0.0008411551
0.5862176 0.0011599341 0.0008378785
0.58542985 0.0011608899 0.0008384453
0.5845906 0.0011587162 0.0008322668
0.5836712 0.0011637623 0.0008372634
0.5829927 0.0011654529 0.0008354476
0.58238894 0.000796409 0.0005691581
0.5814508 0.0009600624 0.000686146
0.5812395 0.0011659595 0.0008358468
0.580593 0.0011673857 0.0008321794
0.5799242 0.0011718448 0.0008358012
0.57918626 0.0011638419 0.0008275003
0.5786694 0.0011690725 0.0008276164
0.57828325 0.0011681684 0.0008265609
0.57805353 0.001168769 0.0008264681
0.5776333 0.0011695058 0.0008272496
0.57724226 0.0011694392 0.0008265724
0.57699233 0.0011742256 0.0008283824
0.57666487 0.001168196 0.0008264479
0.5764285 0.0011669553 0.0008251567
0.576327 0.001167898 0.0008241633
0.5775205 0.0012539898 0.0008925768
0.5851857 0.0011825032 0.0008552062
0.59142303 0.0014345726 0.0010563876
0.60161364 0.002069332 0.0015553146
0.63198143 0.0011633671 0.0009499863
0.6640707 0.0011954999 0.0010564461
0.69641364 0.0011935309 0.0011599776
0.7287191 0.0011644639 0.0012445075
0.7578949 0.0011286968 0.0013086011
0.7854887 0.0010728373 0.0013656172
0.8124151 0.0010262793 0.0014317771
0.8273636 0.0009576798 0.0014162206
0.82840586 0.0008917723 0.0013193071
0.8293971 0.0008329992 0.0012382747
0.8305785 0.000801612 0.0012331672
0.8321373 0.000804808 0.0012079816
0.8332257 0.0007943882 0.0011982685
0.8341711 0.0007885733 0.0011959473
0.83487844 0.0007850745 0.0011962313
0.8353387 0.0005868085 0.0008944889
0.8352631 0.0005917542 0.0009052735