0.0006382446 0.0012187127 -0.29661518
0.0016915152 -0.0027041559 -0.42886043
-0.002759682 -0.0024005454 -0.45859346
0.0033564824 -0.0009375047 -0.50146246
0.0003339229 0.002102422 -0.48423928
0.000972398 -0.0003532679 -0.42369622
0.0010666552 -0.000386083 -0.4370746
-0.0024258234 0.0023479906 -0.44694883
-0.0031782903 0.00679483 -0.4654286
0.001922863 0.005017496 -0.49413627
-0.011633951 0.009825808 -0.46294633
0.004483713 0.004685114 -0.4731664
-0.0010138194 0.008210022 -0.46571994
-0.0048319697 0.011100462 -0.4640178
0.0023099766 0.0026285718 -0.443775
-0.0001940577 0.003477507 -0.4605449
0.0021099013 0.0030309395 -0.4907778
0.001052065 -0.0014947358 -0.47393194
-0.0009140248 0.0031857989 -0.48051143
0.0042072614 0.0024584278 -0.48763466
-0.01012408 0.009843789 -0.46198082
-0.000021686 0.006731026 -0.48949713
-0.0009400132 0.0030246633 -0.47149673
0.004945414 0.0045286063 -0.48168716
0.003086748 0.0062609063 -0.48172456
-0.004159647 0.005726655 -0.48996052
-0.009626683 0.009221182 -0.466036
-0.009533929 0.010943684 -0.47977963
-0.0029124045 0.007213083 -0.47346106
-0.0059049437 0.010098722 -0.46138293
0.000814285 0.0025658552 -0.4810249
0.00111696 0.0017876737 -0.4579626
0.001190903 0.0022814819 -0.4513572
-0.0004647866 0.0003699965 -0.0746812
-0.0012264898 0.004817335 0.004075315
-0.0000056108 0.004851373 0.0049114325
-0.00066434 0.002471699 0.010146136
0.00076901 0.0013396005 -0.015591154
0.000266987 0.001063409 -0.030856546
0.0004985121 0.0004825089 -0.02692762
-0.0001298743 0.002381506 -0.02658303
0.0016898352 0.0033319544 -0.010770241
0.0008290242 0.0014051901 -0.012494193
-0.0006040546 0.0037105489 -0.0027067575
0.0002025052 0.0018504213 -0.014151757
-0.004478482 0.0028829433 -0.0009249647
-0.0000041634 0.000911582 -0.0068985275
0.0010550416 0.0019165017 -0.0150712775
0.0009188963 0.0016662788 -0.024083601
0.0013535907 0.0016524231 -0.003634595
-0.0011467774 0.0024915074 0.0010428666
-0.0021956738 0.0008374344 -0.0014529644
-0.004016334 -0.031102464 0.0059283166
0.0002888243 0.0018862153 0.0050025014
-0.0008961075 0.0006054955 0.017884143
-0.0003265383 0.016937613 0.05523237
-0.0021500192 0.004058873 0.0238499
-0.0009296735 0.0018552814 0.024023056
-0.0008644056 0.0027205988 0.018300842
0.0000225767 0.0003108745 0.01783358
-0.000602654 0.0017917652 0.016021835
-0.0007329612 0.0020241577 0.0060118996
0.0001386358 0.015587218 0.039494406
0.0005118822 0.0017965852 0.030322988
0.0008371365 0.0018646463 0.020649675
-0.0000414683 0.0004424279 0.0030363637
-0.0008029986 0.019292064 0.08586664
-0.0041198 0.0038266913 0.024341715
-0.0012143964 0.0017211617 0.024178982
-0.0013101806 0.0025234222 0.021005565
-0.001158473 0.001766577 0.010088739
-0.0021918444 0.0017541389 0.015250564
-0.0020811681 0.0010328653 0.005241316
-0.0014757555 0.0015899068 0.015474906
-0.0004299945 0.002074757 0.010686361
-0.0076832734 0.0075506843 0.009680484
-0.0006967405 0.002282361 0.009477345
0.006088033 0.004735101 0.014267737
0.0001458148 -0.037495542 -0.0051832944
-0.0004770074 -0.046011724 -0.021036714
0.0020895563 0.002364853 -0.007080509
0.008671377 0.008546806 0.0038810268
0.0022163366 0.003036646 0.009123127
-0.0064635975 0.0043365927 0.0014677738
-0.001430616 0.0015604869 0.07902123
-0.0009561667 0.039502926 0.09817815
-0.0018155581 -0.02447615 0.4313914
-0.0031741285 -0.0017962776 0.45005307
0.0008372184 -0.0006179386 0.47244915
-0.002500079 0.0065264096 0.17065382
0.0003006117 0.0064954013 -0.0012141904
-0.0009086716 0.0029376466 -0.006701098
0.0002589477 0.0021879128 0.006076564
-0.0059622913 0.006791967 0.016220238
-0.0012864046 0.001772825 0.042678826
0.003630358 0.0013876499 0.03307912
0.006749523 0.0088142995 0.05128362
0.023381388 0.012941888 0.038332187
-0.0012597878 0.0020801069 0.026321819
-0.0006846328 0.0014389206 0.0029439733
-0.005121077 0.0024428586 0.012194206
-0.0001201829 0.004105962 0.021598032
-0.0029032223 0.0027595453 0.005262213
0.0037142795 0.007237305 0.013321911
-0.0050492003 0.00428936 0.008989188
-0.03601482 0.0119504025 -0.024977386
-0.0022713137 0.0002102086 0.0032288998
-0.0026815892 0.0015701273 0.010304494
-0.000718396 0.0005301055 0.0037035495
-0.0003539235 -0.052269857 0.0069797253
0.0019559572 0.0019840165 0.0046432135
-0.0002870687 0.0012593211 -0.0045675347
-0.0008687552 -0.03390605 0.011420192
-0.0006641495 0.0049084006 0.004862193
-0.0010912295 0.0007285893 -0.00402283
-0.002940486 0.0005008327 -0.003128443
-0.0005644966 0.0016188882 -0.009011194
0.0004330284 0.0011568858 0.003572662
0.0023250454 0.0024158196 0.0049342467
-0.0006086934 0.0018240953 0.0025675937
0.0006161198 0.022663664 -0.034360394
0.0014819211 0.0033236076 -0.03551837
0.0018034503 0.0029259569 -0.03636062
-0.0012509014 0.0005992895 -0.025479257
-0.0004434569 0.0005846791 -0.025439024
-0.0038777415 0.0047668368 -0.02297841
0.036159508 0.016430024 -0.008465282
0.010969549 0.008294709 -0.010940751
-0.0007507213 0.0032931499 -0.026137117
-0.0013560595 0.0027167138 -0.013766862
-0.0021836567 0.0020155753 -0.011798596
0.0034708895 0.005294659 -0.0025184595
0.0001029189 0.004874591 -0.007892675
0.0028717606 0.0012156994 0.0015860368
-0.027787726 0.016281802 -0.014836004
-0.005085505 0.0049999678 -0.00653704
-0.0000574042 0.002642038 -0.010818617
-0.0005503796 0.0011491779 0.015531269
-0.0021451742 -0.006097165 -0.014104682
-0.0000586641 -0.053759195 0.004026608
0.0004176484 -0.05173277 0.0068263086
-0.0023961333 0.0023997372 -0.014193456
0.002702826 0.0026151794 -0.0154096335
-0.009396702 0.004355732 -0.01384756
-0.0014734443 0.0003615899 -0.01868242
0.0001853853 0.0017751415 -0.009569585
-0.0008215204 0.0008427271 -0.009093101
-0.0001811706 0.0005800328 -0.005866786
0.000163581 0.0010217939 -0.0018420474
0.0088559585 0.0054233316 0.002838762
-0.0004787343 0.0017932557 -0.0021375953
0.0019495299 0.0015570784 -0.005276238
-0.004069971 0.0033558079 -0.0005852177
-0.00480152 0.0045953733 0.0036932887
0.0020323659 0.0025268216 0.0014850845
0.005992266 0.0036832313 -0.007823989
0.0232173 0.013699765 0.019200904
-0.0001069521 0.002067182 -0.013940346
-0.002299491 0.011833392 -0.052456997
0.0009613785 0.0045479033 -0.036505185
-0.0007323233 -0.013414109 -0.015772283
-0.0000112575 -0.0148295 0.007798654
0.0006235292 0.0020506994 0.0025278132
-0.01511055 0.009329513 0.0046064993
-0.020152766 0.017025474 -0.010918016
-0.0015289458 0.0014056613 0.0003775526
-0.0011865862 0.0022431102 0.0031196221
0.0006755843 0.021435203 -0.06902612
0.0034171133 -0.028254801 -0.0071015195
0.0000743258 -0.04848909 -0.006847688
-0.0009202117 -0.01843768 -0.02292854
-0.0036452594 0.003293287 -0.026638081
0.0034932152 0.0014711608 -0.024228511
0.0003495015 -0.0006417384 -0.03503346
0.0010358549 0.0023189927 -0.01959816
-0.0036826674 0.0043162866 -0.017568666
-0.000517391 0.003562949 -0.012741121
0.001558536 0.003493401 -0.007957926
0.0021860742 0.0008157727 -0.0030299511
-0.0001250096 0.0018093393 -0.003109083
-0.0025305736 0.002360086 -0.0061096004
-0.0008859284 0.0019156383 0.0027849334
0.0010081476 0.0016902911 -0.0056174546
0.0019167714 0.020855526 -0.03561505
0.001490321 0.0017398724 -0.06029076
0.019170122 0.015400557 -0.019665051
-0.0005968745 0.001423926 -0.05398505
-0.0045241583 0.0035819474 -0.041454926
0.0008441911 0.0005016775 -0.032482482
0.0001698215 0.0011275106 -0.01967568
-0.0003583176 0.0025771926 -0.0073943124
0.002099523 0.0031046248 -0.025979202
-0.025476843 0.016432133 -0.015043366
0.0015465446 -0.000069475 -0.012519079
0.0018719202 0.0032878108 -0.011262252
-0.0029882635 0.0028372188 -0.008940758
-0.0010731184 0.002168628 -0.0013381229
-0.0010792421 -0.029202545 -0.0040636915
-0.0015908973 -0.040002666 -0.01799183
0.0012423119 -0.012296775 -0.026615843
0.0013523477 0.0024438486 -0.024680292
0.0006845789 0.0031728402 -0.017918631
0.0003108807 0.001989948 -0.008369476
0.0018439529 0.0024926865 -0.02059711
0.0003691457 0.0022297422 -0.015615724
-0.0015111414 0.0025825244 -0.020125292
0.0002229336 0.0023120153 -0.0071378155
0.0006648489 0.011174326 -0.035452828
0.0005265598 0.0015527264 -0.022483729
-0.0004819816 0.0017995663 -0.023688164
-0.0013349967 0.001858633 -0.017149951
-0.0056331754 -0.033820596 -0.061291944
0.0016718339 0.010162003 0.0096586
0.015468744 0.0004740542 -0.00842656
0.0013373512 0.0011200455 0.0036783493
-0.0000852046 0.0017281944 -0.0016463634
0.000875627 0.0018106239 0.007744356
-0.0009576607 0.0054475544 -0.0775876
-0.0030491706 0.0025475104 -0.030404981
-0.008493958 0.008056847 -0.043729737
-0.02494368 0.010899156 -0.04256332
-0.0007014082 0.011293443 -0.0805224
0.0007403535 0.0036352775 -0.026533524
-0.001217107 0.024780232 -0.06580962
-0.004854633 0.030606663 0.23406895
-0.0001730689 0.0028937845 0.42320943
0.0010912594 -0.0001862535 0.4258252
-0.0015468483 -0.034358136 0.48670036
-0.008636221 0.003990439 0.476883
-0.0006243516 -0.0001708791 0.42849594
-0.0016365729 0.0008043247 0.42635655
-0.004167824 0.0032124948 0.45435366
-0.0031674586 0.0035140566 0.46696496
-0.003809647 0.000906201 0.44136596
0.0012907349 -0.0021973406 0.42857617
-0.0025385132 0.0028401697 0.42453903
-0.0032961182 0.0015061069 0.43398365
-0.0036272095 0.0019314023 0.43118668
-0.0010700866 0.0023639654 0.42715082
-0.00472723 0.0018062582 0.43221998
-0.0018915741 0.0028555994 0.42317352
-0.0051409383 0.0036467004 0.42959064
-0.01348379 -0.002627449 0.45045343
0.0001979225 0.002865303 0.4671771
-0.007430407 0.006691118 0.47104606
-0.005798718 0.001582206 0.46902576
-0.0018199024 -0.0023258086 0.46975192
-0.0001143887 -0.004130802 0.4906978
-0.0032759141 0.0060726316 0.45069662
-0.0014699784 0.004215966 0.47211656
-0.005737354 -0.001531052 0.47438487
-0.0059989057 0.006580456 0.47956744
-0.0007046062 0.0036354642 0.4863959
-0.007663589 0.009190852 0.47185022
-0.0010467788 0.0002750387 0.49091244
-0.0014299585 0.0029268702 0.46252123
-0.0016647378 0.0034874394 0.49070328
-0.0014702947 -0.0023612163 0.47921577
-0.0016853157 -0.002017334 0.48682314
-0.0013472472 0.0007822784 0.4781065
-0.0034077007 -0.00224763 0.4847195
-0.0017770231 0.0009653176 0.50285375
-0.012420958 0.007415478 0.4775289
0.0007630151 -0.008954082 0.44865823
-0.0064980625 0.00316061 0.4723155
-0.007724988 0.007973755 0.4718328
-0.0052643083 0.002200126 0.44937998
0.0021988875 0.0036169284 0.47972283
-0.0019432155 -0.000620796 0.44424692
-0.00192599 0.0006300239 0.46647686
-0.0015577951 0.0019898093 0.4799479
-0.0001870848 0.0026768628 0.4737699
-0.0032604863 -0.0022004019 0.4644316
-0.0020808822 0.0020225153 0.4904778
0.0000017315 0.0013787979 0.46783623
0.0003222768 0.007479544 0.48029417
-0.0036907278 0.0056574764 0.48279852
-0.0006392583 0.0012534974 0.4808414
-0.000668193 -0.010674834 0.4812066
-0.0042026252 0.0009651034 0.47891825
-0.003409924 0.0011032528 0.47811666
-0.0061539197 0.0013803035 0.46436563
-0.002753735 0.0016943807 0.47089022
0.0000245258 0.0020948322 0.46446744
-0.0038160093 0.0044762776 0.46922898
-0.0057611624 0.007361823 0.42273384
-0.037395682 -0.03097859 0.43160343
-0.02127172 -0.018052638 0.42364526
0.010136725 -0.06565707 0.111227825
0.0013207558 -0.035946347 0.019378003
-0.0011596958 -0.026580095 0.007298441
-0.0011793018 0.00586002 -0.013820586
-0.0041288985 0.0021795467 0.0055294014
-0.0009127185 0.0021980102 0.032897074
-0.0034904815 0.004438483 0.051640593
0.0002827042 0.0015104754 0.03462329
-0.0002902878 0.0023606853 0.016673744
-0.0007200645 0.0034705386 0.027522054
-0.0000746482 0.0019615148 0.019466465
-0.0015522372 0.0037689067 0.013306769
-0.002935872 -0.0004947083 0.010157268
-0.0003120717 0.0005587881 0.0058326884
-0.0004446643 0.0012956981 0.008909793
-0.0006476243 0.0025308416 0.0104301665
-0.0003015606 0.0013565893 0.007550095
-0.0000011282 0.0001441401 0.0034419342
-0.0024510329 0.0036026172 0.0011595676
0.0018221654 0.0016584173 0.00567036
-0.0014273576 0.0028400004 0.0005509957
-0.0012742268 0.0012995012 0.0022113072
-0.0015073754 0.0010575701 0.0114655085
-0.0017066628 0.0016995113 0.010909825
-0.001378756 0.003345003 0.007058935
-0.001276632 0.0012815283 0.008640356
-0.0020777294 -0.026490206 0.010344739
-0.001262219 -0.0002253872 0.009216593
0.001261332 0.0007856395 0.009598856
0.0039079683 0.004359152 -0.0003287334
0.0000368771 0.0028564967 -0.0020570797
-0.0012818782 0.0018237935 -0.0075260424
-0.0007762198 0.0017034173 -0.005215367
-0.0021008516 0.0007922638 0.0067412006
0.0010041964 0.0010901493 0.005071731
0.0002487663 0.0018768882 0.007705851
-0.0027996222 0.0027457427 -0.0018740803
-0.003462137 0.0032472839 0.0073901103
0.0006738917 0.0022474886 -0.003947359
-0.0021671474 0.0022923383 -0.0023385126
0.0009293075 0.0021087232 -0.0034070574
-0.004278237 0.0012825069 0.006963989
-0.0000377603 0.0026915043 -0.0014787379
-0.0032399253 0.0006493157 0.0016911819
0.0007521399 0.0008940403 0.005707388
0.0001151213 0.001889054 -0.0061782137
-0.001063208 0.0003102233 0.0031719487
-0.0011207687 0.0025311527 0.006368093
-0.0001880572 0.0022223573 -0.003945621
-0.0021962002 0.0030596233 0.000903077
-0.0007006711 0.0017313855 -0.006845875
-0.0007677611 -0.003459083 -0.0017597772
0.0008683545 -0.0073255077 -0.0076790764
-0.0005294409 0.0020689163 -0.00532109
-0.0013687309 -0.0002771779 0.0023959086
0.0002131203 0.0011491906 0.0000867829
-0.0006550353 0.0002558856 -0.0069086924
-0.0010744911 0.000973838 0.0028675622
-0.0004795073 -0.0002578571 -0.0032232
-0.0032851337 0.0042328667 0.00819304
-0.0007133646 0.0027589388 -0.0002003929
-0.0015823118 0.0024794268 0.00686462
-0.0006725749 0.0012831956 0.0000268602
-0.0030633113 0.0023501664 0.000306165
0.0001048042 0.0019606794 0.018034624
-0.0004122118 0.001973652 0.0053001875
-0.0005307844 0.0014379818 0.0011525343
0.0011363883 0.0005275685 -0.002768157
0.001185295 0.0017027861 -0.011864913
-0.0009674458 0.0009002327 0.0007528259
-0.0009055299 0.0019724318 -0.0066445535
-0.0004201643 -0.0003095265 -0.0043202466
0.0014598528 0.0016845871 -0.0068227453
-0.0010712565 0.0007498906 0.005549565
-0.0006288607 0.0036755544 -0.003564606
-0.0025247282 0.014188597 -0.029683214
-0.0016280571 0.0035808217 -0.03244675
-0.004200917 -0.045670062 -0.030654058
-0.0013283865 0.0003198087 -0.032306515
-0.0017593007 0.015766371 -0.051029075
-0.0019409971 0.0029676196 -0.034407992
-0.0003057135 0.024823308 -0.036652796
0.0013289396 0.01545841 -0.050402887
-0.0027610618 0.022101311 -0.058854587
0.0000632332 0.003160432 -0.0038984963
0.001493532 0.0105122 -0.051807433
0.0006269656 0.014564502 -0.09466105
0.0012300182 0.0024962656 -0.02169594
0.0010731348 -0.0044996724 -0.42808682
0.001772265 -0.004731931 -0.4182827
0.000335682 -0.0018471989 -0.44556403
-0.0032340572 0.0038134488 -0.48537007
0.0015131121 -0.0006915538 -0.45835847
-0.0008972798 0.0009920811 -0.43315476
0.0017943097 -0.0013792043 -0.43756777
0.0010927788 0.003640966 -0.4527741
0.002300709 0.0055075367 -0.4798928
0.001221861 0.001839449 -0.49573636
0.002654846 0.0021261224 -0.4966784
0.0004017681 0.002436186 -0.52197224
0.0036311145 0.0023781678 -0.517642
-0.0031108889 0.0017594971 -0.5203966
0.0013307639 0.0034830098 -0.5401191
0.0014055262 0.0036640936 -0.53694683
0.0028009804 0.0033817254 -0.51998276
0.0062462105 0.0054354942 -0.5355609
0.0010317666 0.0029911648 -0.5101005
0.0014225068 0.002679189 -0.50758374
0.002275825 0.00889063 -0.49331078
0.0026624713 0.0008242242 -0.5037024
0.0040657185 0.0013529923 -0.4883694
0.0008276306 0.0012980301 -0.47226414
-0.0027171073 0.0027051256 -0.4688282
0.0001409937 -0.0000894617 -0.4319524
0.01017868 -0.032461498 -0.43944055
0.031190574 -0.045688998 -0.43215823
0.012132833 -0.04015112 -0.43174928
-0.0005196126 -0.016295044 -0.412733
-0.0053678956 0.004567988 -0.43910354
-0.0009820998 -0.006898172 -0.45753154
0.0022407977 0.0019130554 -0.48897266
-0.0041808984 0.005880621 -0.48147702
0.0016637355 0.0064424677 -0.49478427
-0.0002422077 0.0038175147 -0.48540297
-0.0017815878 -0.0072037936 -0.44946212
0.007236621 -0.061238628 -0.42654008
-0.0044760117 -0.024923258 -0.42266417
0.030553037 -0.044327352 -0.43229136
0.030431246 -0.0374754 -0.4451224
-0.008771146 0.008615556 -0.46398267
0.008466993 0.005909155 -0.52344555
0.0027648914 0.009547635 -0.46596012
-0.0030546503 0.0057947114 -0.47729415
0.0012766562 -0.0010486353 -0.45638448
-0.0037860249 0.005373652 -0.46534127
-0.0003676422 0.0010615555 -0.46809196
0.0057028434 0.005246044 -0.45608458
0.0015353507 0.005306891 -0.4807542
-0.008659405 0.009896247 -0.47569388
0.0053971387 0.0018168383 -0.48261905
0.06459057 0.048526306 -0.5104146
-0.007670683 -0.0033312473 -0.49398106
-0.0047180955 0.0034571239 -0.48616877
-0.006755659 0.0088909995 -0.4694799
0.005901858 0.0066902405 -0.48279244
0.0015989598 0.0076044546 -0.496385
0.0013396534 0.0026219678 -0.46526933
-0.004669183 0.004152105 -0.4680377
-0.0026747284 0.004742368 -0.46478328
-0.0015354373 0.00902796 -0.15443815
0.0007081331 0.009011356 0.012449438
0.0002459531 0.0039356784 0.009844626
0.0007233884 0.0022844453 -0.014884518
0.0008394631 -0.016510716 -0.035378784
-0.0007830004 -0.009291074 -0.007776881
0.0000874643 0.0003579925 0.0020034243
-0.0040098233 0.0020180778 -0.005974258
-0.001065362 0.003047496 -0.0059442
-0.0064448714 0.005810307 -0.0048325383
-0.0006863626 0.0012379574 0.0031049312
-0.0030549234 0.004933051 -0.006911181
-0.0005842902 0.0017757224 -0.0010192562
0.0002439636 0.0040042563 -0.0066258544
-0.0044335187 0.0029362408 -0.013692168
-0.008034045 -0.038565688 0.015720082
0.0003408404 -0.04663426 -0.019501371
-0.0073581077 0.004357665 -0.0063323244
0.0006385665 0.0024929575 -0.014590937
-0.0005641101 -0.0006884397 -0.0021458059
-0.003006601 0.0008949524 -0.008885392
-0.0017158067 0.0031038919 -0.015671138
0.0022998794 0.0019395447 -0.0026804204
0.00066313 0.0007435702 -0.0031051033
-0.000616892 -0.0001794861 -0.011495391
0.000263078 0.0023843457 0.008054631
0.0007649082 0.0019044688 -0.0018201822
0.0011272352 0.0026212393 -0.0045743445
-0.003488139 0.0045084166 -0.0009318571
-0.0022437456 0.0005237247 0.0002710064
0.012066269 0.010161544 0.0010597674
-0.0011711778 0.0032725364 0.0016848989
-0.0006267697 0.0005271895 0.0000422686
0.000374931 0.0016773243 0.007361847
0.0017798139 0.0024903307 -0.0042242347
-0.010576374 0.008687771 0.0016034383
-0.0015550051 0.0026802183 0.0010221142
0.0004396807 0.0033441 -0.012509364
-0.0029724215 0.001192309 -0.0025437572
-0.0047783763 0.00296789 -0.0033856984
-0.0013717378 0.0012216134 -0.0049164533
0.0006933526 -0.023344584 0.00393
-0.0011907349 -0.044096325 -0.029116279
0.0001937188 -0.005406147 0.011371201
-0.0026496456 0.002914648 -0.00766664
-0.0017657976 0.002441275 -0.0043801097
-0.007978471 0.0013537754 0.0028294488
-0.0038220608 0.003925589 0.004077982
0.0067812367 0.006917742 -0.002883758
-0.016699696 0.0051347585 -0.0006405434
-0.0002273225 0.0015091961 0.007828232
-0.0011976257 0.0021109644 -0.0002516216
-0.0012523035 0.0025210257 0.004214988
0.0007850348 0.0014134969 0.008588127
-0.0041017635 0.0025329131 0.009562686
-0.0001970378 0.0026994378 -0.0015982172
0.0015791457 0.002619536 -0.0004278553
0.017341936 0.0030200814 0.002272518
-0.0022169878 0.00467733 0.016564932
-0.0025783484 0.0030435289 0.012379051
0.002230515 0.0029871955 0.009013389
-0.0052101854 0.004452548 0.008618257
0.0015458284 0.003920168 -0.0012486432
-0.0008980604 0.0006152843 0.004263189
-0.0004944357 0.0004458053 0.003662806
0.0000422678 0.022208862 0.03701424
-0.0052644704 0.0039734067 0.024750924
-0.0013584575 -0.0002734157 0.020240141
-0.0007840025 -0.045656223 -0.0076190843
-0.001543578 -0.037165683 0.02448227
-0.000767016 0.003617727 0.028422395
-0.0064332346 0.0020914907 0.020694163
-0.0003310081 0.00287465 0.0065046204
-0.0050674947 0.0035672248 0.005540444
-0.0029593972 0.0027089831 0.0061785267
0.0005326584 -0.032776676 0.009655002
0.0026251483 0.0033660748 0.007729657
-0.004837527 0.002601698 0.005745141
-0.0018049132 0.0032820832 0.0012163116
-0.0007924203 0.0035720603 0.002374786
-0.0020385329 0.0009688406 -0.0008764099
-0.0016312487 0.001396956 0.0060433215
-0.0015006069 0.0029598097 -0.006283927
0.0058691786 0.0070176437 -0.010769452
0.000652518 -0.00119997 0.008778387
-0.0002817122 0.00283982 0.0038673114
0.0002785826 0.002483518 -0.012026499
0.0019598238 0.0023330152 -0.010241425
-0.013852718 0.011155528 0.012629995
-0.0020114658 0.0022896188 0.004755329
-0.002686365 0.0025135232 0.0068879314
-0.0008708416 0.02398832 0.050554357
-0.0016655691 -0.0000611868 0.05789972
-0.0046105594 0.0026259355 0.04218893
-0.0015470141 -0.021481369 0.020420954
-0.0008795405 -0.049011894 0.032819267
-0.0052085957 -0.007235364 0.03749419
0.0013716237 0.0006345761 0.013488824
-0.0027232734 0.0029202024 0.02099151
-0.0001582999 0.003615845 0.028488893
-0.0030804821 0.0027021898 0.018017497
-0.002057265 0.0032572597 0.017989624
-0.000648353 0.00564407 -0.0023938802
0.0028048926 0.0019293558 0.009716711
-0.002924016 0.0018081805 0.0032535507
0.0010461193 0.0010833237 0.011293528
0.0002085161 0.0012271891 0.014539051
-0.0022480134 0.0023458712 0.028569559
0.000089747 0.0031725378 0.023257317
0.0011266244 0.0018790329 0.01707274
0.0038196712 0.015342807 0.07737279
0.0005924219 0.0025594528 0.03462086
-0.0038950772 0.002759636 0.031939242
-0.001607238 0.0019375419 0.034060724
-0.0016620556 0.0031057103 0.02957205
-0.0002840001 0.004905482 0.0067837117
-0.008803228 0.011902578 0.028591627
0.0015868271 0.011279072 0.064174466
-0.0005204027 0.008630408 0.08629343
-0.0018496696 0.0013439863 0.028851425
0.0005900273 0.0012436789 0.037611507
-0.0014873685 0.011464992 0.04720086
0.0025752913 -0.0466881 0.0010722537
0.0003421342 -0.034555554 0.08222635
-0.0010633029 0.0014130205 0.039633878
-0.0020701394 0.012531087 0.05596944
-0.005131817 -0.008963419 0.04425794
-0.0001914152 0.009568442 0.061526977
-0.004458719 -0.006166739 0.43903202
-0.0021923466 -0.0033931485 0.42101187
-0.0027146745 -0.0011039873 0.4446473
0.0038101212 0.001489559 0.47626105
-0.0032270185 -0.0000062418 0.4382306
-0.0067670033 0.0025251245 0.44146648
0.0015638791 0.0016864578 0.45542637
-0.0038841204 0.0054295356 0.47280598
-0.0032984812 -0.0007818278 0.44661742
-0.0077685276 0.0035934397 0.45480376
-0.0008149391 0.0031118465 0.48786244
-0.0014856732 -0.0011910751 0.47169718
-0.003620033 -0.0007582206 0.47595677
-0.0038876298 0.0037472248 0.47094926
-0.005277806 0.0036753796 0.4789382
-0.0037655798 0.004125031 0.46564287
-0.0056382427 0.0066880574 0.48042446
-0.0071742544 0.007913842 0.48257795
-0.0073016263 -0.0005416073 0.47285742
0.0002172112 -0.0008390265 0.4852031
-0.007485646 0.006086696 0.48528972
-0.008423502 0.01167842 0.47799057
-0.0031181474 0.0048240824 0.4669903
0.0014801932 0.0008217237 0.4742526
-0.0020276026 0.008306218 0.46140784
-0.008924362 0.006869978 0.46135792
-0.005424101 0.0031795509 0.46756768
-0.008300334 0.009308646 0.4651266
-0.0030535597 0.0022053726 0.44758052
-0.0047446024 0.004920457 0.47057152
-0.0022523399 -0.0004910391 0.4823292
-0.0020540443 0.0031308134 0.48472586
-0.0070006205 0.007204252 0.46808314
-0.008687568 0.007500308 0.46792436
-0.03103444 -0.0315353 0.44245702
-0.005598233 0.007278327 0.44565502
-0.002494828 -0.0006312078 0.46005845
-0.0056781946 0.0002664374 0.4796393
-0.0077124154 -0.0002833491 0.4589592
-0.0071119876 -0.0006118469 0.4583251
-0.010398599 0.01377832 0.4521564
-0.0066042193 0.007872513 0.47175708
-0.002799661 -0.0001463378 0.49418163
-0.004186681 0.0050891973 0.4951561
-0.0038123676 -0.0014040389 0.45607543
-0.0021236204 0.0027276787 0.4492918
-0.0015578017 0.0040835063 0.46875176
-0.002141505 0.0051416154 0.48501125
-0.0011105849 -0.006485873 0.4847645
-0.0068403906 0.009186772 0.4762023
-0.014630009 0.014233746 0.466258
-0.0015762076 -0.0005566315 0.48528376
-0.0012571801 0.0012186316 0.48369417
-0.009975292 0.0056400253 0.47630233
0.0006701032 -0.0001516008 0.46425676
0.000260549 -0.0001200802 0.48285586
-0.0006164727 0.0022636233 0.47649017
-0.0013827092 0.0030895367 0.47391576
-0.0020685687 0.0032007813 0.44808832
-0.0037724054 -0.0001373242 0.4431674
-0.0041801375 -0.0006430676 0.46994528
0.0003344102 -0.0016200965 0.43453065
0.0000376915 0.004767788 0.027826577
0.0014291853 0.0022539562 -0.020713935
-0.0026968976 0.0030065149 0.006190779
-0.0009443241 -0.007575179 0.014179465
-0.0000371392 -0.046891287 0.033018347
-0.000351106 -0.020088322 0.03270037
-0.0007247403 0.0019128257 0.01653848
0.0010341082 0.000870396 0.0084674535
-0.0000664152 0.0011653759 0.013272268
-0.0008248944 0.0023837606 0.0021539337
-0.0012211235 0.0026822884 0.014540339
-0.0008933116 0.0020436079 -0.005469068
-0.0024188058 0.003303747 0.015235004
0.0005804809 0.0017688682 0.007179004
0.0003008357 0.0006070444 0.0010995268
0.0000891471 0.0011135818 0.007496667
0.0012533318 0.001795629 0.005393604
0.0001157287 0.0026083135 0.0042026015
-0.0001344316 0.0011772888 -0.005433377
-0.0032876823 -0.0028522646 0.0029493996
0.0005222518 -0.046278734 0.010392683
0.0005549288 0.0019358828 -0.0050921077
-0.0004250316 0.0018241688 -0.00674758
0.0013105439 0.0010482005 -0.0009834319
-0.0000896793 0.0013090752 0.0017063718
-0.0022137046 0.0032084219 -0.0050795292
-0.0001369643 0.0027501585 -0.0006648421
-0.0012341101 0.002119209 -0.0003237044
-0.000940164 0.0026397905 -0.006324238
0.0001919487 0.0017282615 -0.004030212
0.0000238224 0.003476441 -0.0073030754
0.0007087615 0.0015967045 0.0009042808
-0.0016533794 0.0038153655 0.0054340027
-0.001480545 0.002557239 -0.00949596
-0.0005201292 0.0033242204 -0.017702583
-0.0026647502 0.0034585246 -0.0015606201
0.00111871 0.002297492 0.005645939
-0.004044763 0.0022931264 -0.0057408586
-0.0010877582 0.0025532444 0.012111301
-0.0009703573 0.0020898683 0.0051747086
-0.001459478 0.016027784 0.012134127
0.0034320455 0.00737736 0.009524649
-0.0020284492 0.00466532 0.020836864
-0.003917381 0.0023441487 0.013313104
0.0000157025 0.0020729112 0.01611983
-0.0012707514 -0.0063598664 0.004528121
-0.0016920611 -0.044605337 0.022372458
-0.0002700831 0.0002149509 0.02544738
-0.0021748312 0.0028595563 0.014572158
0.0021696182 0.002893021 0.010911731
0.0001541971 0.0018549965 0.01385017
-0.0005544863 0.010494049 0.04398387
-0.00137444 0.0027235555 0.0213054
0.002917962 0.0018431048 0.008830708
0.0009232279 0.002240934 0.018948026
-0.0033373404 0.013372747 0.09089445
0.0010505093 0.0010338777 0.018521085
-0.0008351289 0.0013878515 0.033443976
0.003147319 0.0052367365 0.039467778
0.0009413295 0.0007053415 0.02275129
-0.0003985656 0.0012379007 0.018305922
0.0014411586 0.0022299632 0.007045382
-0.001298039 0.0009366899 0.012877521
-0.0005373415 0.0014769922 0.0012351726
-0.0021022325 0.0032679394 0.013722544
-0.0003917635 0.0019133787 0.012030669
-0.0008005416 0.0016500857 0.0031627598
-0.008020194 0.011942606 -0.00891975
0.0006189369 0.001007545 0.0047679865
-0.0015968524 0.0021832709 -0.0007301992
-0.0002466748 0.0025588626 0.008852134
0.0050012185 -0.0005498712 0.013816206
-0.0007892089 0.0006630713 0.0000416484
-0.0007502867 0.0017529369 -0.0056608664
0.000647698 0.0012518677 -0.0051769055
-0.003667695 0.0028186566 -0.007533887
-0.0000805027 0.0035998032 0.0005495685
-0.0030861048 0.0036905624 -0.006377711
-0.002696348 0.004020008 0.020930586
-0.0007585572 0.0014523764 0.004111729
-0.0017069781 0.0014939823 -0.011645642
-0.0010750662 0.0027609994 0.011247566
-0.0000044656 0.0024944576 -0.0014232104
-0.0015111221 0.0025418862 0.010509297
-0.0000731906 0.0015462529 0.0068169273
-0.0005163737 0.0018496722 0.0017840791
-0.0000322905 0.0022014368 -0.0005087579
-0.0004393705 0.0006206104 -0.0073558367
0.002132976 0.0023645593 0.0093763275
-0.0018414423 0.0007413783 -0.0055433656
-0.0024191372 0.002109846 0.0017303266
-0.0001433809 0.024462357 -0.246156
0.0018384305 -0.0016748842 -0.42390394
-0.0011853278 -0.003675469 -0.49374604
-0.004856266 0.0006699204 -0.4731843
-0.000701549 0.0014831871 -0.48019972
0.002225514 0.0003166497 -0.45190614
0.0014573493 0.000247748 -0.43886232
-0.0054265764 0.004612237 -0.46071953
0.002035013 -0.0007454071 -0.48537698
-0.002595657 0.008847507 -0.48530978
-0.0031791807 0.009713343 -0.46393672
0.0045406697 0.004639019 -0.45180854
0.0030372962 0.0009447125 -0.4534474
0.0016278822 -0.0060837907 -0.4420293
0.0020242177 -0.033770807 -0.4358948
0.02420341 -0.045874003 -0.459834
-0.0010264342 0.0025817114 -0.46779996
-0.0029534749 0.0030147778 -0.47411698
0.0018575002 0.0025781102 -0.48703176
0.0055543184 0.007456725 -0.4773807
-0.0025516055 0.0029029243 -0.49764833
0.0036828693 0.002627149 -0.4779176
-0.010872187 0.009667812 -0.47568303
-0.000139093 0.003021955 -0.47979245
0.012838772 0.012789555 -0.45848042
-0.003491839 0.011278148 -0.47023702
0.001403451 0.003699873 -0.46503657
0.0025131754 0.0029135533 -0.43493754
0.0063225552 0.010015635 -0.4329779
0.003557176 0.0024030083 -0.45193568
-0.007199845 0.008432737 -0.4617096
0.0025656784 0.0011366643 -0.43504018
0.0015019558 0.0018862238 -0.44751605
0.0013032758 0.0010922148 -0.4554051
0.0014165126 0.0022536735 -0.47059894
-0.0004886562 0.0039817845 -0.48171908
-0.0020385645 0.007917321 -0.47903362
-0.0029770376 0.0066512995 -0.4885896
0.000015229 0.0035578173 -0.50045604
-0.005325171 0.0064411396 -0.48858267
0.0052719777 -0.003341861 -0.44919044
0.0025741044 -0.0015547083 -0.46925005
-0.0033169887 0.0026225634 -0.47303
-0.0064051896 0.0076940195 -0.45423216
0.0050557787 0.005973907 -0.47554088
0.002199785 0.0028676966 -0.47032595
0.0048416117 0.007059862 -0.46058702
0.0035423324 0.004113213 -0.46124047
0.0032253992 0.0016369789 -0.45889577
-0.0016988639 0.0052222637 -0.46336904
0.001910295 0.0007420766 -0.4520201
0.0019255916 0.0038526193 -0.46696568
0.0011883853 0.003224053 -0.46281457
-0.003666491 0.0069850585 -0.48553
0.0016248053 0.004550958 -0.48339242
0.005550037 0.010053682 -0.505648
-0.003230752 0.005649048 -0.4517998
0.006961698 -0.022697728 -0.47068065
0.009026695 -0.06543045 -0.41564852
-0.010607045 0.020407211 -0.4179679
-0.011263028 0.0109895505 -0.44881386
-0.014277381 0.015484246 -0.4493031
0.0006383079 0.003941499 -0.48093754
-0.0026401174 0.006135315 -0.4525763
0.000431103 0.0025823605 -0.46029672
-0.0010843987 0.0012314792 -0.48783407
0.0025009005 0.004808536 -0.46689397
-0.000103589 0.0042890687 -0.35098672
-0.004059269 0.0065802047 -0.009330896
-0.0008583104 0.007667476 0.015582858
0.0005427273 0.0016912976 -0.005139771
-0.0004928656 0.0036850143 -0.012312638
0.0001734611 0.003454548 -0.019265728
-0.0010624693 0.001888671 -0.06410136
-0.0009547287 0.0014888784 -0.04197694
0.0021741053 0.0031414845 -0.037892975
-0.0013563152 0.0019826447 -0.03201991
-0.0001211754 -0.0002931824 -0.022636836
-0.0020009843 0.0020873747 -0.016685713
-0.0006879383 0.0018401978 -0.010763167
0.0010959108 0.0030884552 -0.009904251
0.009510482 0.0047824145 -0.0012474519
-0.010130487 0.005153059 -0.0023431717
-0.010029006 0.0011674243 0.0006915939
-0.0009431696 0.0011006473 -0.0039625973
-0.0002473978 0.002769992 -0.010098363
-0.0035299757 0.0028673029 -0.014553739
-0.0011239802 0.0027503432 -0.002778824
0.0000003481 0.0007433911 0.0059231976
-0.0005257372 0.000397891 0.005753693
-0.0009706564 0.0028273785 0.0026265203
-0.0011112668 0.0014773887 0.0005616692
-0.0003994904 0.0001694745 -0.0017313786
-0.0015599538 0.0006242358 0.0001745962
-0.0005633923 0.0027649384 -0.0061088367
0.0008518168 0.0021601708 -0.0035148044
0.0004157286 0.0014426846 -0.0030010275
0.0006484824 -0.009813081 0.0018333998
0.0032149148 0.00571661 0.011585222
0.0020357885 0.0016952431 0.0055826097
-0.0019509963 0.0015109691 0.007543811
-0.0015481613 0.0022945488 0.0008796658
0.0034728572 0.006946525 0.007106339
-0.0008692249 0.0012485662 0.0015188517
-0.0014001 0.0027894191 0.007443211
0.0008048797 0.0032543533 0.0028394551
-0.002583439 0.0014593832 0.0050764484
0.0001227631 0.0037583907 -0.0015445435
0.0000196399 0.0023343796 -0.0024484533
-0.004370109 0.001738453 -0.0008351784
0.0003456043 0.0007887123 -0.005051191
0.0009878653 0.000599192 -0.0016384134
-0.008634294 0.0055891564 -0.010067552
-0.0065517514 0.0062157614 0.013174428
-0.0014236879 0.0015719533 0.0061411457
0.0019653256 0.0018521013 -0.006999463
0.0004193367 0.0011097112 -0.004435252
-0.001989374 0.0012734821 0.012265242
-0.0036743772 0.0037430846 -0.0005927732
-0.0012647583 0.002500879 0.002735459
-0.007083909 0.0024945317 0.008627584
-0.0002716284 0.0010913124 0.008066287
-0.0004999051 0.0000922668 0.010417538
0.0012432031 0.0018189272 0.009012861
-0.0032481216 0.0033017818 -0.0020968046
0.0000759451 0.0012932116 -0.0040481687
0.0002221771 0.0017466344 0.0006127755
-0.001043763 0.00273419 0.0018472116
-0.0016708048 0.0016047943 0.003943113
-0.0002604565 0.0020060686 0.004131947
0.007688084 0.008561381 0.010408151
0.0021223128 0.001811586 0.00360047
0.0009993626 0.0014252631 0.0014170458
-0.0006120988 0.0009254547 -0.0051627527
-0.0015956272 0.0008333068 0.0068384195
-0.005994483 0.0062925294 0.01513345
-0.0020682039 0.0021573112 0.008022211
-0.0007986772 0.001803617 -0.0057016276
-0.0038851716 0.0028524897 0.007659794
-0.0006203718 0.0009221645 -0.0014787351
0.0021520264 0.0011894641 -0.0048485235
-0.0013143874 0.0017420152 -0.0006969383
-0.0026068618 0.003978445 -0.0055264393
-0.0010422382 0.0026341814 0.00793067
-0.0007765354 0.0003727131 0.0010034463
-0.0019410256 0.0018288878 0.0019377184
-0.0018912554 0.00198988 0.0067843413
0.0010701125 0.0006397606 -0.0005272223
-0.0015471329 -0.0064937174 0.004479873
-0.0007059862 0.0018318247 -0.0009390366
-0.0006357963 0.00293282 -0.0043234127
-0.0010826347 0.0005418063 -0.015983429
-0.003144712 0.003584526 -0.0018305402
0.0000086678 0.0018792471 -0.0022247522
-0.0001265966 0.0024321047 0.0014935295
-0.0018306749 0.0012656259 -0.0055460404
0.0000255585 0.0019211319 -0.004614298
0.0001313053 0.0017025054 -0.0045053894
-0.0010553942 0.0002518934 -0.0007651307
-0.002543761 0.0025239363 0.0044383197
-0.0003759437 -0.000152687 0.0000133286
-0.0013482409 0.0019700755 0.0037117195
0.0002761745 0.0004924664 0.0044847326
-0.0009430169 0.001009512 0.000196344
0.0034995035 0.001293413 0.0002000352
-0.0032617294 0.0017154258 0.0032871305
-0.0016759308 0.0025677138 -0.006137564
-0.0010833653 0.0020257877 0.0003900153
-0.004731597 0.005813477 0.0021864441
-0.0004132285 0.0027104882 0.006246707
-0.0004124818 0.0022836593 0.0008190651
-0.0028821994 0.003414854 0.0027441992
-0.0011338544 0.001170786 -0.001491976
0.0028880376 -0.002967522 -0.0045782146
-0.0023946413 0.0035385774 0.0029487256
0.0010804767 0.0018531524 0.008807615
-0.0066556735 0.0046373038 0.0021140403
-0.0019739014 0.0010087737 0.005961632
0.0006060448 0.0010191059 -0.0078077526
-0.0016810963 0.0009526283 -0.012451632
-0.0046770973 0.0038194726 -0.0025109467
-0.0003106436 0.0026969556 -0.006898445
-0.0004332928 0.000535687 -0.0005037511
-0.0019354846 0.001781951 -0.0050408603
-0.0010142941 0.0005693734 -0.00135132
-0.0010532299 0.0011768006 -0.000268304
0.0016759792 0.0018029023 -0.0013191889
0.0000224526 0.002645336 0.012054883
0.0015405075 0.0017338006 -0.0020810347
-0.0039505046 0.0029346962 0.0027068604
0.0000597248 0.0016439203 0.0002745215
-0.0032154738 0.0033424222 -0.0053624185
-0.0018768912 0.0029609904 0.0021183032
-0.0020884585 0.0023055004 0.0010000931
-0.0005004883 0.0022287753 -0.004818983
-0.0007105226 0.002190014 -0.0068604923
-0.0017783456 0.003570749 -0.0076407595
-0.0013583048 0.0026194332 -0.0014553979
-0.0024260732 0.0015123792 0.0003619315
-0.0035778233 0.0034683198 0.0014426304
-0.0012198484 0.0013220678 -0.0036797568
0.0007013673 0.0039664553 -0.0038139853
-0.001858701 0.0041029174 0.0077470704
0.0012489579 0.0011299506 -0.006024567
-0.0009961078 0.0009687431 -0.0005493636
0.0006504712 0.0019503959 -0.0047943066
0.0003314346 0.0026841387 0.0035183337
0.0005139372 0.0005088843 0.0026941465
0.0007804644 0.0022182341 0.0008958606
0.0005142272 -0.000988244 0.0067028636
-0.0023041475 0.0025585557 0.0058539724
-0.0005720706 0.002637286 -0.017443974
-0.0014645788 0.0023624646 -0.0008643838
-0.0019292273 0.003725043 0.0028976793
0.0002337011 0.0029189228 0.0013676402
-0.002767575 0.0024792734 0.0005005108
-0.0021922013 0.0019470252 -0.0005702227
-0.0022784793 0.0009147723 -0.0056578945
0.0017119081 0.007924639 -0.09872444
-0.0000327485 0.0006716768 -0.036811937
-0.0004007915 0.00891391 0.28043637
-0.0003999713 -0.0002711383 0.42990026
-0.0034406767 0.0011444105 0.44644946
-0.008782009 0.0032727323 0.48340726
-0.0025589631 0.0007473171 0.4711339
-0.002272447 0.0035455588 0.4312636
-0.0010929378 -0.0000843644 0.4311997
0.004415472 -0.0046261577 0.44047657
-0.0018453777 0.003215583 0.41962028
-0.004284565 0.0062388857 0.4497447
0.00384019 0.0034248426 -0.021620959
-0.0010647892 0.0006564423 -0.15945633
-0.0001324445 -0.0017399058 -0.1444697
-0.0011726967 -0.0007748521 -0.136871
-0.0001173953 0.0016498801 -0.18730208
0.0008611007 0.0040257345 -0.22507079
-0.0003799404 0.002880298 0.19477256
-0.0002218462 0.0020750246 -0.043772332
-0.0067338506 0.011059692 -0.39574948
0.0006687685 -0.0011535198 -0.36690083
-0.0020781304 0.004399781 -0.438212
0.002461647 0.0017695552 -0.4327971
0.002176273 0.0032269415 -0.45870733
0.0010333267 0.0029589057 -0.43503505
0.0024940534 0.0026046638 -0.45749196
0.0007111783 0.0020079226 -0.4355105
-0.0012809398 0.0053962944 -0.058819193
-0.006198454 0.012781635 0.0028750957
0.0000415274 0.003734586 0.0073715136
-0.0024787518 0.026840115 0.21193226
0.000249255 -0.0005725137 0.42389518
-0.00057033 -0.0029455305 0.43441853
-0.0054379734 0.004903923 0.44127482
0.0023618867 0.0002889472 0.45039767
-0.0034526445 -0.024979318 0.47052795
-0.0075435154 -0.04946791 0.44418293
-0.010005842 -0.026256155 0.44694132
-0.0056620277 0.0003056724 0.46418515
-0.011053311 0.008325921 0.44184536
-0.0014021031 0.00210444 0.4264238
0.0013675144 0.0033436753 -0.1350086
0.0033396955 0.0048143277 -0.16339742
-0.0008219128 0.0044888896 -0.061746202
-0.0007583402 0.0030107205 0.03743022
0.001975908 0.0021681036 -0.21846187
-0.00129326 0.005030256 -0.10665424
-0.0016126673 0.0022105665 -0.20860426
0.0010814503 0.0018761156 -0.30283853
0.0018119018 0.004283985 -0.4230439
0.0017347492 0.0050842674 -0.43804973
0.002101815 -0.018324759 -0.4470709
0.005949283 -0.008889558 -0.4469582
0.012798831 -0.011945312 -0.4613239
0.0004384323 0.0003026214 -0.43851343
0.0002005123 -0.0022039644 -0.12297416
-0.004584026 0.026435683 0.40724483
-0.0008450017 -0.004656951 0.43340832
-0.004011189 -0.0019626317 0.44982663
-0.005636716 -0.011184377 0.4860139
0.0010605104 -0.0028057855 0.4788854
-0.0046010567 0.0006771091 0.47957247
-0.002153983 0.0021170357 0.43658143
-0.00470731 -0.0012106474 0.43775517
-0.000769013 0.0021541351 0.4514602
-0.0004890606 0.0008421264 0.46031013
-0.002075266 0.007666846 0.077041745
0.0026103035 0.010275848 0.0024607088
-0.0015830037 0.0048693703 -0.011105177
-0.0032887969 0.002701919 -0.0006825961
-0.009212695 0.008694027 0.02393542
-0.0041702786 0.004158765 0.050090164
-0.0024153262 0.0015711725 0.043712538
-0.0026104287 0.0003039883 0.034881696
-0.0003631993 0.0031274087 0.0356263
-0.0037920035 0.0023198747 0.003138323
0.0033532544 0.0038172216 0.008501748
0.0004965911 0.004637541 0.019481367
-0.0015803492 0.0020719029 0.01096327
-0.0023234866 0.0026783457 0.010151438
0.0016821977 0.0010589139 0.016397737
0.0011695254 0.0038185897 0.008576712
0.0009620119 0.0021872874 -0.0015697461
0.0006997993 -0.010505235 0.0023114874
-0.0036944277 -0.016429594 0.012964891
-0.0017087549 0.0010345563 -0.0030499392
-0.0025831051 0.0011360226 0.005854364
0.0011874835 0.008249404 -0.098421015
0.0022940864 0.0039172573 -0.051579468
-0.0004894995 -0.0018871455 -0.040669326
0.0007787686 -0.0013172321 -0.015827922
0.0010022499 0.0012085654 -0.017612522
-0.0023455818 0.0045801415 -0.026787866
0.0016672403 0.0024548874 -0.012495637
-0.0023690325 0.0006366505 -0.013096596
-0.0032041408 0.005722292 0.0009348352
0.0002129794 0.0022141086 -0.007978354
0.000524571 0.003454694 -0.0113012595
-0.0004643687 0.004181447 -0.001597678
-0.0028831125 0.0019268645 -0.0072158873
-0.0022953828 0.0035395287 0.006910929
-0.0014178824 0.0010381644 0.0030507245
-0.0003259456 0.002057841 -0.0031167227
-0.0018492369 0.0019522689 0.008306695
0.0046795118 0.005518393 -0.0003880455
-0.002458368 0.023131046 -0.028699344
0.0014233518 0.000554257 -0.008917789
-0.0030986748 -0.01077027 -0.04232902
0.002937141 -0.049329933 -0.028342912
-0.0064225583 0.03438424 -0.009635863
-0.0047506383 0.0037600487 -0.035657436
0.0016528296 0.0008156382 -0.06256226
0.001756211 0.0149749415 -0.058360893
-0.0043102717 0.018376494 -0.025816565
-0.0007579592 -0.067445636 -0.056049734
0.001591475 0.009658119 -0.05282902
0.0019201441 0.0034439259 -0.02629126
-0.0001836747 0.018718543 -0.047768876
-0.0014170192 0.018901847 -0.05644397
-0.0001634249 0.016782125 -0.13022609
-0.0054465593 0.0005855769 -0.42052096
0.0007893264 -0.0037007295 -0.4242889
-0.0003600205 -0.0011526244 -0.46733817
-0.0059089907 0.0017715466 -0.4877122
0.0018098324 -0.0005057584 -0.4403078
-0.0021136333 0.0016191505 -0.44029027
0.001751037 0.0001609762 -0.42912912
-0.0019060995 0.0066532446 -0.11966944
0.0004376028 0.006140939 0.004860281
0.0010287436 0.004447478 0.02101807
0.0004020399 0.0026853008 0.0032787893
0.0029207885 0.004209128 -0.022137862
-0.0033578188 0.0016792265 -0.02614067
-0.0020577242 0.0020136205 -0.03124771
0.0037665018 0.0028234778 -0.02956367
-0.0023203553 0.004238139 -0.029485926
-0.0056310478 0.0078761075 -0.023264375
-0.0043696905 0.0016200657 -0.013565635
-0.003968245 0.0017529583 -0.009544999
-0.0013789213 0.0027820424 -0.009435793
-0.002678467 0.0022377085 -0.007409134
0.0003495402 0.0019745887 -0.014784667
-0.0014616913 0.001038506 -0.003430881
-0.0038539977 0.0022430443 -0.009250936
0.0012559242 0.0008767857 -0.0007778441
-0.0005215033 0.0007721257 -0.0027005891
0.0035233218 0.003062384 -0.0011295014
-0.0006415906 0.0016043894 -0.003362401
-0.0005434304 0.0001425873 0.009303991
-0.0001901554 -0.034065317 -0.007978637
0.0008491421 -0.017665032 -0.03337624
-0.0007366574 0.019894946 0.067579105
0.0008114387 0.0025144373 0.021441994
-0.0008369182 0.0015302357 0.015396642
-0.0032176531 0.0059427666 0.015194438
0.0010436474 0.0006813762 0.0066105253
-0.002747399 0.0030266144 0.012184347
-0.0006059225 0.0025249412 0.0073597045
0.0006619283 0.0014718054 0.0052532586
-0.0028176783 0.0033197284 0.0034735862
-0.0029923483 0.0029833703 0.006647511
0.0001843952 0.0004408748 0.007741151
0.00010347 0.0012400504 0.0039023787
-0.0029863801 0.003229972 0.012500672
-0.0014548323 0.002480223 0.0031522457
0.0010718659 0.0011741375 0.0024731248
-0.0022953101 0.002275797 -0.0003111859
-0.001731898 0.0014305871 -0.0013228414
0.0014321601 0.001129932 0.004596778
-0.0009898024 0.001449723 -0.008639659
0.001183471 0.0015448853 -0.0029733258
0.0000654335 0.001981162 -0.0075872615
0.0000407362 0.007301771 0.017288607
-0.0039886055 0.0028878176 0.016752196
-0.0014009154 0.0018969286 0.009452007
-0.0013385804 -0.025122816 0.01617018
-0.003196483 -0.024784181 0.016286673
-0.0002762495 0.0013736711 0.0033674184
-0.003093338 0.0032251447 0.0057976907
-0.0018439337 0.0152320955 0.024376655
-0.0001635345 0.0029892114 0.045913707
-0.0034549863 0.0024567076 0.03842709
-0.004307219 0.003839086 0.024238808
-0.0006198493 0.0000748116 0.02525266
-0.0023448074 0.0016762114 0.016703714
0.0001350128 0.0019236188 0.020007338
0.0019493729 0.0022273767 0.016759684
-0.0018048214 0.0013531658 0.02137249
0.0004834871 0.0013977222 0.0052052354
-0.000672624 0.0010993223 0.0003122052
0.0006847795 0.0024138337 -0.010939041
0.0001826199 0.002759251 0.0063473172
-0.0001290435 -0.023680512 0.0034416064
-0.000858579 -0.040507738 0.01951735
0.0006356366 -0.012586577 0.009708667
0.0017842501 0.0038776305 -0.008243657
-0.0002542018 0.0095989015 0.022473719
-0.0005496463 0.0017592104 0.02577686
-0.0023677016 0.0025224625 0.008712714
0.0006649122 0.0012205982 0.008748018
0.0005912408 0.00804815 0.026971951
-0.0009685941 -0.02687776 0.025451178
-0.0004028229 -0.031831156 0.03734155
-0.0024791865 0.0015051982 0.041093033
-0.0018670012 0.0025069849 0.02250476
0.0000484726 0.0007506224 0.01849407
0.0001559704 0.0017132334 0.0140361395
0.0004657682 -0.000210413 0.007120007
-0.0003631379 0.0010062072 0.00513959
0.0007402976 0.0020437143 0.011962233
0.000036172 0.0002576823 0.0034405075
-0.0005708942 0.0006494327 -0.0007744754
0.0000177247 0.0013361532 0.004559483
-0.0011468653 0.0018738027 0.004143437
-0.002670054 0.003293916 -0.010579342
-0.011568205 0.01979415 0.08584738
-0.0016673086 0.0017705057 0.044558756
-0.002682871 -0.0000027966 0.026750743
-0.0059516625 0.0038248934 0.03567295
-0.0014043659 0.003414385 0.017515093
-0.0021807707 0.0029045655 0.024660137
-0.001651671 0.002999254 0.016986106
-0.0028596655 0.0014286202 0.014573986
0.000451988 0.015838683 0.043149192
-0.000260921 0.019035764 0.062413406
-0.0014803518 0.032118388 0.11276895
-0.003850707 0.02343291 0.17195031
-0.0039046532 -0.0024755516 0.42775393
-0.002237842 -0.0012009842 0.44483924
-0.0003320154 -0.0013754343 0.48589987
-0.0023202153 -0.0007601997 0.4627561
0.0000496407 -0.017733151 0.44113103
-0.0025650018 -0.0013638771 0.44258967
0.000632422 -0.0001927604 0.45522553
0.0004543057 0.0005172991 0.4787343
-0.0032785945 0.004869018 0.42922646
-0.0010184465 0.0016602299 0.42321673
-0.005671982 0.0030657286 0.45328364
0.0001326173 0.0032930071 0.11576833
-0.0032812771 0.008425854 -0.00287257
-0.0002616482 0.0033082173 -0.005472404
-0.0022134478 0.0020851449 0.006885073
-0.0032066647 0.002759662 0.011085662
-0.001787068 0.001947236 0.027975474
-0.0061901794 0.0036599687 0.03772673
-0.0036595315 -0.0000469005 0.025475118
-0.0025715674 0.0010880582 0.025567245
0.0000915928 -0.000702019 0.017411904
0.0006591118 0.0013927859 0.008372532
-0.0049596867 0.0044768034 0.01944142
-0.0020816184 0.0014992605 0.011007537
-0.007153594 0.005690366 0.010105817
-0.0008721183 0.0001619987 -0.002176954
-0.0017866434 0.013087368 -0.015092911
0.0010079424 0.011198354 -0.03195464
0.0016512986 0.0007490323 -0.03559349
-0.0006415283 0.014671668 -0.07260369
-0.0020106132 0.0038558382 -0.033653136
-0.002874577 0.0038166966 -0.011932019
0.00265576 0.002833135 -0.021784816
0.0001841336 0.001263806 -0.016948625
-0.0002072938 0.026071727 -0.017952736
-0.002693241 0.018646104 -0.061648995
-0.0034211178 0.0053543057 -0.031745978
-0.0024191425 0.034580626 -0.048484035
-0.0016127576 0.0055134604 -0.069150135
0.0012390979 0.014407979 -0.079729006
-0.0017736156 0.0132705225 0.3987584
-0.0035627615 0.0012482192 0.44329184
-0.0021217582 -0.0002516847 0.2788046
-0.0007923317 0.0070182914 -0.0024366174
-0.0001874368 0.004134069 -0.012184942
-0.0014557621 0.004225364 -0.0038313083
-0.000472359 0.0007526135 0.032651864
-0.0018438048 0.0007963992 0.03465844
-0.0003828022 0.000984895 0.03155525
-0.0015464544 0.0055199536 0.02439115
-0.0000955165 -0.0005427369 0.010978689
-0.0044704163 0.0057261465 0.010714276
0.0012600301 0.0016034167 0.023398826
-0.0013014392 0.0020313172 0.0075242044
-0.0001415899 0.0028450224 0.00195993
-0.009185778 0.0056549055 0.0109723685
-0.0063931965 0.0027618022 0.007346723
-0.002938066 0.0030780165 0.024925148
-0.0026235734 0.0051498474 -0.03085478
-0.0008147375 0.0005849302 0.011158353
-0.0024462377 0.0037543965 0.004195675
-0.002352271 0.0030878177 -0.0018985204
0.0012267332 0.00296242 0.000623624
-0.0017426967 0.0006171156 0.016844314
-0.0024389413 0.0038005349 -0.0068619167
0.0014269876 0.0009152809 -0.0021090824
0.0004837853 0.0024580495 -0.0000392629
-0.001914713 0.0008011454 0.0014011271
-0.0005288352 0.000577357 0.0057289503
0.0012110731 0.0010872667 0.004454705
0.0011791363 0.0060675493 0.0012507056
0.0010856547 0.0027220328 -0.014095789
0.0003473513 0.0026115912 0.0014152214
0.0023814451 0.0042585135 0.0005302513
0.0030856936 0.002719691 0.012259019
-0.0022396264 0.0042966357 -0.021560784
-0.011037904 0.0066408543 -0.04315126
-0.003525528 0.0026477901 -0.016902994
-0.0028640782 0.0027111487 -0.022313109
-0.009332401 0.006243361 -0.017878871
-0.0002058319 0.0019479353 -0.021517683
-0.0015257836 0.0014944163 -0.0061213914
-0.002197879 0.0023164316 -0.014168051
0.0004250076 -0.0003895435 -0.00961744
0.002221863 0.0035107383 -0.019467328
-0.006897514 -0.011443543 -0.050826948
-0.0016478434 0.0023089708 -0.045351043
0.0006007912 0.0014072818 -0.03562152
0.00101573 0.0034896214 -0.031465143
-0.0012573423 0.0014615405 -0.020295236
0.0008890777 0.003827144 -0.013197069
-0.0002236141 0.0013697452 -0.013642816
0.0005968116 0.0022217368 -0.017660746
0.0025397053 0.0027371475 -0.008932958
-0.0005322851 0.0016387419 -0.009435156
0.0013131708 0.0023484891 -0.0017023988
0.0004880603 0.0046881414 0.00974369
0.0015213529 0.0004529254 -0.0021595522
-0.003936714 0.003133382 -0.011901652
-0.0007126586 0.0023782537 -0.014540476
-0.0005421467 0.0024951794 0.005164926
0.0015062556 0.0022799924 -0.01175883
-0.0018595606 0.0034478907 0.0053010145
-0.0006123267 0.0000264006 -0.014263162
-0.0010075683 0.0027306806 -0.0046837525
0.0007970244 0.002155171 0.006952466
0.0007304048 0.003213264 -0.008646818
-0.0023520463 0.0030615954 0.003008941
-0.0011528115 0.0001312213 -0.0065073394
-0.0010211949 0.0021625315 -0.0025243221
-0.0017596753 0.023198051 -0.038332593
-0.0014777653 0.0015202195 -0.021017851
0.001497153 0.0006264952 -0.035998367
0.0001667394 0.017127031 -0.06625771
-0.0003393622 0.065323725 -0.1323264
0.00236035 -0.0003219018 -0.424964
-0.0008392692 -0.0012063526 -0.45057535
-0.001425813 -0.0032926388 -0.4969522
0.0012569934 0.0003834653 -0.49367023
-0.0007767942 0.002262659 -0.43570018
-0.004376793 0.00395823 -0.43487746
0.0007647994 -0.0010117939 -0.43811178
-0.0022097386 0.0033499196 -0.4843709
0.0010407206 0.0023841986 -0.48048863
-0.0019106697 0.0009295627 -0.46685195
0.006129132 0.0057383445 -0.47364932
0.0069574444 0.004093724 -0.45149
0.0059848605 -0.0008391339 -0.47786307
-0.0006123598 -0.0016000768 -0.45983902
0.0032767975 0.0007271794 -0.4455444
0.0001118899 0.0055695614 -0.11957203
0.0017249051 0.0071292953 -0.0005906881
0.0013424538 0.005927153 0.006571573
0.002645493 0.0039150133 -0.0014614213
-0.0033578582 0.003969545 -0.008040315
0.0011609278 0.0002275933 -0.039891593
-0.0016288331 0.003023159 -0.026158143
-0.001009998 0.0031137604 -0.03277602
0.0001482161 0.0014220636 -0.018528681
-0.0005935667 0.0015234282 -0.011836184
-0.0002167634 0.001339408 -0.024486966
0.0006170935 0.0011593819 -0.016117753
-0.0005752939 0.0029661201 -0.009036202
-0.0008736003 0.001134218 -0.013347837
0.0017128184 0.0009417258 -0.004401877
0.001102904 0.0024819819 -0.007139343
-0.0008705289 0.0012809769 -0.0015921472
-0.0001003183 0.0017285807 0.0013040088
-0.0005496546 0.002751292 -0.0030763263
-0.0030881874 0.0015355853 0.0025989048
-0.0015782568 -0.0003611172 -0.0006540836
0.0009395195 0.0026097395 0.023413833
-0.0018561132 0.0015312806 0.035210818
-0.0004087393 0.000795405 0.03823604
-0.0010653632 0.0024050314 0.025812555
-0.0016908357 0.0032134787 0.022177491
-0.0017822944 0.0041358657 0.010085368
-0.0007308022 0.0013389551 0.0131067755
-0.0007366656 0.0011013333 0.020616908
-0.0012107145 0.0034379319 0.0069714785
-0.0033738944 0.003398183 0.0061188317
-0.0001361322 0.013480986 0.027070832
0.0005315727 0.0024478375 0.02940264
0.001136809 0.0004569966 0.037973262
0.0015747792 0.0019879523 0.02433211
0.0011479171 0.0010094937 0.025634121
0.0010397726 0.014322033 0.03386918
-0.002456428 0.002608796 0.016580489
0.0001974965 0.00942449 0.0521696
-0.0013593187 0.0024157665 0.039740454
-0.003991832 0.002652055 0.026173145
-0.0032564756 0.0138250915 0.05048571
0.0000777419 0.0018099742 0.03521114
-0.0003925126 -0.0012234589 0.014786229
0.0012041567 0.001846247 0.013281712
0.002565684 0.00325419 -0.0051169894
0.0005743514 0.010317365 0.047223587
-0.0008478371 0.02193843 0.05625186
-0.0029435502 0.020318372 0.06556685
0.001453052 0.011836711 0.029574338
-0.0034302385 0.035963807 0.28926355
0.0011161548 -0.002291955 0.4508509
-0.0065474673 -0.0002708865 0.4774219
0.0000437962 0.0001617841 0.4771989
-0.0058575068 0.0023666262 0.48197952
-0.0007578703 -0.0004491646 0.43819922
-0.0018643771 -0.0008697735 0.43995515
-0.0004303627 0.0025709444 0.4744503
0.0014038418 0.0000469312 0.47399798
-0.003110886 -0.0007037459 0.4708721
-0.0051071434 0.0048965714 0.32650435
0.0013674935 0.007886162 -0.0007934527
-0.0019924808 0.0027863453 -0.0076244734
-0.001749927 0.00295641 0.008172755
-0.00114636 0.0020959652 0.002644195
0.0004291379 0.0017721513 0.03470512
-0.0019059877 0.002806651 0.032999773
0.0012768419 0.0026051514 0.015757266
-0.0037975796 0.0059932675 0.034596644
-0.004624669 0.004020373 0.013194906
0.0001132764 0.015214701 -0.029581243
-0.005636664 0.018205129 -0.042795803
-0.0029178427 0.0021872823 -0.03535659
-0.0015851218 0.0021864157 -0.075688936
0.0021692705 0.0021981946 -0.059222925
-0.013331165 0.021187482 -0.06281822
0.0020028143 0.008094553 -0.08421351
-0.000267991 0.0026732325 -0.0010413484
0.0018089594 0.0011941938 -0.02491616
0.0003167858 -0.02338519 -0.031583335
-0.0006144607 -0.0026215934 -0.05664582
-0.0047441185 0.019787166 -0.06836542
0.0007335831 0.011852929 -0.105452515
-0.000138287 0.032826878 -0.061845683
-0.004869187 0.0024165541 0.4415361
0.0004908236 -0.0027246545 0.44331402
-0.008705905 0.0049670106 0.47505093
-0.012287724 0.008056333 0.5021283
0.0042454405 0.0031522135 0.4694408
-0.001082741 0.0000329721 0.47147402
-0.0021012074 -0.0017073335 0.51851034
-0.012862687 0.010258624 0.51121545
-0.0020576117 0.0040877145 0.5076088
-0.012745085 0.0065903678 0.49721232
-0.009958188 0.011578806 0.48135892
0.0016785578 -0.0032479067 0.4564464
0.0000518206 -0.0001432248 0.48606402
-0.0057325847 0.0050596185 0.4726963
-0.001677179 -0.0033959248 0.47201818
-0.004078511 0.002720247 0.47694215
-0.0013826161 -0.009380735 0.4427597
-0.0021431532 -0.0003920488 0.45309418
-0.008394642 -0.008197131 0.44560194
-0.00834745 -0.04301045 0.44035515
0.008172447 -0.0059937956 0.40639883
-0.001292366 0.007541017 0.4437658
-0.001338498 0.0005481148 0.46901613
-0.0010713584 0.0032304928 0.49204588
-0.0019739051 0.0027967587 0.4899002
-0.002276947 0.0040138112 0.49274158
-0.004035221 0.0030641085 0.48481932
-0.0047100754 -0.0006251589 0.4814996
-0.0080458885 0.0018035404 0.47316647
0.0031171765 -0.042876747 0.40943187
-0.007389755 -0.057874154 0.44544142
-0.011005684 0.022068737 0.4558846
-0.002272372 -0.002344694 0.48843616
-0.0010380512 0.006603981 0.47820812
-0.0037001006 0.0026254903 0.5006024
-0.0001041759 0.0019667458 0.46680838
-0.0004172097 -0.0002965374 0.47659492
-0.0035126011 0.000607297 0.45101863
-0.003391786 0.0002686701 0.47758898
-0.0015990995 -0.0011791814 0.45877424
-0.0018828564 0.0037747764 0.48043242
-0.0022169428 0.0003945443 0.48119658
-0.0067439363 0.005295966 0.4846558
-0.0056888317 0.005234214 0.46249518
-0.0042661857 0.005175766 0.49867582
-0.0072761886 0.0068871095 0.48926187
-0.0069353394 0.002189424 0.47219723
-0.007226754 0.011840625 0.47953463
-0.0066475333 0.0046762703 0.48817292
-0.004100549 0.0047479128 0.4526667
-0.011677124 0.009941729 0.47255436
-0.003411806 -0.00400534 0.4675629
-0.0032998417 0.003933937 0.48134732
-0.0039843917 0.0017517224 0.434404
-0.002908649 -0.0007266525 0.47490582
-0.0030139582 0.0009648057 0.38818777
0.0005557784 0.0009259504 -0.00635809
-0.0013695022 0.0069936262 -0.0047792224
-0.0014995727 0.0024750847 -0.014679792
-0.0000217542 0.001596285 -0.009695582
0.0005088938 0.0005766884 0.03160537
-0.0007700868 0.001159914 0.03832771
0.0002414961 0.0008901773 0.025967058
-0.0016244206 0.0003109111 0.029952114
0.0021147581 0.0004982063 0.023783727
0.0003730339 0.001363849 0.020017397
0.00050211 0.0013781702 0.02007965
0.0009790179 0.0015676718 0.014465855
-0.0015104453 0.002279879 0.009209948
-0.0017949489 0.0023413573 0.016261877
-0.001230807 0.002284576 0.0110559035
-0.004558261 0.0030376248 0.0002436109
-0.0005292814 0.0019064427 -0.0024075643
-0.0020274173 0.0024948684 0.0037588156
-0.0036720454 0.0024000995 -0.0039607463
0.0006838503 0.0010472997 0.006408234
-0.0018082993 0.0026081786 0.0016853051
0.0000631455 0.003258685 -0.0002338173
0.0012996251 0.001604693 -0.0000241386
-0.0013940047 0.0003177661 0.0011505127
-0.0021682759 0.0014550209 0.0018189724
-0.0010925655 0.0039269216 -0.0067649647
0.0012501971 0.001055248 0.002175934
0.0012324158 0.0007871467 -0.003864789
-0.0007492732 0.0009000281 0.009734
-0.0011414684 0.002891352 -0.0033513918
0.0009406059 0.0011360676 -0.0012260174
0.0007277224 0.0003255243 -0.0004419115
0.0010618792 0.0006633432 0.0011996379
-0.002515471 0.0024472005 -0.0074307495
-0.0008696003 0.0008249039 0.0016511667
0.0012882105 0.0004512561 -0.0056474223
-0.0011834383 0.0033430667 0.0039218892
-0.0005452876 0.012950048 -0.018271573
-0.0034294308 0.0047425516 -0.017131018
0.0000952437 0.009663369 -0.06580558
0.0005692106 0.0003286255 -0.030323904
-0.0001495697 0.0014268772 -0.04063239
0.0007042894 0.0025025918 -0.035621956
0.0024600732 0.0019411506 -0.03271662
0.0018714821 0.016689215 -0.071148865
0.0006487191 0.01807864 -0.03697431
0.0006298524 0.021086052 -0.04638003
-0.0009048766 0.010270002 -0.06376289
0.0027522228 0.011287503 -0.06288293
0.0013144094 0.018393015 -0.07441095
0.0019883295 0.028110832 -0.14769116
0.0005548528 -0.0035175208 -0.4286364
0.0017453481 -0.0028868204 -0.43075973
-0.0027762954 -0.0028409087 -0.4866666
0.0012789842 0.000095858 -0.49788362
0.0007741732 0.0004199726 -0.44128627
0.0021308777 0.0018692454 -0.43659967
-0.0010787239 -0.0017979253 -0.4616154
-0.008477366 0.007990315 -0.47310036
-0.002169401 0.005017597 -0.47534356
0.004248436 0.003858848 -0.48418665
0.0015948329 -0.0005387615 -0.50912076
0.0015319125 0.0021302686 -0.47664547
0.003751284 0.0021273405 -0.51172054
-0.0003000513 0.0011478637 -0.49320698
-0.001313786 0.0028651396 -0.51318467
0.0029536528 0.0043806443 -0.5184396
0.0002458202 0.00327634 -0.5177039
0.006609621 0.006671761 -0.5017584
-0.0038555122 0.005028268 -0.5053358
-0.0010259388 0.0033464306 -0.5022118
0.0005238726 0.0024278353 -0.48103315
-0.0035352209 0.007250802 -0.46577698
0.0017007949 0.0073422985 -0.47234216
-0.0023999796 0.0025935215 -0.4601635
0.001474032 -0.0000325022 -0.47267422
0.0057173553 0.0053758016 -0.47763819
0.0039297007 0.0032648207 -0.44957384
0.003855023 -0.005667107 -0.4462679
0.016817128 -0.05283929 -0.4251706
0.028291931 -0.042523343 -0.43194064
0.012995799 0.062259983 -0.43224716
0.0004951738 0.0010351858 -0.4637228
-0.0003197943 0.0016096972 -0.46753374
-0.0073653003 0.008698182 -0.48391455
0.004382544 0.010323464 -0.47980332
0.0012547934 0.0038620557 -0.49491724
-0.003107444 0.0038019237 -0.4774674
0.003378708 0.0036306132 -0.48043913
-0.011560159 -0.028393954 -0.44215876
0.0007220478 -0.020432038 -0.43112856
-0.0001417441 0.015766297 -0.4678924
0.005588563 0.000165 -0.47668257
0.0007414802 0.0057702707 -0.47236758
0.0003633012 0.00200543 -0.4837749
-0.0023127447 0.0038051035 -0.47821403
0.0010483672 0.000825276 -0.4538211
-0.004763206 0.005086095 -0.45470485
-0.0003035423 0.00239613 -0.4607305
0.0016281683 0.010780572 -0.45943084
0.0027123059 0.0023445492 -0.46535683
-0.005442741 0.004720362 -0.48694324
-0.0026064639 0.004498671 -0.48357344
-0.0034282363 0.006415963 -0.47079268
-0.0028822073 0.0053576967 -0.48654336
-0.0023681992 0.01241571 -0.4799307
-0.005873964 0.0057690917 -0.4870502
-0.0011582992 0.0029851156 -0.40577516
0.0005741301 0.014044079 -0.0071822787
0.0006717293 0.010202622 0.0003020392
0.0016162612 0.005301428 0.0025522136
0.0012141606 0.0028953818 0.0051889764
-0.0010714622 0.0018539906 -0.019598009
0.0014869975 0.0009201149 -0.039261475
-0.004530028 0.004519993 -0.026921634
-0.0006163703 0.0022646761 -0.024224993
0.0009944933 0.002328809 -0.027142297
-0.0007557071 0.0017787542 -0.026933175
0.0002798134 0.0037005167 -0.020300698
-0.0011067318 0.0015779691 -0.010702735
0.0023564275 0.0034576743 -0.015703928
-0.0011017583 0.001601326 -0.007427643
0.0000317706 0.0024095257 -0.0063718096
-0.0021101476 0.0027586694 -0.009086731
0.0019016635 0.0032386258 -0.0061595766
-0.0013827381 -0.019617718 0.0005254551
-0.0014144529 -0.035202555 -0.0017371556
-0.0024900376 -0.0006210121 -0.014195626
-0.0017669015 0.017641157 0.05412385
-0.0000859918 0.0023104793 0.02869175
0.0015645681 0.0008243063 0.016268702
0.0004465676 0.0017847756 0.01744117
0.0011149267 0.0034747857 0.0041289474
0.0003969949 0.0021484168 0.03217112
-0.0040263096 0.0036793365 0.03483729
0.0002868433 0.003019504 0.026328247
-0.0028824927 0.0022710408 0.016398367
-0.0026688536 -0.0000430729 0.021954661
-0.0010434624 0.001347353 0.012359764
0.0005283913 -0.063528776 0.0648849
-0.004788477 0.013016729 0.006831488
-0.0016042475 0.0021240253 0.021980986
0.000338106 0.03310394 0.04641955
-0.0010896618 0.009656369 0.05735614
-0.0015196407 0.02301101 0.09836286
-0.0035253316 0.02939122 0.14151828
0.0023019772 0.053102754 -0.04460455
-0.0068856017 0.010794508 -0.45074177
0.0005514747 -0.0054288865 -0.48263198
-0.0002856478 0.0018854899 -0.49125844
0.0014020707 0.0018770739 -0.45630255
0.0024559929 0.0009113679 -0.45398897
0.0026770858 0.0005949278 -0.4489799
0.0008472551 0.0025559268 -0.45411915
0.0024651238 -0.0000186563 -0.38302857
-0.004795515 0.006564772 0.001813554
-0.0012730554 0.0058313916 0.015498268
-0.0017524706 0.0043300437 -0.013475597
-0.0015736796 0.00383792 0.0028236688
0.0001205439 0.0031951994 -0.02680476
0.002862776 0.0026861764 -0.043011196
-0.0005532788 0.0011974644 -0.033501007
0.0014465498 0.0006000263 -0.03153594
-0.0034821802 0.003091642 -0.027946819
0.0001272399 0.0018401837 -0.034677207
-0.0001916384 0.0010994438 -0.011984005
-0.0033337574 0.0054630945 -0.006444346
-0.0020804317 0.0022545955 -0.0022847992
0.0022490856 -0.0028021093 -0.006986457
0.00055673 -0.017383993 -0.01709253
-0.01220071 0.007214375 -0.014866395
-0.0001122218 0.0020091191 -0.0071430104
0.0003448958 0.0002777013 -0.008266034
0.0002273818 0.0005343023 0.0006487778
-0.0007935579 0.0035594448 0.0020262972
0.003619011 0.006481991 -0.0075017586
-0.0007574923 0.002416343 -0.014428097
-0.0004546546 0.000883864 -0.001136434
-0.003466589 0.003948494 -0.0000980613
-0.0028242166 0.0014564687 -0.008761151
-0.0013196943 0.002301455 0.0050230976
-0.0011587528 0.0016361543 -0.0069998205
0.0023198237 0.0007535728 -0.004533753
-0.0000052614 0.0013689317 0.010377237
-0.0054463814 0.0017552616 0.0007123372
0.0001995614 0.0011860079 0.0114086
-0.0016223533 0.0018823976 0.004526965
-0.0009995981 0.003271253 0.0044898107
-0.0035594963 0.004232235 0.023498945
-0.0033964417 0.0029487798 0.02296123
0.0005442821 -0.0001905016 0.017900042
-0.0009139812 0.0024503777 -0.003567235
-0.0037153054 0.002531248 0.0007513199
-0.0012001871 -0.0005233634 0.008200136
-0.0030709947 -0.012121119 -0.0017782658
-0.0028875202 -0.047842048 -0.030511886
0.0001933594 0.019921612 -0.05033661
0.0003599191 0.0007763226 -0.04318521
0.0002537154 0.0017890611 -0.035678167
-0.0012031739 0.0017298156 -0.022938576
-0.006388425 0.004413107 -0.015484089
-0.005773661 0.013311681 -0.04365492
0.001385735 0.0018763943 -0.03741149
0.0012611898 0.017482083 -0.057966016
0.0002793851 0.0014291678 -0.031982206
0.0003795562 0.0007010849 -0.033050667
-0.0012227661 0.010277027 -0.051524244
0.0008079781 0.0010096604 -0.03109644
-0.0001781723 0.0005852667 -0.016532294
0.000016078 0.0098372605 -0.087741874
0.0009234712 0.0029366335 -0.035004042
0.000002503 0.0019333434 -0.034632463
-0.0006873307 0.0010827286 -0.012585488
-0.0006670078 0.0023249998 -0.020301467
-0.0026164665 0.0026769338 -0.018024245
0.0011858593 0.014891138 -0.047952257
-0.0004072509 0.013435446 -0.055703033
0.0005707615 0.03385621 -0.10961076
-0.0013979954 -0.0042692283 0.43145823
-0.009078697 0.004618072 0.43244553
-0.0032060228 -0.0019460563 0.47153902
-0.011261866 0.0039688097 0.49693686
0.0018555429 -0.0015679004 0.48082495
-0.0012922582 -0.0006874491 0.4474238
-0.0013972796 -0.004960681 0.43733412
-0.00450738 0.004430146 0.27413198
-0.018837536 0.022122297 0.01677118
0.0002243577 -0.055352755 0.023564395
0.0012131041 0.0022715 -0.0045628985
-0.0014171745 0.0015919206 0.017397966
0.0009741166 0.0036309655 0.042266358
-0.0012212784 0.001539055 0.044298608
-0.0019224922 0.0019752956 0.038980197
-0.0013782664 0.0016488297 0.031052196
-0.0006763652 0.002509288 0.021413403
-0.0009226622 0.0013378595 0.017983207
-0.0032563624 0.0020609917 0.022937737
-0.0010533056 0.001207077 -0.0022002142
-0.000944993 -0.01739743 0.0051268367
-0.0006105147 -0.03557237 -0.0000559947
-0.0004156874 0.0024993508 -0.0046947375
-0.0017391809 0.0017754581 0.0035627387
0.0014652992 0.0019353305 0.0065141856
-0.0000866487 0.017561639 -0.023214657
0.0009530637 0.0013763632 -0.032508668
-0.0014513584 0.0010947763 -0.023532936
0.0019633526 0.0019882084 -0.022619903
-0.0059272973 0.0050809006 -0.011571969
0.0005584364 0.0009896121 -0.019904401
0.0019061904 0.0016935952 -0.009486834
-0.0022531871 0.0032199193 -0.0059188143
-0.0022157137 0.002566196 -0.017227026
0.0004166826 0.001475637 0.0013546163
0.0012513546 0.0005691746 -0.009878465
-0.0016666126 0.0021175665 0.0049073016
0.0002557161 0.0006390078 -0.004287686
-0.0010453373 0.002606285 0.002760016
-0.0002476316 0.00389128 -0.012716427
-0.0003735428 -0.0001729166 0.0028198939
-0.0002269522 0.0029620589 -0.0003689888
-0.00893678 0.0053564026 0.007313942
-0.0017978947 -0.049605057 0.014229959
0.0015471575 0.009894235 -0.013186748
-0.0008448488 0.002911381 -0.0005843274
-0.0018512607 0.003989634 -0.012327089
-0.0028878246 0.002892342 -0.0066104867
-0.0009057252 0.0012686935 -0.0020233658
-0.0000737058 0.0022074175 -0.012010302
0.0007881626 0.0013213942 -0.012592751
-0.0003168063 0.002222564 -0.023686064
-0.00103248 0.0013259206 -0.020398032
-0.0007835979 0.0015065385 -0.0013887053
0.002434705 0.0033274808 0.006394585
-0.0007081367 0.0007243778 -0.0018484716
-0.0012408064 0.0021828657 0.0012044909
-0.0023150272 -0.036729716 0.00536631
0.0005333821 -0.0022709197 0.021854725
0.0017917382 0.0022670785 0.0060772565
0.0009760612 0.0005406096 0.010867531
-0.0010595913 0.0012256384 0.017995777
0.0010724891 0.0015765376 0.019139843
-0.0018328795 0.031346772 0.012377428
-0.002496415 0.0033280358 0.019340932
-0.0020735154 0.004012069 0.0087255
0.0005992444 0.0021507125 0.016749607
-0.0014493512 0.0007918467 0.009677587
0.0003755734 0.0015599548 0.0058435854
-0.0035775383 0.0014866118 0.0034905754
-0.0009047462 0.0044321576 -0.002780968
0.0003458764 0.003105611 0.023219366
0.0005072347 0.0010625694 0.028546015
-0.0014433807 0.001010075 0.031918712
-0.0018700447 0.0007803033 0.017999753
-0.0005301357 -0.01797779 0.003961002
0.00111319 -0.011048174 0.019495279
-0.0019220669 0.0020013088 0.015470882
-0.0015387788 0.0028025934 -0.0027931333
-0.0018512243 0.0022854675 0.012273138
-0.0017309755 0.0018947087 0.010098708
-0.0032825253 0.00368612 0.027205398
0.000508454 0.0025620437 -0.0040724627
-0.0005394772 0.0027612813 -0.0011529088
-0.0010868522 0.0021209074 0.0037860118
0.004226788 0.0131447315 0.026490267
0.0011961004 0.0019782826 0.0024071862
-0.0018975325 0.0026790516 0.02369124
-0.0049013416 0.0031830936 0.010250275
-0.0018712279 0.003176534 0.013760422
-0.0029047607 0.01820038 0.043976184
0.0016478024 0.0028747155 0.039090496
-0.0031484044 0.004500099 0.03392647
-0.0024078111 0.003182924 0.047210224
-0.0052825743 -0.0006782824 0.02561692
-0.0036573682 -0.039977852 0.024395864
0.0009980628 -0.021230012 0.017350206
-0.0031039626 0.002770728 0.0050731935
0.0010728146 0.0019606613 0.014187546
0.0000803706 0.002279267 0.005177067
-0.0019966513 0.0028488329 0.009454832
0.0003569093 -0.0006810556 0.000130802
-0.003767671 0.0032786964 0.010696058
-0.0013327373 0.002108094 0.005483679
-0.0010766496 0.0012388813 0.0053707967
-0.0046483353 0.0039963545 0.0030008238
0.0011246124 0.0015399784 0.005121841
0.0033096508 0.002612907 -0.012061937
0.000730015 -0.007868216 0.003943395
0.0005618311 -0.051719956 0.0538072
-0.0007378596 0.0020043084 0.037074585
0.0021542697 0.0032102447 0.031663112
0.0011569177 0.0012042653 0.02809833
-0.001759116 0.0017659303 0.012395964
-0.00107659 0.0033378608 0.021012152
-0.0015304384 0.0013078392 0.009919568
-0.0012418481 0.0007741583 0.009897655
0.0012614914 0.0002719307 0.006193743
-0.0015358878 0.0031048018 0.018974073
0.0008546539 0.0011601748 0.0018938783
0.0008656979 0.0019387316 0.0053920625
0.00082642 0.0022129945 0.0050640376
-0.0004417927 -0.0006409903 0.0030265606
-0.0014151065 0.0011901297 -0.004002955
-0.0000567317 0.006948085 0.04930266
-0.0030107822 0.0037573776 0.047528468
-0.0026585204 0.001889976 0.035875026
-0.0000862581 -0.0004593696 0.04009341
0.0004065236 0.001822954 0.017950619
-0.0038118071 0.0053136363 0.008454017
0.0010782981 0.001455554 0.018519305
-0.00033879 -0.0018892694 0.007758391
-0.0019438673 -0.011490324 0.004079203
-0.0007982372 -0.05282232 0.002735704
0.0007866992 0.0072566113 0.0020444994
0.0018818934 -0.0000031876 0.004560499
0.0001074571 0.0011794198 0.0034724802
0.0013694853 0.002205209 -0.005761797
0.0003792349 0.0016619924 0.006101811
-0.0005264215 0.001044454 0.0064746155
-0.0004244825 0.0002383883 -0.005025371
-0.0031834804 0.0038629952 -0.0004977974
0.0012758108 0.0175043 0.046635244
-0.0011515046 -0.0023869625 0.012434046
0.0009784864 -0.04931202 0.0143137295
0.0007086172 0.0015154246 0.011178507
0.0004537994 0.0008250432 0.019623086
-0.0012703167 0.001885383 0.054837525
-0.0002297046 0.0024593403 0.028184175
-0.000668001 0.0016153842 0.021626908
0.0002188499 0.009787673 0.02723729
0.0006541566 0.016919259 0.064904265
0.0001364392 0.0036215615 0.039097212
0.002178078 -0.0006932563 0.023660492
-0.002567404 0.0031283074 0.031664286
-0.0007384798 0.0018535197 0.04757733
-0.0012122865 0.0028801018 0.030470759
-0.0010017618 0.01990133 0.051444292
-0.0010222743 0.0018153293 0.07545851
-0.0033948154 0.017816534 0.06492761
-0.0013869482 0.024096407 0.26281363
-0.00401983 0.0012166988 0.44224247
-0.0001119077 -0.0008102034 0.4318014
-0.0000525564 0.0058550644 0.036325466
-0.0011849345 0.004664033 -0.0043282034
-0.0000243679 0.0020659994 0.013714517
-0.0035414915 0.0026536272 0.044073828
-0.0039215717 0.0036637173 0.056445133
-0.0007903965 0.005025597 0.03560212
0.0004857371 0.0025440776 0.029748553
-0.0004497216 -0.018299157 0.023062449
-0.0007391785 -0.030375954 0.03557093
0.011200048 0.008445376 0.012237938
0.0017871794 0.0020004294 0.020115212
-0.0009792842 0.0023655063 0.022720922
-0.0011545898 0.017323434 -0.0069310954
0.0016750986 -0.0001509098 -0.014618206
-0.003942902 0.0004863333 -0.028417755
0.0005408336 0.0019638094 -0.020422366
-0.0027192452 0.020591484 -0.046661403
0.002793317 0.0023309994 -0.047892995
-0.0005508068 0.0028304048 -0.027286371
0.0008402715 0.000137549 -0.017487694
0.0002719728 0.0004716947 -0.01913872
-0.0003627993 0.003570011 -0.004294413
-0.0013494113 0.0009889829 -0.015744386
-0.0032798606 0.0017999166 -0.009133326
-0.04051862 0.015092452 -0.015495914
-0.00082627 0.00216404 -0.022175131
-0.0026118355 0.0057576047 -0.048628308
-0.0037382357 0.006263599 -0.02019221
0.0012397094 0.0023134944 -0.0035959738
-0.0032308225 -0.0051124794 0.007596694
-0.0023489192 -0.0432251 -0.0067962757
0.0008742948 0.0010486308 -0.02335198
-0.0009765131 0.0021167535 -0.019880222
-0.0006629059 0.0012657462 -0.012259504
0.001388595 -0.008677399 -0.0073224558
0.0000876921 -0.04077252 0.012483749
-0.0022994298 0.008339497 0.008536909
-0.0004731202 0.0013254348 0.009801478
-0.0007221207 0.007203224 -0.027203178
-0.0008864229 0.007810815 -0.03049556
-0.0014614407 0.0043604444 -0.0149336755
-0.0014181476 0.01459351 -0.039935477
0.0002202082 0.0012474882 -0.028698236
-0.0022731265 0.0018626113 -0.025047353
-0.0007516369 0.0020443965 -0.009182014
-0.0022744082 0.0014384864 -0.024866955
0.0006563132 0.014634048 -0.055276304
0.0014949476 0.0012384076 -0.02699643
-0.000761725 0.0024385555 -0.014719004
0.0004796596 0.0043766955 -0.0045633125
-0.0008372228 0.0042748526 -0.009472497
0.0026128013 -0.0006974168 -0.0065241
-0.0016004036 0.0019063151 -0.0014371502
-0.0016636017 0.0017082278 -0.01086043
-0.003614189 0.0034878436 -0.00578604
0.0006264523 0.0009049818 -0.0057291263
0.0013156681 0.0015521978 -0.0001624852
-0.0049257344 -0.0001132708 -0.0093251625
-0.003644994 0.0020867 -0.0021737083
-0.0002845602 0.0025457018 -0.0020204103
0.0028661303 0.022345882 -0.058677167
-0.0031539653 0.0019488955 -0.038088012
0.001192766 -0.036108084 -0.023636043
-0.0033064727 -0.01612194 -0.024249686
0.0008269806 0.0008792486 -0.022976775
0.002240689 0.0030764986 -0.01679894
0.0010784867 0.0014526399 -0.03182624
-0.0025035234 0.0022352454 -0.015939236
-0.0002632306 0.0022257215 -0.015345352
0.0006973041 0.0016475478 -0.005928807
-0.0003380715 0.0053285854 -0.010094726
0.0023883574 0.003503244 0.0020364341
-0.0037171678 0.0007754762 0.00824302
-0.0003852553 0.001160132 -0.0023836233
-0.0002746693 0.0033973947 0.0062014195
-0.0006600967 0.0076378277 -0.00846436
-0.0030617197 0.030306468 -0.08226523
0.0014188339 0.0012900617 -0.027356977
-0.0005375597 0.026809324 -0.075924225
0.0063731857 0.025711846 -0.07129978
-0.0070394045 -0.006393203 0.41728386
-0.0001512305 -0.000382591 0.43233842
-0.0016856678 -0.0011619588 0.44103527
-0.0013727484 0.0047851107 0.25100034
-0.010413537 0.0113708405 -0.0000809201
-0.01380464 -0.004402741 0.0015192035
-0.00396877 -0.0429569 0.03327752
-0.002277233 0.002700155 0.029164517
-0.012558123 0.0030833655 0.025563532
0.0011384981 0.0007357298 0.020580184
0.0008490935 0.000955626 0.0149706425
-0.003725296 0.0019257044 0.02498795
-0.0040523903 0.0023754407 0.021482402
0.0007674882 0.003305594 0.020376872
-0.001134807 0.0024402994 0.010056228
-0.0032917869 -0.043232054 0.0148023795
0.0003832918 0.007863042 0.00542842
0.0003232074 0.0030680683 -0.004660693
-0.0004183418 0.000772806 -0.003144165
0.000041282 0.0006131661 0.0004850786
-0.0026592377 0.003666342 0.0072013335
-0.0007457443 0.0049262955 -0.0051573575
-0.0030787594 0.0016071812 0.005643702
0.0000422873 0.002936169 0.014856053
-0.002960774 0.0029963814 0.0039644493
0.0010937711 0.0014122276 -0.009360435
-0.0004602279 0.0024087562 0.005805936
-0.004180732 0.003179762 -0.0059374445
-0.0027927377 0.0036496078 0.012722304
-0.0015075787 0.005630892 0.009132461
0.0010742734 0.004277575 0.0005502511
0.006190407 0.003754316 0.0039877445
-0.0028402866 0.0014189718 0.012561697
-0.0005973313 0.0031305454 0.01680409
0.000418524 0.0016134074 0.008467462
-0.000551724 0.000219389 0.009473996
0.0014468443 0.0005231659 0.010702936
-0.0027775557 0.0035581726 0.00566287
-0.0011056799 0.003548672 -0.009352271
-0.0010227374 0.0018930461 -0.0000640614
0.0006276392 0.0044940994 -0.0061478084
0.0023407717 -0.043055903 -0.004624248
-0.0009053319 0.009651104 0.0034572582
-0.0043490706 0.004366184 0.006198583
-0.0037444043 -0.0002798643 0.0001308573
-0.0021510322 0.0019696013 0.0041464795
0.000591877 0.0018907957 -0.008664216
-0.0008502806 0.0012651505 0.005754682
-0.0029842653 0.0025447481 0.006419039
0.000428914 0.016722983 -0.05764244
0.0028775886 0.002428036 -0.032121602
-0.0009191318 0.0014309899 -0.02722479
-0.0010712756 0.001214287 -0.023853965
-0.0002105248 0.0023572408 -0.021042375
0.0020648956 0.0016572032 -0.011425135
-0.001164473 0.0014831837 -0.005100491
-0.0001904034 0.0021328437 -0.005158833
0.0000401123 0.0043227556 -0.006369827
-0.0016906171 0.0015599362 -0.017677518
-0.0008694388 0.001957221 0.0028081504
-0.0026151973 0.0037971116 -0.013921939
0.003029836 0.0018565055 0.0009492339
-0.0024601351 0.0018455908 -0.0059539974
-0.0026489624 0.0029699944 0.0029987644
-0.0004279566 0.0013346568 -0.0038204088
-0.0006603625 0.002754239 -0.0033183
-0.001263438 0.0019025279 -0.0007124164
-0.000209674 -0.041775517 -0.0020126244
-0.003140337 0.010282634 0.0049876086
-0.0008942885 0.0023793872 0.0011413778
0.0018656027 0.0003320843 -0.0017526898
-0.0055690547 0.014678976 -0.018339643
0.0018178191 0.0021088882 -0.031396803
0.0006808919 0.0030755033 -0.017765302
-0.0037257005 0.0034372262 -0.02295914
0.0011204917 0.0010070704 -0.016903136
-0.001871985 0.0030624 -0.008812827
0.0005983107 0.001419456 -0.01483206
-0.0000778118 0.0023813702 -0.0038449592
0.0052547418 0.006767043 0.004851577
-0.005364871 0.005565046 -0.0029841722
0.001108489 0.0007351927 -0.0015458757
0.0002026699 0.016553495 -0.035338588
-0.0008664235 0.0027056686 -0.014436429
0.0005811715 0.0025106801 -0.024991462
-0.0010370819 0.0004961503 -0.012004496
-0.0018396744 0.0034368143 -0.01405794
0.0004321513 0.0000602817 0.00634504
0.0004374296 0.001210199 -0.024785865
-0.0014865801 0.0025158438 -0.0072396197
0.0011140004 0.011464259 -0.057556175
0.0004306177 0.0026754763 -0.018331232
-0.0019375071 0.012517026 -0.053417467
-0.0018356355 -0.03451822 -0.0060089407
-0.0009056499 -0.0030505713 -0.020164698
-0.0022101735 0.0025893962 -0.024969151
-0.0007148449 0.0008570415 -0.01879586
-0.0024646954 -0.0007248961 -0.02038334
0.002886132 0.0031919465 -0.010859613
0.0030322806 0.003094693 -0.016117066
-0.0002848699 0.0018901505 -0.016908552
0.0022790898 0.0017814453 -0.005742752
-0.0005206388 0.000242819 -0.0026670631
-0.0001594737 0.0029289532 -0.0005611006
-0.0030195392 0.0027812645 0.0034123335
-0.0033330265 0.0025853035 0.0007704964
0.0008747762 -0.0035060856 0.008499527
0.0008031124 -0.042270325 0.013385551
-0.0005852509 0.027618024 -0.003986488
0.0017342335 0.0026958268 -0.0167653
0.0007166818 0.0016882712 -0.011204487
-0.0003414465 0.0037147813 -0.012037805
-0.0026870049 0.003420918 -0.0028095644
-0.0016364992 0.005867461 -0.0060806074
0.0011016133 0.0037064329 -0.020658888
-0.0017510969 0.0015770961 -0.010250404
-0.0017159473 0.0004111491 -0.017163862
0.0011335047 0.0037993104 -0.013906549
0.0003039692 0.0014366282 -0.029063415
0.0007605774 -0.041726887 -0.024279162
-0.000734451 -0.0022533215 0.0015949651
-0.0054861447 0.005107918 -0.0033803775
0.0000412655 0.0015446661 -0.004899077
-0.0002323418 0.0025415937 -0.0006766258
-0.0000532351 0.0004606565 -0.014137909
-0.0033686385 0.0033985437 0.0036839568
0.0001124219 0.001071596 -0.0043254113
-0.0005063773 0.0016829828 -0.013647957
-0.004077515 0.0025481947 -0.0043842597
-0.0005836705 -0.0013936231 -0.0017601855
-0.008422015 0.0062038573 0.020995658
0.0013193723 0.0003892886 -0.007943185
0.0012417336 0.0019011423 0.0017246443
-0.0012416829 0.0019141936 -0.01032123
0.0002731117 0.02583214 0.06206748
-0.002157194 0.0096402485 0.016447667
0.0007209459 0.026843766 0.12793925
-0.0026655495 0.027251411 0.29302675
-0.0013669415 -0.0013112535 0.44000584
-0.002557509 -0.0035472538 0.46055967
-0.001785788 -0.0001627209 0.47945413
-0.0035707566 0.0031308949 0.4521076
0.0003908555 -0.0002889436 0.43795627
-0.003191627 -0.0000353114 0.45032483
-0.0043945797 0.0022403474 0.4621612
-0.002417576 0.0058481866 0.052717667
-0.0028495276 0.010767078 -0.005426669
-0.0026445433 0.0054681627 0.0000349146
0.0008102747 -0.0014223476 0.023096923
0.0004011125 0.0011912566 0.016010031
-0.0033722003 0.0016367867 0.028017694
-0.001407749 -0.0001924129 0.04320962
-0.000313554 0.003047722 0.043665566
-0.0012746993 -0.04870786 0.023683714
0.0001719498 -0.0019071024 -0.0067004757