382,863,334
372,867,330
372,869,324
377,872,322
374,866,326
372,870,320
376,867,322
367,868,324
364,869,321
373,865,322
378,855,325
384,860,323
392,861,320
395,857,324
404,861,318
410,857,327
420,850,326
416,847,334
413,858,319
417,867,305
426,849,283
416,845,310
408,842,328
411,842,334
431,838,338
446,826,342
450,822,346
445,818,347
451,810,346
464,816,332
482,815,336
491,812,332
509,815,324
510,821,329
492,825,329
481,829,306
491,828,290
493,810,297
497,820,295
502,810,285
490,801,320
484,797,351
480,803,347
494,801,337
501,796,347
507,793,352
507,784,361
501,784,364
497,788,367
499,783,362
497,783,368
495,782,372
498,783,368
498,786,363
497,788,372
508,781,368
502,786,366
493,789,357
483,794,355
483,790,365
488,791,360
497,786,369
501,786,375
506,786,373
499,791,366
488,794,362
479,801,353
477,799,351
486,801,357
490,800,356
480,800,364
495,806,376
522,846,342
509,962,349
455,1037,343
497,1140,406
561,1030,412
584,918,376
595,855,346
580,713,353
519,493,410
470,441,409
467,445,495
445,393,607
467,366,632
503,398,615
517,451,564
576,506,508
578,425,620
661,514,562
772,577,546
753,470,564
757,411,480
713,424,553
692,572,655
691,527,521
622,432,524
633,392,589
670,464,557
724,537,531
671,440,581
666,448,518
657,506,475
666,638,582
670,696,535
677,759,405
704,736,349
668,745,343
638,718,385
613,834,387
645,952,325
592,899,338
476,880,359
394,878,293
348,875,276
337,840,355
346,844,429
326,850,371
344,1010,379
276,1006,414
217,1028,476
124,898,561
94,863,556
98,924,463
88,921,426
67,820,369
59,871,289
26,912,265
-8,917,274
-12,907,263
2,905,264
13,848,291
21,789,338
48,794,327
59,829,371
51,806,398
61,851,410
27,802,509
-12,825,587
-7,700,599
-15,751,661
-12,783,644
-16,822,599
-54,849,570
-103,824,645
-109,881,642
-121,886,642
-31,894,561
26,965,514
23,937,522
53,914,498
54,948,474
43,815,393
69,814,308
71,924,271
66,1039,228
64,1048,222
63,1034,233
55,1020,164
46,1024,142
30,946,237
16,988,276
27,1052,230
21,1052,195
40,1081,176
1,1032,146
-6,1007,222
17,1011,230
38,1014,150
63,979,146
80,956,212
92,955,173
120,957,164
141,915,149
185,896,99
213,933,93
213,912,175
218,818,187
249,861,146
279,897,147
283,868,146
276,865,196
285,935,198
238,1030,238
124,1045,210
111,1029,188
8,1100,289
-60,1062,399
-40,1008,373
45,949,282
130,918,234
165,888,258
164,825,302
195,727,290
204,739,308
245,759,296
292,791,286
340,815,284
368,857,307
382,921,319
343,984,316
417,841,439
369,996,381
366,1203,266
249,1319,145
125,1130,289
65,995,376
90,1070,338
105,1079,314
62,982,334
101,820,280
143,776,262
171,789,251
220,740,236
216,774,237
232,772,223
242,842,238
227,885,274
210,931,293
209,930,350
254,973,361
199,1162,269
-13,1200,293
-117,1107,358
-125,1126,421
-164,1070,432
4,1022,344
75,929,270
71,831,272
98,737,291
85,701,317
119,750,305
172,754,337
214,751,345
198,818,284
194,897,303
176,1011,323
245,1130,299
209,1246,235
174,1209,209
119,1099,253
212,1141,196
151,1094,178
154,942,173
196,882,197
187,863,231
149,828,278
167,815,276
150,956,271
117,956,272
54,835,301
23,979,291
-30,777,294
-131,658,454
-175,613,538
-281,676,565
-412,723,642
-380,578,635
-436,713,621
-462,685,703
-523,701,796
-543,499,768
-534,345,799
-722,349,797
-765,470,807
-714,384,787
-683,366,702
-731,331,622
-814,279,764
-761,130,710
-711,132,596
-758,105,652
-750,36,716
-783,12,691
-780,64,679
-791,114,666
-807,62,683
-827,81,683
-829,48,667
-836,46,689
-816,19,663
-848,-53,746
-904,20,765
-954,55,764
-969,179,781
-814,168,640
-716,77,627
-678,186,472
-435,406,420
-312,493,359
-283,666,374
-287,899,396
-283,972,278
-209,930,256
-103,968,331
4,987,284
-55,1014,272
-95,1152,287
-46,1080,351
-41,974,288
-98,955,258
-120,952,244
-115,912,227
-117,967,175
-99,983,105
-86,953,101
-21,1039,70
-1,857,208
27,962,188
82,899,213
45,826,256
21,890,284
91,1070,177
164,1317,50
246,1214,-111
232,1001,-119
272,1019,-98
193,1061,-41
190,996,-111
155,927,-96
202,901,-77
248,930,-95
231,979,-51
233,1047,-56
188,1096,-18
143,1087,-9
164,1082,-6
183,948,27
265,906,-32
328,899,-9
337,830,-21
258,900,-7
95,951,17
2,869,67
-112,925,86
-296,954,98
-568,807,222
-518,1042,183
-488,1185,68
-490,1072,183
-358,1081,226
-280,1045,247
-206,950,227
-148,856,227
-221,948,211
-212,1041,219
-203,980,182
-248,1023,263
-371,993,308
-421,970,304
-434,813,245
-539,947,227
-610,903,124
-492,844,136
-417,644,264
-177,365,185
158,228,97
497,474,-1
597,959,-15
534,1121,-335
92,1422,-461
-512,1330,-344
-908,1384,-360
-1071,1326,-350
-1053,1121,-239
-807,1004,-74
-456,890,-325
-570,793,-169
-371,766,-102
-325,750,-361
-506,769,-551
-636,936,-94
-544,679,-245
-342,921,-396
-367,757,-741
-1404,138,83
-810,360,-252
-928,624,-129
-797,596,-172
-557,407,-95
-507,571,-181
-577,808,-337
-635,704,-485
-574,289,-290
-769,961,-496
-576,1056,-451
-93,1227,-453
-171,801,-127
-354,510,75
-529,404,331
-936,653,223
-1091,523,-123
-1032,169,0
-913,455,-111
-1004,533,-23
-1071,422,-27
-1058,322,139
-841,626,7
-745,460,55
-893,370,75
-992,295,106
-1102,259,154
-1039,469,92
-999,610,63
-1029,543,44
-1086,515,-13
-1099,393,-49
-1156,384,-38
-1202,319,5
-1190,534,72
-1211,547,50
-1266,656,17
-1284,670,-5
-1228,784,73
-1052,850,1
-862,1217,-85
-876,660,-68
-845,817,-56
-840,767,-117
-846,483,-109
-863,432,-75
-866,473,-104
-905,588,-187
-874,692,-219
-692,636,-135
-529,554,-17
-410,492,83
-323,452,107
-203,440,110
-165,478,70
-349,770,-19
-567,853,-5
-506,1366,86
-303,1241,294
-135,895,395
-54,879,387
-77,841,433
-90,610,440
-136,465,414
-285,455,518
-650,390,546
-937,593,388
-1017,454,59
-817,792,476
-589,904,1033
-645,662,823
-785,546,404
-641,621,414
-587,580,434
-476,647,545
-473,564,597
-460,911,489
-363,847,267
-435,613,294
-465,825,410
-322,783,365
-401,606,412
-530,857,446
-489,556,455
-403,571,311
-330,849,168
-224,816,89
-403,656,47
-411,871,-18
-314,500,-27
-406,756,133
-339,880,120
-401,952,132
-446,919,208
-306,1139,273
-386,1174,361
-419,1114,286
-694,971,419
-880,786,285
-977,979,431
-1018,740,326
-965,852,508
-829,849,668
-648,746,388
-708,654,129
-879,715,306
-823,626,334
-654,728,290
-616,838,345
-545,694,305
-630,560,151
-777,953,156
-526,683,209
-733,265,419
-786,793,254
-774,858,297
-705,499,239
-682,688,153
-767,638,268
-817,687,219
-759,497,111
-816,358,34
-870,501,18
-907,655,92
-893,533,175
-854,442,128
-921,679,191
-970,707,222
-1098,696,311
-1172,936,372
-1286,1341,157
-1358,1686,400
-1001,1216,488
-577,708,201
-235,497,198
101,492,386
33,561,234
-197,432,-30
-279,331,-326
-671,387,-157
-1024,546,47
-1167,103,-59
-1064,1246,846
-411,890,989
-509,82,377
-826,457,309
-849,735,493
-751,779,523
-655,620,565
-569,449,533
-578,597,446
-554,768,502
-637,572,314
-633,719,336
-580,823,501
-511,648,361
-612,623,386
-613,743,388
-653,635,327
-724,647,457
-666,761,659
-625,510,530
-806,648,483
-869,566,428
-636,784,412
-642,517,387
-571,571,361
-719,394,339
-759,385,301
-845,504,421
-852,694,520
-966,740,523
-887,700,484
-967,821,638
-1071,987,779
-904,778,733
-512,873,616
-148,944,555
127,915,436
303,860,369
266,702,271
106,438,192
30,356,202
-238,369,71
-744,895,196
-730,942,157
-570,698,276
-550,635,417
-446,915,358
-221,1382,201
-94,1065,331
-208,947,395
-242,953,454
-422,845,266
-663,1146,243
-733,1161,299
-561,1143,359
-355,984,357
-308,822,455
-209,695,399
-158,764,415
-53,716,413
34,631,214
54,719,311
134,973,377
94,544,476
44,723,463
-161,944,565
-370,1028,706
-435,941,651
-430,996,613
-508,672,608
-527,835,566
-623,845,609
-628,474,616
-708,330,518
-678,407,365
-784,773,502
-733,410,470
-733,342,295
-776,621,397
-798,505,409
-809,367,334
-867,359,389
-862,297,267
-974,339,114
-1095,608,250
-970,628,285
-1066,752,518
-1303,427,905
-1538,368,605
-1637,534,768
-1116,661,1163
-620,505,1117
-219,548,884
21,513,819
226,370,581
83,145,345
-79,249,161
-354,208,-33
-731,662,-230
-1284,1122,105
-1048,1103,-104
-243,1216,272
153,610,404
89,787,135
-18,1041,265
-109,931,191
-178,1115,224
-229,1696,509
96,936,180
54,934,65
-126,1019,314
-184,885,489
-168,948,381
-86,914,281
-222,1029,302
-393,838,503
-280,1060,402
-200,1191,318
-255,996,362
-244,871,224
-141,1117,-16
-281,1022,-5
-387,935,160
-270,965,245
-151,963,121
-29,856,-12
56,784,-89
129,753,-123
208,737,-72
282,769,-182
334,809,-102
310,906,215
118,1065,200
-81,1185,97
-364,1025,177
-618,820,562
-561,928,456
-643,982,475
-741,694,481
-762,496,366
-999,236,799
-928,384,526
-1063,528,495
-910,292,268
-915,648,131
-902,664,451
-899,413,257
-1086,332,461
-946,504,186
-988,654,256
-952,362,534
-957,414,476
-1038,742,547
-1088,576,316
-1219,557,279
-1314,634,218
-1159,576,159
-934,368,129
-792,231,68
-697,236,28
-685,212,8
-697,208,-49
-783,292,-101
-873,433,-151
-974,497,-216
-1165,425,-303
-1380,427,-440
-1597,579,-516
-1602,774,-363
-1399,735,-189
-1188,563,-173
-1165,377,-191
-1134,337,-219
-1122,388,-263
-1033,472,-271
-922,544,-241
-846,582,-206
-831,593,-180
-801,613,-145
-771,574,-85
-753,586,-30
-789,651,40
-832,701,129
-840,680,205
-840,665,259
-844,652,301
-813,593,383
-777,514,378
-743,509,357
-771,538,364
-797,554,392
-807,583,417
-805,574,424
-858,565,408
-861,573,413
-876,555,408
-918,525,387
-1056,533,367
-1118,593,409
-1101,594,446
-836,483,467
-764,320,397
-946,196,279
-1230,190,141
-1293,129,107
-1066,236,148
-887,383,235
-775,447,261
-669,530,230
-625,620,208
-551,639,274
-454,628,336
-392,598,370
-321,639,383
-303,735,440
-340,829,488
-295,877,488
-353,935,279
-418,1074,221
-549,1188,140
-497,1150,40
-324,1005,-53
-293,890,-72
-340,952,-55
-419,988,-5
-427,963,61
-391,889,151
-304,821,203
-229,772,162
-224,759,115
-235,839,119
-215,946,41
-200,1076,-4
-143,997,46
-101,931,78
-103,1009,95
-72,1014,177
-47,1045,224
-53,1029,193
-120,909,288
-177,768,455
-266,748,492
-407,788,472
-537,806,383
-588,529,247
-719,328,317
-1084,514,254
-1205,521,282
-1087,485,311
-1084,390,283
-1048,204,308
-1011,886,645
-967,815,832
-1064,350,671
-1001,647,442
-1005,1095,1
-1165,1490,115
-1006,1145,370
-701,874,268
-401,947,361
-261,940,495
-227,984,517
-223,783,419
-174,719,290
-105,771,444
135,1127,242
-47,745,382
159,721,379
228,662,375
331,693,393
335,586,583
257,479,719
300,778,693
448,797,454
485,630,504
623,526,496
740,366,465
630,156,108
523,223,66
375,575,40
360,660,112
409,458,334
334,677,826
374,861,907
274,922,759
223,816,562
276,873,522
213,679,523
196,676,440
194,703,456
433,495,522
355,986,174
385,1006,202
195,1205,345
178,1257,594
217,1062,642
170,883,644
102,781,520
-46,567,391
-146,1007,194
-116,1197,698
-32,877,546
-46,819,400
-34,1159,424
-48,1194,562
-62,1044,575
63,681,333
59,360,259
-102,879,570
-23,1067,684
20,1231,646
15,1085,827
96,742,727
59,477,609
122,577,373
113,297,313
196,791,39
151,1157,352
103,1162,504
130,769,385
56,741,434
116,827,465
292,368,156
581,-9,150
347,250,1068
-212,542,1002
-1772,1021,532
-1674,-351,415
-1009,-1222,-511
-304,503,-529
-30,1809,-452
-191,1807,-283
-326,1200,506
-399,1082,91
-1004,710,392
-1260,410,436
-1592,1705,720
-1348,1541,1099
-559,-14,663
-1126,522,452
-1856,408,454
-1401,568,43
-1329,947,473
-1259,344,224
-1505,767,612
-1388,931,837
-1183,740,873
-871,497,619
-530,909,24
-456,847,446
-349,818,530
-216,826,-69
-165,809,-50
-263,581,11
-154,819,-514
18,869,-513
305,1195,-588
263,1333,-286
-75,1307,-6
-259,689,-6
-168,727,-237
-177,793,-410
-288,864,-173
-295,817,-97
-222,1209,-64
-72,1317,-95
52,1218,-109
110,1174,13
131,1152,115
183,1103,127
175,979,169
103,954,191
51,970,236
23,924,287
29,695,308
156,579,238
334,496,347
424,624,482
398,643,584
314,662,618
176,614,736
96,450,756
116,406,727
159,376,761
222,518,676
254,647,663
216,717,727
141,607,797
40,494,826
26,393,801
40,455,713
127,710,613
201,869,722
268,960,739
396,1091,729
587,985,586
696,904,545
808,892,479
776,735,511
625,567,634
536,484,638
447,339,594
365,367,673
377,393,635
417,361,611
474,379,565
477,500,599
437,462,622
281,387,652
168,387,532
149,563,518
157,826,339
32,873,443
136,849,479
111,958,425
68,1036,311
130,1126,299
143,1211,272
126,1159,254
96,1172,231
130,1094,239
126,1063,268
139,1093,233
145,1220,317
85,1160,294
147,1030,249
201,925,181
220,948,166
206,900,236
45,906,587
136,665,369
244,885,201
248,1007,358
248,820,146
272,879,63
163,792,170
143,850,390
157,973,293
167,903,301
123,858,356
143,787,355
115,847,296
108,995,501
92,1006,419
70,1011,308
89,1103,308
0,955,282
-40,968,260
-83,983,312
-80,973,181
-29,1065,217
-38,1118,215
-37,1048,196
8,1210,171
29,1135,172
56,1114,63
131,1073,23
151,939,142
168,930,134
161,879,106
192,1022,101
123,1058,310
164,909,460
219,906,337
303,741,324
372,732,99
394,743,157
236,809,183
228,781,226
118,929,242
113,954,285
106,1151,195
68,1136,190
70,960,429
77,957,503
142,960,428
185,884,401
207,857,344
232,878,258
163,969,331
202,973,281
247,924,179
237,989,233
292,936,227
173,856,322
93,774,555
82,798,449
145,741,221
23,666,465
-489,-659,467
-895,-776,11
-1281,338,-277
-1327,1178,-699
-203,137,62
602,278,-1844
-1586,1813,-1526
-1305,984,54
-1063,1402,-255
-699,1481,-439
-853,541,-197
-1242,566,-63
-1790,302,-19
-1844,799,-123
-1417,1164,-409
-1052,1345,-583
-985,1167,-936
-740,1037,-947
-726,950,-734
-665,333,-449
-336,492,-326
60,630,-571
151,563,-580
127,191,-248
39,280,-133
-37,228,-212
-178,263,-355
-343,364,-505
-469,487,-327
-443,455,-324
-399,578,-399
-334,463,-355
-296,400,-454
-198,720,-472
-250,744,-630
-437,884,-599
-505,696,-527
-510,708,-395
-487,487,-261
-498,339,-115
-725,1038,-70
-788,660,-415
-906,867,-24
-859,1053,-37
-1038,792,-142
-1127,743,-106
-987,634,67
-972,555,35
-1088,732,179
-975,1157,-46
-772,1102,-4
-693,1014,52
-640,733,57
-580,650,57
-686,635,-37
-642,585,-113
-753,608,61
-741,556,55
-678,526,64
-706,590,55
-752,598,111
-795,594,263
-658,797,61
-794,895,245
-915,1034,211
-785,933,357
-980,1023,338
-1209,517,433
-1111,1155,-283
-1090,1249,-66
-1046,898,329
-964,198,-156
-1109,666,-390
-1245,834,-265
-1188,763,-277
-986,670,-245
-978,803,-290
-1001,863,-231
-1049,620,-203
-1156,631,-244
-1082,728,-323
-1062,728,-222
-889,566,-342
-696,759,-169
-475,770,135
-149,864,-20
335,848,-569
437,585,-379
515,581,-627
129,404,-390
-201,710,-876
-165,223,11
-123,283,-424
8,587,-408
82,555,-166
144,646,-304
-44,698,-360
-94,938,-712
-439,1346,-943
-361,1042,-625
-306,903,-308
-339,1264,-259
-258,1277,-174
-170,1120,-212
-193,1092,-209
-32,682,-301
138,875,-599
345,1216,-736
309,1150,-406
134,1105,-277
-15,1163,-77
-37,1278,-104
135,1318,-41
281,1052,76
479,930,19
537,421,-300
366,907,-90
376,951,-66
440,762,-30
418,614,116
534,529,28
504,785,-27
437,661,69
417,467,69
381,565,192
326,810,230
362,791,129
429,792,180
587,768,145
675,971,-6
759,1072,-78
768,902,-37
684,835,92
658,740,45
637,758,58
583,704,110
530,693,203
537,722,187
523,775,191
553,835,161
594,788,225
607,701,149
584,867,122
537,835,16
524,913,2
498,921,-39
483,904,32
480,864,106
461,875,154
480,912,131
513,896,73
549,904,-13
529,860,20
519,838,6
496,820,51
508,820,46
545,799,-22
573,811,-47
560,794,12
540,744,87
538,708,61
504,773,21
474,732,65
481,842,104
529,896,26
487,893,74
503,867,64
527,831,-63
501,821,8
464,950,-27
452,870,-55
361,932,157
323,1044,111
317,1013,108
343,1006,116
428,960,-12
336,845,117
364,778,-145
276,901,-276
182,918,-18
245,741,-210
230,736,-413
245,873,-530
200,1002,-427
196,989,-354
145,1017,-395
147,1130,-483
134,1092,-452
121,1174,-462
157,1066,-444
170,994,-490
205,974,-513
284,1041,-475
336,961,-495
360,923,-604
411,955,-590
395,1001,-491
406,1033,-455
456,859,-509
536,802,-407
492,806,-273
391,915,-3
389,661,190
376,647,283
364,697,353
288,658,446
321,613,396
420,784,432
449,960,525
495,839,345
503,598,149
354,713,212
350,542,517
327,572,530
410,701,439
432,816,422
358,757,512
299,570,581
296,679,643
337,827,778
307,694,732
174,649,742
-11,668,928
-201,562,731
-177,757,343
-30,742,321
81,728,164
102,826,67
163,905,-284
270,930,-406
299,1149,-289
374,1196,-159
375,1128,-213
317,1204,-336
361,1312,-306
319,1401,-399
264,1421,-384
136,1279,-384
44,1539,-176
-78,1101,-278
-62,1029,-373
-141,1130,-246
-189,898,-243
-89,756,-363
-23,882,-304
101,779,-336
177,789,-288
140,858,-217
97,936,-143
115,991,-153
98,859,-112
110,875,-50
159,905,-23
176,876,-78
85,678,-212
-52,939,-339
-186,937,-233
-255,965,-206
-192,1086,-366
-78,1235,-441
15,1114,-354
38,879,-305
2,885,-188
-132,1083,-176
-115,1123,-232
-139,1099,-247
-168,952,-177
-116,1081,-287
-5,1187,-302
158,962,-327
314,874,-239
294,1078,59
290,1109,-168
239,899,-222
109,737,-117
-64,676,-96
-350,574,40
-818,670,80
-1222,652,120
-1419,750,114
-1256,961,53
-1013,1416,500
-750,1106,508
-745,618,464
-911,758,628
-878,1022,192
-594,1768,-91
-303,1386,-25
-115,809,-31
143,549,-111
249,433,59
-73,682,2
-184,915,244
-161,1112,178
-67,1146,-39
-38,1094,-18
-82,995,60
-158,766,114
-259,927,168
-199,1091,112
-227,988,167
-311,923,299
-322,923,281
-316,859,240
-243,907,145
-133,890,51
-70,887,-39
-14,930,-137
62,1012,-345
-19,1040,-146
-68,964,9
-156,902,162
-135,990,101
-185,1047,156
-233,1026,99
-196,925,-58
-95,844,-214
-334,1198,141
-249,1134,-87
-335,792,125
-298,809,38
-326,802,-5
-381,802,25
-392,926,51
-376,935,83
-382,909,105
-430,1015,178
-375,972,105
-339,1026,15
-321,961,64
-325,966,127
-286,1011,151
-190,1059,5
-127,1163,-132
-149,1372,-157
-131,1318,-176
-77,1156,-224
-17,870,-204
101,888,-244
171,1017,-202
207,990,-141
304,923,-135
378,831,-98
423,807,-81
386,876,-33
306,930,10
228,956,21
170,954,39
147,955,77
197,970,177
290,962,237
282,1007,208
240,978,208
223,980,223
180,1021,227
123,1104,142
105,1183,115
33,1244,58
-77,1150,12
-100,1015,-41
-53,975,-81
12,941,-122
39,1003,-138
9,1032,-94
-34,994,1
-36,944,98
-33,958,139
-47,892,189
-65,873,216
-111,897,221
-116,819,220
-68,569,-116
-157,875,107
-390,893,490
-626,883,148
-1270,1135,53
-1107,1111,282
-607,898,114
-518,1030,270
-426,887,183
-479,1032,249
-578,1089,327
-486,886,136
-597,900,312
-560,722,276
-592,792,244
-748,981,463
-895,487,531
-669,789,291
-743,804,281
-920,554,398
-1035,600,336
-1000,930,335
-936,959,144
-823,917,105
-609,859,101
-486,940,157
-363,885,294
-211,927,196
-313,924,316
-299,864,316
-361,854,370
-337,894,348
-385,856,279
-423,799,261
-445,833,243
-409,799,223
-399,864,182
-458,942,173
-524,916,199
-567,906,189
-600,826,228
-565,704,240
-477,668,316
-387,682,366
-342,691,413
-316,742,408
-294,795,389
-278,806,449
-234,830,426
-205,806,417
-184,807,469
-178,798,435
-227,758,300
-279,755,341
-275,831,484
-253,953,463
-289,871,525
-291,1186,347
-364,1375,410
-490,1207,402
-414,1055,379
-305,1046,366
-303,1057,421
-306,1021,417
-259,898,432
-165,803,420
-98,776,349
-100,580,332
-152,622,280
-164,517,244
-229,632,348
-250,752,425
-252,789,456
-263,816,438
-257,889,353
-328,1070,354
-369,994,571
-448,1095,609
-577,894,348
-715,540,350
-669,491,341
-576,607,399
-483,564,403
-523,570,414
-548,417,370
-533,509,405
-519,576,344
-562,661,353
-647,733,397
-772,829,299
-1146,969,514
-1048,834,797
-753,548,665
-692,721,754
-610,762,798
-513,467,399
-524,764,276
-507,864,345
-760,677,238
-597,581,814
-365,443,654
-708,538,112
-976,764,126
-707,654,160
-713,877,578
-455,870,278
-578,971,342
-569,1126,466
-586,1009,489
-295,688,547
-198,370,774
-265,694,785
-241,899,694
-226,859,452
-140,772,274
-6,816,197
-10,948,325
-37,706,471
-41,874,455
-67,688,461
-100,619,613
-12,679,487
-110,1147,708
-29,917,708
-221,900,889
-481,499,791
-551,566,456
-507,803,363
-424,752,416
-346,656,308
-319,706,311
-261,844,500
-176,1084,430
-193,907,454
-300,837,408
-299,711,330
-296,620,356
-343,707,452
-424,1038,248
-598,1424,-45
-656,1159,240
-618,855,411
-535,687,446
-406,578,450
-291,551,365
-168,555,298
-148,746,246
-127,875,190
-110,838,24
-109,984,-5
-58,1068,72
56,1113,-15
52,1023,-187
-75,1179,-190
-153,1000,-133
-198,1067,-315
-611,1050,-376
-909,1035,-344
-812,787,-432
-743,504,-330
-785,521,-247
-822,524,-402
-886,747,-267
-907,585,-365
-843,770,-503
-867,607,-407
-768,729,-408
-780,685,-331
-700,892,-462
-675,681,-408
-672,769,-446
-706,763,-426
-706,785,-324
-700,856,-216
-787,875,-253
-846,799,-184
-909,1003,-139
-978,987,-278
-1036,768,-240
-1123,991,-84
-1047,1211,-245
-982,1048,-241
-903,1197,-365
-716,1090,-373
-492,938,-317
-288,1020,-468
-124,666,-576
-37,489,-601
97,302,-433
94,192,-343
46,386,-242
-1,315,105
105,674,45
51,629,150
68,717,-71
71,1048,-80
-11,1154,-127
-74,1173,-130
-90,1111,-70
-90,1035,-53
-78,1049,-90
-83,1030,3
13,944,31
149,873,-17
237,912,68
180,927,42
-18,1309,-191
-114,1342,-247
-201,1027,-298
-278,874,-327
-446,1041,-195
-482,719,-340
-664,862,-124
-646,897,-140
-559,795,-310
-614,904,-143
-580,828,-278
-553,930,-247
-478,999,-307
-510,1038,-240
-461,978,-202
-356,875,-172
-326,793,-169
-319,715,-126
-420,849,-99
-449,966,-135
-550,945,-24
-600,922,-53
-538,947,-69
-516,921,-75
-406,903,-166
-382,884,-182
-315,910,-202
-265,945,-231
-234,937,-284
-203,980,-292
-264,1022,-222
-256,984,-307
-253,911,-170
-366,815,-26
-448,924,-176
-579,954,154
-454,1011,-27
-530,670,44
-697,773,188
-801,926,-24
-745,1152,-330
-971,984,-113
-1011,923,-32
-910,900,-56
-757,891,115
-546,839,134
-179,861,-339
-100,800,-646
-115,842,-463
-104,756,-174
-72,897,-296
-315,764,254
-216,641,231
-417,992,85
-407,970,-168
-446,1216,-342
-418,1226,-245
-367,1171,-214
-499,838,-198
-445,1045,-50
-472,891,27
-368,967,-6
-309,856,145
-340,679,276
-279,401,244
-210,335,320
-124,387,291
-11,449,177
-177,674,275
-413,750,76
-773,883,316
-845,824,363
-823,696,167
-683,731,271
-652,638,298
-793,606,340
-926,610,428
-970,640,422
-1032,709,372
-1039,690,405
-1040,627,501
-914,703,338
-849,654,327
-791,679,352
-770,657,381
-710,527,463
-455,578,213
-785,717,458
-870,66,414
-1015,267,316
-1296,726,973
-781,584,691
-894,506,910
-808,495,754
-913,384,549
-1065,504,328
-1186,613,387
-1050,694,343
-960,653,291
-966,601,428
-867,777,442
-908,697,577
-962,617,591
-905,589,493
-917,779,421
-875,739,311
-874,888,387
-836,990,504
-640,689,452
-422,686,419
-47,528,550
345,590,714
374,790,783
255,327,776
205,106,673
134,94,610
-23,88,584
-125,123,403
-337,-31,422
-738,310,481
-983,527,469
-822,685,630
-466,642,424
-497,297,726
-567,542,677
-663,112,670
-839,274,805
-1036,102,1045
-883,-2,651
-644,280,437
-453,1423,489
-321,760,632
-516,122,689
-521,154,629
-650,629,676
-731,308,691
-805,400,781
-725,412,737
-657,335,741
-667,253,717
-715,351,708
-693,311,703
-752,347,635
-800,281,578
-758,83,532
-682,297,546
-448,545,432
-608,299,862
-705,-92,852
-680,80,571
-843,533,639
-974,486,722
-763,527,291
-1039,1223,-18
-1058,491,469
-690,120,661
-411,189,359
-960,220,580
-877,443,569
-803,545,425
-671,200,677
-819,325,560
-793,438,559
-743,371,566
-727,353,497
-704,297,442
-797,336,495
-901,299,520
-962,265,527
-977,342,647
-861,443,638
-820,453,478
-869,428,445
-841,419,434
-826,248,339
-817,278,394
-859,343,333
-1025,409,369
-864,617,261
-725,578,360
-848,399,482
-919,159,595
-831,51,622
-770,115,678
-886,193,715
-989,209,692
-886,190,625
-714,144,508
-604,98,446
-543,75,388
-579,113,360
-598,160,341
-619,204,364
-630,224,414
-634,225,444
-670,238,455
-722,279,483
-942,356,512
-1140,452,605
-1184,269,613
-1236,435,602
-1144,567,624
-1050,524,530
-1082,453,378
-1241,446,298
-1272,460,296
-1112,401,236
-960,359,169
-884,339,140
-806,318,126
-794,346,95
-772,473,27
-768,616,0
-739,688,16
-650,619,11
-537,571,-23
-485,541,36
-496,619,156
-621,726,285
-702,784,504
-1039,1090,719
-1055,946,644
-821,725,574
-679,743,618
-545,730,558
-436,722,516
-351,616,470
-245,470,451
-201,408,474
-231,368,373
-331,445,282
-491,367,203
-701,368,6
-943,520,41
-1017,535,-4
-1362,390,-2
-1503,795,520
-1231,677,1017
-1041,569,931
-972,665,700
-829,527,474
-597,506,506
-512,499,558
-461,567,690
-462,900,770
-468,756,754
-588,859,766
-852,952,951
-884,881,617
-724,574,443
-585,291,614
-252,69,585
-125,180,479
-196,509,381
-354,506,368
-520,459,258
-755,1302,230
-757,754,302
-647,607,527
-654,789,605
-557,820,323
-473,730,317
-563,757,385
-665,964,389
-560,1037,245
-551,969,294
-672,1081,307
-578,1031,505
-338,991,323
-183,851,236
-152,797,172
-98,820,174
-193,896,297
-270,859,326
-287,892,310
-273,1019,314
-254,958,267
-196,1194,190
-153,972,191
-191,760,259
-137,713,240
-109,683,238
-138,692,360
-189,685,354
-236,807,416
-242,917,377
-230,813,349
-214,681,341
-200,692,310
-253,653,544
-282,527,664
-97,860,402
-347,689,477
-659,694,529
-785,544,588
-967,462,398
-1273,500,655
-1180,478,663
-969,368,555
-802,289,554
-662,372,537
-632,496,545
-740,458,628
-730,399,515
-770,479,481
-788,530,488
-769,361,430
-799,371,300
-973,561,511
-888,691,453
-736,651,312
-512,726,180
-400,905,409
-356,791,326
-371,650,397
-460,670,362
-630,849,340
-696,570,390
-698,647,257
-711,609,337
-642,601,301
-709,576,227
-832,667,484
-773,757,444
-848,507,577
-755,330,379
-755,689,198
-921,812,398
-607,952,228
-544,1121,133
-474,827,226
-266,654,245
-236,552,388
-293,579,418
-382,470,227
-586,673,331
-747,690,321
-903,563,259
-894,527,380
-933,557,437
-944,797,411
-683,855,399
-696,734,537
-621,596,320
-583,690,273
-644,618,241
-833,609,238
-892,599,373
-865,1005,250
-886,902,354
-669,894,402
-508,859,303
-531,957,324
-450,1261,144
-532,1288,137
-596,1059,121
-524,1062,135
-516,957,101
-445,833,158
-369,746,164
-224,894,177
-243,787,268
-116,593,315
35,557,376
-29,570,523
-96,681,546
-183,845,538
-267,790,585
-313,859,579
-282,855,505
-296,692,588
-240,594,566
-193,646,465
-226,628,503
-211,654,459
-190,709,437
-180,852,459
-155,934,493
-96,947,416
-86,989,408
-121,1077,406
-169,1170,393
-197,1359,365
-330,1459,339
-574,1410,345
-535,1161,286
-354,1009,168
-323,1039,84
-386,975,148
-358,837,175
-222,717,168
-117,639,152
-55,531,184
-20,553,207
14,575,197
11,650,184
-102,801,255
-248,954,254
-395,1122,288
-491,1168,382
-575,1202,373
-610,1213,413
-752,1172,482
-834,1062,502
-797,960,376
-622,795,216
-413,660,197
-264,636,207
-196,642,208
-173,706,269
-201,677,269
-226,592,292
-210,546,296
-215,585,275
-235,579,264
-300,608,287
-397,782,320
-411,878,333
-475,982,293
-606,974,268
-796,936,350
-858,968,115
-791,741,105
-648,632,92
-578,735,-20
-723,755,-108
-756,689,35
-779,729,10
-778,724,-108
-816,649,-25
-876,672,5
-915,700,9
-908,696,35
-906,675,73
-756,631,8
-669,632,15
-627,667,9
-645,645,13
-721,614,-17
-804,662,50
-824,620,85
-766,653,41
-792,646,139
-820,612,167
-863,637,168
-884,612,137
-812,589,156
-753,598,222
-693,619,203
-727,706,244
-792,699,309
-852,698,241
-875,673,199
-866,662,177
-858,652,178
-828,612,174
-830,590,177
-873,633,190
-902,608,194
-870,590,173
-824,543,193
-797,531,239
-766,525,197
-746,546,215
-716,516,191
-736,516,175
-737,529,155
-741,468,113
-776,454,113
-801,456,101
-896,494,104
-910,507,112
-968,612,185
-999,676,164
-1019,747,136
-996,451,197
-987,392,163
-944,429,207
-944,485,192
-1024,654,257
-973,573,278
-923,581,292
-857,538,264
-846,466,315
-799,466,249
-795,461,258
-795,544,232
-683,705,152
-610,641,212
-505,638,82
-526,759,173
-541,707,195
-587,505,208
-684,583,360
-711,680,338
-668,714,346
-587,523,265
-660,766,301
-618,766,254
-581,683,247
-552,639,254
-526,598,269
-457,519,192
-515,544,240
-612,630,233
-703,625,333
-788,602,366
-898,846,446
-771,714,356
-769,551,346
-835,594,288
-801,639,246
-757,641,289
-720,497,295
-704,470,285
-736,455,338
-830,518,348
-964,643,378
-988,582,426
-1021,502,354
-1049,646,383
-1052,552,452
-1000,415,446
-969,401,368
-905,518,427
-870,386,470
-852,575,373
-822,536,358
-810,649,401
-736,677,419
-624,736,268
-517,794,231
-409,765,151
-310,670,189
-299,572,196
-376,600,237
-444,523,333
-437,327,355
-510,534,311
-600,627,316
-691,737,238
-669,776,217
-551,807,214
-565,814,293
-516,744,312
-507,552,275
-624,590,442
-741,766,423
-800,691,396
-798,762,333
-804,694,365
-738,593,282
-798,597,347
-753,622,286
-757,619,243
-794,737,369
-789,670,305
-749,548,152
-769,841,176
-814,834,327
-855,512,326
-902,624,232
-957,854,-8
-1041,841,-57
-1107,659,70
-986,513,-89
-863,468,-63
-786,379,53
-547,168,164
-347,114,258
-232,244,394
-284,551,540
-522,484,387
-953,342,-220
-1367,957,-416
-1179,811,-354
-1141,478,-404
-1098,323,-252
-1073,318,-187
-1050,272,-155
-956,387,-93
-972,421,73
-940,386,-42
-1003,521,51
-998,335,75
-904,441,-63
-815,546,-62
-763,615,-82
-847,517,-122
-890,460,-138
-902,405,-138
-946,346,6
-829,396,100
-818,626,-90
-743,548,-138
-743,685,-122
-786,668,-120
-815,695,-201
-920,566,-141
-958,541,-143
-991,568,-109
-976,434,2
-1001,387,-19
-1045,445,42
-1032,313,198
-1002,250,276
-1006,446,224
-997,535,176
-973,562,129
-943,557,70
-860,642,-53
-791,625,-196
-778,675,-260
-749,614,-299
-716,630,-390
-781,608,-313
-803,548,-246
-807,574,-195
-851,445,-66
-862,412,20
-913,410,55
-854,456,22
-852,492,-22
-867,485,-37
-873,376,65
-863,342,161
-839,283,171
-763,257,159
-783,321,170
-774,275,122
-685,391,39
-660,567,-77
-613,545,-88
-824,210,229
-949,489,76
-950,504,-56
-876,366,89
-846,279,147
-957,311,83
-916,455,-28
-946,466,-488
-985,467,-166
-993,537,-422
-1208,444,114
-1129,455,14
-1231,748,-15
-1347,656,230
-1150,507,-23
-1237,698,-253
-1164,717,-342
-1067,553,-245
-1359,234,-86
-1352,258,-126
-1237,333,-133
-1110,588,-119
-1001,718,-161
-934,556,-156
-921,560,-198
-987,394,-72
-933,476,-53
-869,734,28
-743,747,-155
-748,511,-104
-650,457,-287
-668,309,-224
-571,668,-369
-640,838,-240
-576,567,-70
-480,272,79
-473,298,73
-455,74,-59
-544,700,-299
-593,887,-334
-768,690,-179
-616,686,-105
-496,862,-80
-359,920,-122
-222,809,-119
-339,817,-94
-404,657,-243
-495,666,-236
-518,1084,-346
-630,806,-339
-802,501,-129
-1143,-43,325
-1382,409,98
-156,1634,-735
-733,1574,-151
-789,719,217
-492,342,486
-471,632,165
-461,959,-208
-787,836,-157
-912,478,92
-917,408,153
-923,512,156
-911,647,228
-919,740,321
-918,768,300
-940,824,271
-866,874,184
-775,995,135
-749,1061,83
-706,1084,-24
-717,1098,-106
-745,1080,-119
-771,990,-126
-777,914,-108
-655,819,-131
-535,758,-128
-425,721,-166
-350,700,-157
-322,704,-104
-325,720,-49
-329,737,15
-352,755,98
-381,792,242
-398,773,404
-339,735,455
-322,732,501
-375,729,558
-437,739,557
-586,842,583
-671,900,658
-680,842,696
-736,756,638
-757,663,541
-787,630,442
-802,677,413
-735,711,380
-642,707,324
-571,645,229
-527,619,161
-494,531,167
-486,406,152
-488,325,95
-560,375,132
-623,442,241
-669,451,246
-737,432,232
-799,422,227
-777,385,193
-714,388,115
-708,359,63
-824,404,-10
-1171,496,71
-1157,490,98
-1254,350,73
-1154,524,97
-954,409,203
-906,542,245
-890,789,245
-899,585,296
-1106,821,144
-1091,734,363
-958,832,605
-835,279,276
-1117,610,470
-882,501,643
-810,497,311
-831,496,446
-817,516,141
-824,386,127
-829,355,281
-802,393,275
-750,500,315
-851,450,284
-893,365,362
-809,388,385
-796,316,404
-807,331,400
-891,339,266
-940,310,149
-931,387,203
-857,322,410
-852,359,457
-883,538,485
-884,433,492
-866,375,479
-833,471,396
-810,342,455
-825,366,589
-714,357,406
-801,419,80
-931,665,229
-661,351,367
-748,434,444
-968,540,386
-783,425,405
-882,551,370
-821,565,433
-1020,829,604
-1204,867,647
-1290,748,373
-1277,933,530
-815,464,242
-395,140,-421
-314,842,-789
-216,1247,-553
-457,483,-116
-240,106,391
-733,366,979
-406,940,-331
-291,925,-307
-280,267,-329
-404,657,-476
-703,934,-373
-631,533,-261
-739,726,-201
-695,824,-182
-647,917,-93
-464,832,-13
-383,642,73
-371,415,83
-542,713,-5
-656,656,-59
-744,493,-16
-696,633,177
-667,645,167
-618,622,113
-703,586,168
-892,388,188
-1088,338,211
-1145,206,373
-1069,228,257
-1053,431,178
-1095,580,199
-1189,534,293
-1255,536,447
-1244,735,401
-1306,576,397
-1432,224,606
-1401,500,320
-1395,462,142
-1375,415,-64
-1369,409,91
-1185,378,133
-873,149,-21
-699,238,58
-470,273,198
-139,-175,65
54,52,36
-38,514,111
-258,290,321
-477,182,447
-767,-156,582
-1190,-131,50
-1519,780,-791
-819,1807,-537
-1790,-1454,-534
-1104,439,615
-1112,-98,319
-768,732,-180
-900,502,-337
-895,285,-83
-1009,471,-160
-872,366,-157
-843,473,-240
-868,420,-143
-916,402,-116
-907,492,-83
-885,456,-107
-876,488,-112
-922,392,-77
-916,388,-171
-843,334,-216
-941,434,-186
-938,212,-120
-870,437,-92
-846,515,-75
-894,543,63
-933,614,141
-845,549,-72
-892,632,-117
-933,613,-6
-876,531,15
-826,654,10
-863,649,-82
-972,735,-12
-939,662,-32
-926,462,-79
-956,466,-33
-953,463,-18
-933,496,15
-988,544,69
-951,609,-1
-945,685,-16
-1001,598,-24
-1096,639,47
-1134,535,93
-1112,425,104
-1084,326,114
-963,249,176
-898,284,216
-852,345,213
-826,399,195
-825,402,179
-761,390,183
-712,350,196
-681,332,218
-690,344,228
-655,346,235
-599,324,235
-586,326,246
-627,344,276
-669,370,309
-750,383,359
-841,387,375
-914,362,362
-965,305,386
-963,254,428
-883,253,446
-806,251,480
-746,207,486
-720,201,498
-696,267,513
-684,329,483
-676,362,470
-667,332,458
-681,330,439
-714,339,416
-741,352,419
-787,375,419
-833,395,410
-875,425,435
-960,444,470
-1151,522,522
-1264,665,602
-1333,646,537
-1057,371,419
-931,351,328
-985,377,299
-955,424,297
-956,408,286
-865,340,244
-769,302,229
-728,328,245
-692,380,212
-684,421,191
-694,434,197
-703,448,218
-702,436,250
-695,420,289
-715,412,343
-784,409,398
-839,399,415
-953,389,453
-1049,391,536
-986,341,557
-955,370,578
-1051,386,606
-1222,295,530
-1187,140,377
-945,107,306
-702,205,291
-546,309,286
-463,352,269
-438,350,234
-463,355,224
-538,340,256
-628,335,303
-699,339,355
-764,374,415
-933,411,443
-1194,440,441
-1327,406,435
-1188,547,531
-1015,551,454
-1039,481,282
-1104,575,428
-1247,621,511
-1239,572,456
-1171,394,389
-982,316,260
-744,473,152
-548,648,105
-432,741,49
-477,755,-68
-533,619,-149
-533,545,-150
-602,481,-68
-565,286,4
-510,342,167
-657,587,340
-723,742,397
-671,738,350
-640,718,457
-621,686,488
-621,682,362
-590,767,288
-625,814,294
-633,767,235
-676,728,221
-730,959,182
-672,820,184
-651,859,268
-547,913,95
-643,707,162
-670,852,200
-659,811,173
-651,738,226
-634,908,297
-542,1070,268
-610,989,46
-607,807,18
-532,671,10
-662,600,149
-677,612,124
-720,925,121
-757,830,-3
-817,969,3
-813,1069,43
-738,1095,31
-680,1125,43
-625,1052,-18
-540,942,9
-524,889,-5
-504,760,-33
-508,717,-72
-499,723,-95
-464,700,-113
-420,710,-132
-397,738,-144
-358,744,-168
-322,799,-215
-326,811,-233
-334,885,-225
-370,934,-217
-382,947,-216
-367,1015,-249
-427,1040,-211
-347,937,-183
-293,879,-204
-297,905,-211
-252,945,-232
-221,934,-233
-193,901,-241
-178,880,-240
-156,897,-251
-124,911,-235
-90,939,-186
-68,960,-162
-41,960,-119
-17,972,-73
10,957,-65
4,990,-46
-23,1033,-46
-55,1090,-96
-151,1187,-121
-213,1217,-67
-264,1194,-69
-249,1164,-92
-268,1113,-67
-413,998,22
-548,969,6
-517,919,-42
-343,841,-80
-187,778,-55
-109,755,-27
-89,776,50
-59,753,78
-60,771,87
-61,790,63
-58,823,27
-137,939,-21
-171,1013,-60
-246,1061,-46
-317,1006,-20
-261,1046,-96
-310,1269,-183
-357,1279,-139
-398,1116,-46
-406,1141,-82
-485,1226,-107
-542,1219,-118
-499,1070,-79
-441,891,-85
-394,835,-67
-381,775,-59
-346,753,-32
-324,806,-49
-340,853,-63
-352,923,-96
-385,948,-108
-316,923,-100
-224,933,-68
-199,972,-51
-197,981,-50
-227,995,-46
-256,946,-5
-249,903,20
-253,883,16
-258,923,-15
-263,968,-43
-244,965,-43
-249,968,-40
-282,954,-33
-342,983,-33
-353,967,-44
-338,956,-39
-316,910,-42
-282,893,-46
-305,923,-46
-348,944,-44
-367,961,-41
-320,945,-15
-248,932,17
-190,924,12
-194,958,-2
-218,983,-6
-233,993,-18
-213,967,-37
-206,987,-52
-202,935,-60
-187,916,-97
-186,916,-134
-179,910,-156
-185,964,-156
-216,1001,-158
-233,995,-169
-249,963,-172
-233,943,-213
-213,877,-199
-216,861,-186
-229,800,-181
-164,783,-200
-97,899,-341
-132,1083,-368
-95,1103,-372
-21,1040,-336
-31,1083,-338
-80,1133,-300
-109,983,-238
-105,994,-234
-114,1043,-251
-123,1127,-265
-58,1173,-272
-115,1095,-211
-68,1034,-126
-63,1013,-132
-1,963,-134
-68,1017,-132
-98,1079,-167
-261,941,-40
-301,1021,-121
-216,988,-52
-201,968,-8
-196,925,14
-258,977,61
-254,971,-8
-246,1173,-46
-192,1123,-14
-125,1018,-18
-72,931,-45
-16,823,-77
-97,852,-91
-101,994,-86
-100,972,-78
-63,983,-42
-66,1032,-9
-75,1085,28
-58,1088,26
-59,1054,55
-35,1058,41
-19,989,98
43,916,94
88,956,134
82,948,174
64,916,214
-52,730,428
-85,781,453
29,1129,92
158,1129,59
123,786,223
46,800,242
78,1142,216
34,918,219
19,999,202
-2,1021,242
-8,929,267
28,927,199
4,929,188
-23,887,195
-34,822,187
-67,852,199
-133,902,175
-245,1043,211
-355,1105,191
-364,1160,179
-245,1094,56
-215,1030,-86
-260,1038,-3
-205,906,-237
-247,962,-139
-241,870,-1
-230,824,2
-227,856,-70
-235,861,2
-228,908,48
-201,925,23
-187,1029,-43
-186,1239,-52
-153,1276,-186
-184,1383,-273
-151,1344,-335
39,1195,-342
260,1055,-265
414,984,-107
432,857,-129
307,834,-195
165,863,-185
29,913,-114
-163,1030,-101
-302,1005,-7
-303,918,-6
-283,840,64
-199,768,105
-26,779,39
70,889,-8
85,1175,-10
84,1191,-129
-25,1112,-185
-297,1226,-31
-321,1295,-97
-127,1016,-6
16,745,123
-4,828,121
-167,823,185
-458,673,129
-677,522,309
-790,509,361
-884,515,223
-986,576,355
-1005,546,412
-1169,1067,1065
-918,307,812
-804,840,636
-454,1317,360
-136,222,101
-281,1050,382
-445,649,618
-239,775,781
-537,319,-38
-1274,1035,189
-642,644,46
-819,812,-25
-618,839,397
-107,755,329
-387,922,297
-833,1090,495
-784,889,497
-613,538,-132
-457,521,-114
-336,878,-430
-233,770,-472
116,901,-515
170,896,-108
-46,260,-191
-777,146,29
-1013,211,120
-1250,467,95
-1362,440,-110
-1223,283,-8
-1201,146,289
-1008,698,-176
-889,699,-171
-1056,174,50
-1040,594,-125
-897,589,-163
-1159,267,-7
-1214,413,-155
-1074,452,-238
-1260,263,70
-1176,352,-27
-1046,528,-141
-1048,655,-257
-1005,591,-257
-923,792,-456
-745,1176,-497
-779,607,-391
-906,423,-348
-843,693,-528
-849,611,-399
-794,474,-316
-756,545,-338
-729,725,-287
-637,755,-135
-657,684,-224
-542,575,-217
-401,529,-110
-480,413,-95
-477,431,-120
-426,622,-105
-564,775,12
-676,700,4
-584,700,24
-419,880,204
-468,851,343
-622,892,242
-742,1020,334
-718,722,238
-901,644,243
-1039,425,140
-935,608,-26
-666,1128,345
-603,1022,778
-939,334,497
-983,309,84
-1010,336,-90
-958,349,105
-791,533,257
-630,949,357
-598,873,173
-614,594,162
-796,754,110
-806,400,167
-834,201,70
-868,702,94
-747,698,83
-725,753,227
-671,694,128
-752,740,149
-752,655,122
-739,662,13
-802,636,-28
-883,621,-29
-874,620,-89
-866,630,-46
-850,635,71
-786,535,75
-765,590,180
-733,650,179
-672,577,115
-708,685,125
-798,729,-37
-912,611,23
-947,600,-19
-927,499,-26
-869,523,-8
-751,635,-50
-726,554,-29
-789,536,-5
-834,464,104
-854,497,83
-756,499,-11
-714,690,70
-722,538,79
-682,687,-194
-623,871,-388
-606,755,-487
-666,692,-597
-755,770,-526
-950,783,-239
-1054,-148,259
-940,433,212
-794,656,-124
-818,581,-185
-952,467,-104
-772,665,-168
-691,679,-328
-692,697,-154
-601,790,-205
-687,622,-290
-703,593,-166
-733,563,-141
-781,577,-125
-881,559,42
-981,617,26
-898,692,-84
-799,558,-146
-727,633,-169
-793,663,-278
-940,644,-45
-894,268,162
-823,430,-13
-934,819,-118
-838,371,68
-755,707,64
-668,995,-161
-507,754,-250
-488,765,-246
-637,902,-297
-674,442,-339
-784,386,-215
-748,491,-266
-704,765,-257
-658,844,-298
-706,856,-209
-784,765,-75
-847,587,-96
-847,443,15
-777,551,36
-863,632,25
-887,635,-136
-874,546,-105
-929,399,30
-933,388,135
-966,527,206
-997,635,242
-966,656,143
-992,721,183
-873,685,-79
-690,650,-274
-753,715,-219
-638,589,-239
-552,495,-118
-577,546,-63
-617,618,-174
-611,314,-181
-631,406,-265
-667,405,-238
-759,354,67
-840,416,-88
-939,538,-136
-988,519,-131
-997,604,-210
-1169,521,20
-1214,470,174
-1092,415,76
-1168,529,164
-1208,598,190
-1215,715,312
-1163,1241,-168
-1190,623,-649
-1394,355,-670
-1391,337,-201
-1259,407,69
-1106,396,-110
-1136,653,-22
-976,500,-22
-796,805,-182
-955,884,-140
-999,564,102
-914,685,-51
-779,594,-135
-531,498,-318
-576,333,-165
-555,285,-137
-506,286,-180
-599,408,117
-464,114,-234
-356,797,-346
-423,625,-379
-467,669,-168
-485,430,222
-616,965,-9
-817,510,142
-819,601,107
-736,892,90
-620,916,-50
-436,868,-170
-504,581,-59
-576,703,-173
-578,762,-294
-792,398,-154
-1398,-415,212
-1129,656,326
-608,640,75
-793,1071,-421
-765,1130,-530
-664,800,-138
-589,771,120
-535,850,-3
-532,651,-118
-685,657,-38
-661,710,-56
-719,619,-7
-639,586,-8
-576,787,-89
-596,798,-70
-612,739,-53
-556,795,5
-555,784,148
-548,932,69
-538,1008,-3
-474,1095,-14
-406,1004,98
-364,1038,20
-350,825,152
-419,688,287
-515,374,415
-595,347,473
-895,650,413
-670,601,368
-669,573,373
-630,546,532
-554,599,595
-549,685,686
-484,559,673
-481,473,628
-526,454,539
-803,737,396
-843,633,550
-814,686,571
-676,459,404
-614,545,416
-684,596,485
-882,511,519
-839,397,568
-735,362,554
-744,416,561
-790,445,554
-804,442,550
-797,368,531
-824,323,528
-834,277,483
-894,332,403
-959,406,309
-932,457,193
-887,429,89
-913,568,5
-796,608,165
-739,460,271
-832,357,323
-876,299,363
-841,269,360
-883,151,421
-965,154,563
-971,108,515
-978,130,342
-982,97,443
-988,155,582
-908,192,583
-854,189,491
-828,193,447
-796,213,399
-768,201,280
-879,373,499
-907,349,505
-950,381,462
-996,369,450
-975,312,424
-924,375,344
-871,394,280
-845,437,279
-853,489,297
-868,471,307
-920,400,308
-910,366,294
-902,364,306
-868,362,304
-846,358,316
-845,335,310
-860,286,323
-869,308,383
-878,264,384
-872,258,368
-880,254,370
-881,260,365
-883,280,357
-872,309,357
-873,324,374
-886,331,374
-882,354,359
-904,357,350
-904,366,345
-893,399,359
-873,393,326
-849,390,281
-835,400,277
-846,392,321
-872,371,379
-950,384,439
-952,394,499
-859,350,500
-779,278,460
-720,214,387
-670,213,322
-640,215,239
-612,283,221
-641,326,199
-822,362,200
-1048,382,191
-1210,437,171
-1224,469,157
-1167,488,187
-1086,464,211
-994,385,177
-979,374,178
-1006,398,190
-1022,415,186
-998,388,192
-987,352,210
-953,336,217
-926,318,217
-874,300,221
-818,306,229
-885,296,206
-871,293,186
-795,315,198
-861,358,228
-947,363,235
-968,327,238
-979,298,247
-928,291,278
-889,296,286
-907,267,332
-993,254,424
-1031,231,576
-916,169,518
-780,92,527
-700,78,549
-669,180,512
-641,221,433
-641,269,358
-689,326,315
-752,414,288
-789,470,250
-848,533,307
-891,480,347
-905,451,375
-955,479,443
-1092,480,450
-1218,540,457
-1190,633,520
-1017,501,485
-965,355,335
-1261,341,242
-1420,416,262
-1337,391,289
-1171,299,245
-988,215,198
-841,245,159
-759,299,170
-717,355,180
-677,392,177
-608,409,232
-600,401,329
-619,347,381
-666,301,393
-685,276,412
-759,313,439
-771,448,508
-827,439,556
-964,444,573
-1213,406,593
-1267,293,524
-1105,141,380
-885,131,296
-727,209,265
-634,318,221
-609,416,203
-624,484,200
-669,527,206
-696,537,258
-726,514,350
-786,486,429
-993,510,442
-1217,465,440
-1294,337,433
-1340,447,473
-1235,573,517
-1068,490,433
-1145,337,320
-1251,390,308
-1219,377,318
-1077,325,291
-874,212,240
-714,175,171
-630,200,150
-596,249,131
-613,297,134
-653,323,154
-673,334,211
-698,296,256
-791,299,301
-829,305,376
-905,332,407
-1074,456,453
-1053,481,533
-1104,449,620
-1422,467,604
-1332,296,402
-1071,129,280
-790,132,239
-595,262,286
-455,332,263
-395,304,229
-436,403,279
-555,441,333
-641,492,310
-674,583,428
-759,618,562
-884,559,556
-1099,600,663
-1109,472,661
-1149,593,702
-980,810,717
-876,924,591
-988,988,557
-1079,1020,541
-1119,955,490
-1028,812,539
-850,707,557
-713,669,551
-571,651,558
-495,645,522
-508,574,497
-464,478,510
-322,413,431
-172,361,413
53,301,448
232,317,437
396,340,523
92,362,710
-315,640,789
-470,315,-49
-788,94,1169
-195,1365,1836
-267,209,811
528,63,1053
549,502,816
375,561,647
444,292,766
503,324,771
462,571,904
317,336,951
477,370,928
456,293,903
476,350,851
453,322,807
457,378,959
365,212,933
409,233,864
441,122,776
409,181,815
519,376,876
639,397,706
590,372,505
493,260,245
357,563,638
250,420,1272
346,168,1303
309,474,1239
302,303,890
298,5,1019
296,88,965
231,209,1113
178,165,1209
250,30,1073
286,80,1029
281,52,1003
270,97,836
264,345,648
151,391,736
187,215,792
251,181,900
256,34,894
285,140,893
122,541,1336
3,161,1065
-3,139,867
25,283,990
58,289,1007
90,155,875
-54,213,912
-106,235,965
-33,110,896
-106,188,936
-75,121,989
-126,263,1067
-153,144,1028
-132,149,1011
-143,144,988
-88,101,879
-140,147,943
-101,-6,852
-163,160,1027
-317,-13,824
-161,343,832
-245,202,1059
-37,-184,928
-284,66,1055
-397,92,1009
-28,87,945
-142,12,866
2,-65,626
-5,32,668
171,202,590
96,549,892
249,316,709
196,171,1032
-252,781,1097
-2,748,920
-30,733,803
176,862,738
190,1102,547
-1387,469,1288
203,852,629
46,938,671
-76,946,678
49,1013,621
33,817,577
82,905,622
-9,787,639
-115,757,598
-217,655,501
-394,647,425
-385,597,323
-379,734,418
-385,473,273
-203,654,286
-111,693,36
-219,450,286
-383,375,338
-630,722,257
-1064,1749,-38
-1416,1798,-434
-1578,963,-828
-1848,320,-535
-1831,-130,5
-1659,-330,342
-1351,-198,502
-1127,52,572
-1051,315,601
-956,391,478
-814,362,322
-628,348,222
-502,300,193
-540,348,202
-638,471,272
-845,552,322
-1102,608,330
-1257,637,468
-1274,424,622
-1072,334,520
-820,383,358
-613,467,275
-499,545,273
-470,564,305
-496,595,341
-534,554,337
-572,555,374
-597,506,379
-583,476,385
-586,486,380
-588,484,365
-604,522,369
-727,647,444
-882,699,524
-947,814,444
-918,840,426
-896,886,414
-843,840,288
-716,726,236
-696,653,189
-753,662,178
-798,659,154
-764,604,127
-676,563,100
-613,546,107
-602,534,124
-613,526,157
-711,469,170
-857,452,238
-1078,429,263
-1160,299,218
-1019,212,282
-1150,285,405
-1028,371,564
-870,352,546
-740,309,450
-723,237,427
-719,185,424
-713,293,369
-726,384,340
-761,419,333
-762,425,345
-700,392,356
-650,373,321
-640,389,291
-695,452,320
-811,495,352
-997,537,387
-1094,651,449
-1186,742,609
-1087,784,591
-959,615,395
-1013,591,352
-1093,567,369
-1013,543,303
-893,567,238
-737,543,201
-618,494,209
-519,463,230
-467,457,230
-456,446,227
-456,444,251
-473,420,300
-533,429,342
-624,463,361
-735,449,382
-810,446,407
-914,485,441
-1053,505,478
-1066,473,466
-1162,474,477
-1252,523,535
-1237,418,417
-1139,249,318
-945,242,317
-684,273,339
-488,265,332
-398,271,304
-415,332,289
-523,392,332
-640,382,406
-715,332,467
-724,266,497
-784,227,507
-958,215,482
-1150,185,444
-1111,168,340
-1195,346,373
-1151,536,517
-1131,543,526
-1125,390,459
-1292,373,376
-1346,397,359
-1288,301,414
-1057,229,421
-801,169,388
-620,176,352
-522,308,315
-463,419,252
-446,508,273
-433,529,297
-412,523,314
-406,499,294
-446,583,320
-509,651,414
-586,529,482
-641,533,514
-771,642,502
-745,633,596
-857,671,689
-1085,784,711
-1234,709,733
-1221,443,585
-1023,212,396
-790,178,306
-586,238,299
-438,298,331
-294,354,340
-224,430,311
-252,569,355
-371,635,464
-516,695,567
-669,728,696
-728,652,722
-670,629,786
-701,610,919
-690,588,1017
-738,558,1129
-877,700,1221
-1411,871,1220
-1572,860,1155
-1389,761,939
-1252,827,832
-1085,672,590
-852,601,279
-774,626,64
-728,421,-12
-736,411,-3
-630,213,6
-361,123,142
-459,-201,796
-262,1053,713
-83,1465,904
259,708,843
-939,-220,1821
-691,1740,1537
454,-284,973
1131,533,826
222,-1146,-241
-997,-251,59
-357,850,-527
-163,508,672
216,540,1673
526,77,1609
-19,-129,1280
-209,417,718
-74,560,837
-83,300,963
-95,234,947
-123,274,920
-77,334,1010
-104,195,1003
-108,256,958
6,290,965
35,276,911
51,251,917
166,196,941
177,94,968
253,28,927
217,58,857
300,189,897
341,301,958
345,397,902
351,432,948
341,415,992
306,421,975
292,655,1018
302,498,1091
292,275,664
332,524,754
391,523,972
447,371,439
457,1103,540
163,706,770
246,657,541
325,892,583
148,650,662
-9,694,560
63,863,620
295,756,598
357,764,723
297,746,647
99,797,740
17,845,703
71,755,647
115,736,570
102,748,560
176,779,462
154,753,635
83,725,730
48,743,712
90,766,697
107,751,661
148,766,575
149,713,679
89,713,813
47,819,731
-61,672,703
-97,712,742
-110,458,855
-159,-116,525
38,187,-163
128,597,-334
55,648,-154
-141,384,-247
-249,508,-386
-748,1028,-369
-1461,1416,-239
-1478,1635,-379
-1243,1289,-841
-1771,764,-649
-1852,159,-293
-1853,-187,60
-1525,-419,194
-1066,-340,399
-891,0,497
-853,181,434
-1040,420,201
-1235,673,-29
-1240,762,-243
-1129,582,-262
-945,487,-143
-808,409,-13
-772,486,62
-701,609,28
-660,692,-26
-640,672,-46
-707,654,-10
-847,666,88
-985,664,187
-986,550,146
-979,419,154
-937,303,188
-949,306,251
-1065,367,293
-949,340,308
-785,313,319
-957,358,353
-1333,482,489
-1344,426,445
-1180,235,321
-972,170,283
-824,167,285
-715,206,288
-668,239,266
-692,216,247
-710,235,211
-735,267,200
-730,303,207
-749,325,234
-766,324,260
-803,300,279
-828,286,324
-867,283,363
-968,289,437
-1026,305,513
-1090,363,556
-1162,458,570
-1204,443,522
-1029,322,381
-1121,328,215
-1237,429,207
-1134,457,245
-950,348,214
-810,254,198
-722,241,195
-656,264,182
-637,274,155
-680,277,149
-729,256,170
-773,229,210
-870,216,273
-954,214,313
-1014,224,334
-1150,319,382
-1159,399,464
-1080,394,555
-1286,323,467
-1293,207,351
-1082,128,319
-794,132,303
-609,213,292
-485,282,258
-430,298,246
-443,300,248
-538,315,248
-651,316,275
-751,311,308
-854,337,375
-1024,387,441
-1221,415,468
-1235,264,384
-1250,301,395
-1091,511,440
-1034,512,372
-1146,478,321
-1213,448,313
-1215,374,281
-1035,267,262
-782,199,234
-630,191,206
-545,222,186
-541,248,169
-592,268,165
-683,292,187
-788,271,204
-950,268,227
-1072,305,278
-1111,333,324
-1267,388,356
-1168,409,421
-1007,377,517
-1006,256,465
-1205,149,324
-1095,126,270
-859,150,284
-654,234,326
-510,262,338
-429,247,298
-407,246,280
-479,274,314
-597,292,312
-698,305,317
-765,302,347
-809,303,373
-1021,354,385
-1267,399,398
-1478,420,458
-1503,536,522
-1293,466,454
-1114,278,334
-1267,321,311
-1265,340,378
-1081,302,344
-827,154,286
-621,96,233
-536,150,220
-498,225,190
-488,261,141
-528,288,136
-628,281,172
-768,249,193
-951,237,199
-1058,255,250
-1106,320,294
-1254,456,390
-1186,513,533
-1170,505,647
-1455,299,530
-1411,92,406
-1129,-13,364
-809,24,357
-586,127,355
-429,245,339
-337,306,252
-333,456,219
-336,562,244
-336,610,298
-379,607,365
-482,720,418
-753,848,447
-970,844,459
-1024,899,474
-879,913,466
-1015,815,382
-1217,875,405
-1128,784,451
-959,595,457
-754,421,404
-559,352,312
-412,390,267
-374,482,280
-396,530,250
-414,521,218
-441,512,206
-469,497,204
-525,527,218
-662,568,225
-756,567,230
-887,563,252
-1161,615,301
-1243,588,417
-1196,490,461
-1373,336,408
-1269,183,280
-998,108,178
-778,161,183
-605,248,222
-503,320,211
-497,363,194
-586,411,204
-683,445,240
-752,439,303
-793,401,379
-845,394,452
-960,417,469
-1223,377,424
-1373,327,387
-1288,452,457
-1159,543,489
-1111,503,373
-1311,417,187
-1444,485,274
-1346,457,275
-1137,277,193
-909,228,145
-761,240,121
-654,253,124
-627,260,144
-589,288,198
-563,289,251
-549,252,262
-562,235,246
-634,264,245
-755,374,280
-869,480,337
-1010,471,334
-1047,524,371
-1081,561,472
-1328,568,508
-1476,501,460
-1211,239,281
-937,89,200
-744,186,194
-596,268,172
-511,299,136
-501,323,122
-526,345,126
-621,398,195
-674,373,245
-722,347,287
-841,397,367
-1057,458,479
-1174,383,507
-1255,271,410
-1343,459,462
-1284,575,555
-1124,484,442
-1071,317,266
-1231,342,254
-1294,382,287
-1214,356,257
-996,256,191
-807,163,145
-717,180,118
-638,194,96
-608,236,110
-608,282,130
-599,286,95
-601,327,86
-682,379,159
-751,309,252
-816,288,332
-969,324,367
-1189,423,465
-1060,438,533
-1104,541,648
-1367,494,576
-1486,300,459
-1286,105,314
-1044,133,289
-819,237,366
-642,308,385
-493,331,327
-410,340,310
-413,364,366
-498,436,434
-565,473,516
-619,460,598
-675,722,697
-704,954,836
-642,902,900
-529,901,791
-422,978,671
-407,938,592
-423,1012,490
-691,1177,475
-723,1059,492
-567,862,307
-482,867,237
-480,735,273
-519,795,341
-539,673,472
-483,597,417
-462,565,349
-538,467,464
-509,495,372
-436,432,375
-449,263,442
-546,124,414
-870,663,731
-692,700,1031
-715,438,1301
-657,340,1111
-609,529,1078
-664,319,1014
-938,-2,1123
-1006,-32,872
-958,254,-37
-925,1596,-931
-767,1805,-269
-463,1042,-314
-24,716,-335
115,482,-289
87,434,-318
-113,575,-351
-417,874,-333
-720,1133,-221
-781,1263,-225
-865,1325,-204
-958,1252,79
-959,1145,175
-1047,1212,293
-1007,1038,364
-1003,790,612
-712,291,711
-380,424,525
-261,635,348
-152,471,494
-155,766,457
-185,890,386
-183,941,326
-146,913,258
-60,905,250
24,935,238
19,972,278
-43,933,261
-91,1023,249
-90,1050,88
-224,1234,-123
-472,1516,-60
-741,1425,144
-784,1081,138
-569,847,93
-613,912,409
-665,738,489
-582,495,371
-363,600,-118
-77,753,-552
-74,1098,-273
-309,579,-87
-235,511,-6
-293,824,-3
-433,788,-16
-397,893,-217
-365,940,-379
-409,1061,-415
-473,1218,-379
-531,1324,-339
-579,1352,-420
-504,1187,-538
-601,960,-324
-764,970,-439
-834,851,-547
-648,619,-454
-386,529,-325
-192,493,-167
-135,509,-91
-105,567,-80
-133,759,-89
-145,963,-196
-191,945,-148
-221,896,-115
-283,941,-187
-321,1080,-276
-356,1032,-310
-404,996,-391
-392,1132,-430
-399,1128,-463
-375,1135,-552
-399,1198,-504
-364,1093,-454
-294,1075,-396
-308,1019,-269
-335,887,-172
-337,910,-199
-354,974,-156
-332,888,-39
-305,827,-19
-219,791,-68
-165,677,-27
-163,603,56
-213,530,81
-328,462,12
-595,422,-71
-908,762,-24
-1108,641,117
-1293,437,243
-1708,688,746
-1515,-251,1041
-1022,-183,876
-807,535,858
-739,420,935
-578,331,865
-544,445,798
-512,453,743
-648,486,747
-644,435,693
-695,441,671
-829,519,692
-799,484,479
-728,476,98
-877,598,-314
-1142,581,-379
-1433,624,-65
-1343,601,-31
-1126,487,-168
-991,712,154
-883,596,253
-796,343,424
-788,387,636
-842,283,803
-857,144,1049
-885,13,1485
-587,405,1161
-420,796,394
-277,639,636
-304,891,767
-260,1084,560
-205,1033,317
-252,1092,82
-429,1061,18
-640,948,-40
-846,965,-152
-1006,875,-195
-949,752,-39
-837,723,186
-699,710,332
-495,636,565
-321,606,868
-354,636,927
-333,795,709
-276,955,561
-235,900,431
-295,778,507
-315,794,504
-390,777,475
-408,783,399
-462,815,326
-560,766,357
-646,707,405
-786,651,426
-652,748,348
-467,828,168
-436,884,128
-440,948,140
-374,908,127
-298,986,131
-387,960,-15
-489,886,-28
-524,950,23
-661,780,257
-654,592,320
-854,605,404
-894,411,423
-865,607,598
-769,368,460
-703,494,637
-638,303,930
-305,-61,1178
137,51,1137
131,218,1208
-15,382,1414
-178,310,1256
-438,240,1045
-671,648,729
-725,904,349
-627,729,213
-476,486,394
-460,696,761
-341,642,887
-359,758,602
-565,653,491
-597,491,284
-621,540,422
-636,427,682
-722,590,888
-644,480,669
-579,629,378
-708,665,520
-639,416,742
-602,277,907
-846,190,1025
-723,-132,960
-479,120,1072
-425,173,861
-299,246,488
-359,884,339
-347,1108,551
-251,914,571
-383,612,612
-579,511,887
-719,313,917
-668,334,591
-722,622,534
-687,656,445
-738,634,407
-735,608,329
-794,478,259
-849,661,304
-801,559,305
-786,390,446
-733,368,708
-758,217,1020
-727,673,823
-661,312,728
-758,221,628
-738,237,580
-869,246,588
-782,262,453
-757,387,468
-838,532,622
-888,536,636
-837,317,549
-835,131,513
-925,257,501
-952,460,311
-1116,393,198
-1107,556,22
-909,575,131
-866,398,308
-910,225,402
-891,379,315
-865,713,271
-870,776,478
-731,772,438
-661,696,380
-621,626,285
-591,519,392
-668,373,494
-859,340,862
-979,189,791
-844,603,333
-892,874,166
-856,1127,83
-845,1178,269
-678,908,320
-246,169,-459
-441,350,-593
-715,1346,-348
-638,1084,-566
-633,1171,-801
-702,1170,-560
-678,1022,-370
-704,963,-268
-700,792,-199
-683,703,-146
-524,507,-97
-341,408,89
-195,425,201
-180,404,283
-118,638,210
-105,948,48
-80,927,-77
-6,1121,-330
-1,1081,-82
-45,913,112
-86,1097,-28
-181,1030,-45
-314,1122,-66
-425,1281,-219
-470,1549,-269
-411,1566,-243
-369,1180,-37
-244,1034,-336
-205,1012,-309
-260,970,-122
-236,880,54
-138,761,2
-120,640,60
-154,673,121
-93,605,88
-119,558,220
-212,486,305
-235,646,260
-180,867,269
-148,961,274
-202,1038,592
-260,1211,557
-324,1077,547
-480,1167,572
-504,1077,286
-585,1063,-26
-782,1121,122
-781,1076,51
-745,848,-54
-540,755,-42
-319,640,-69
-137,674,-230
-35,714,-117
-35,730,124
-96,679,266
-193,893,334
-212,1099,271
-184,1081,159
-174,1008,28
-169,857,-37
-332,891,106
-325,963,326
-371,1117,37
-276,1326,-259
-221,1302,-234
-239,1244,-160
-157,1097,-239
-304,1102,-270
-266,1204,-171
-359,1340,-187
-384,1090,-52
-354,795,147
-270,659,240
-270,632,333
-259,634,390
-182,873,527
-127,844,602
-97,855,651
-30,805,638
-12,752,637
14,728,581
7,654,549
-28,697,530
-126,824,584
-246,716,570
-243,798,461
-255,745,546
-242,552,468
-260,526,425
-361,495,642
-477,403,630
-549,295,666
-665,489,823
-748,464,1013
-537,-86,-138
-1396,1685,1026
-713,592,754
-348,189,714
-496,591,900
-490,565,958
-520,411,968
-579,-13,599
-736,686,617
-908,996,557
-821,754,521
-831,587,621
-704,147,468
-632,159,440
-553,235,347
-573,400,373
-616,471,493
-676,379,528
-629,452,495
-742,575,487
-825,371,484
-914,474,321
-993,532,236
-1100,333,108
-1212,480,-164
-1263,772,-122
-1222,714,-58
-1063,920,1
-845,938,207
-897,489,214
-936,396,282
-829,509,296
-858,610,316
-913,717,339
-922,810,331
-909,733,380
-931,670,417
-860,677,396
-729,622,384
-623,662,433
-595,669,461
-607,639,433
-673,633,455
-756,604,481
-746,544,503
-724,545,532
-633,529,540
-589,500,519
-529,457,490
-537,442,481
-594,452,511
-755,483,527
-931,592,540
-975,747,555
-1038,867,534
-1184,743,476
-1136,508,355
-913,325,204
-669,321,165
-483,371,127
-411,466,98
-384,556,81
-381,621,111
-431,636,233
-470,623,339
-467,677,384
-509,748,457
-511,787,446
