308,-170,137
343,-108,250
308,-138,342
317,-144,372
293,-146,365
312,-153,419
302,-157,337
266,-154,309
317,-88,289
298,-88,256
65,-28,186
172,33,137
64,66,141
-22,85,123
170,54,28
621,13,-20
554,-99,104
252,-73,160
241,31,436
87,291,726
199,607,1155
519,750,1487
659,957,1703
671,1089,1698
322,1183,1575
385,1396,1409
775,1511,945
1180,1569,490
1731,1423,107
1734,1088,-164
563,473,-175
674,97,-556
417,-155,-574
103,-285,-644
-19,-231,-630
-26,-258,-607
25,-197,-639
32,-196,-626
331,-243,-665
288,-194,-543
55,-8,-317
-8,22,-138
2,100,-4
-91,-67,80
44,-69,-19
33,-22,-5
-115,108,112
-174,157,190
-43,222,149
140,359,85
63,459,160
55,423,175
46,186,85
97,-92,-13
81,-307,-58
26,-169,31
-30,-30,78
-16,111,103
92,353,-41
59,476,-89
2,344,-32
42,94,0
-57,-186,124
-76,-475,46
-112,-672,-41
-328,-918,-38
-447,-1110,52
-723,-792,190
-441,-422,171
-177,-489,299
-318,-344,466
-514,-197,411
-602,-208,440
-454,-271,490
-347,-245,353
-426,-159,219
-449,-30,252
-378,-163,40
-140,-260,-148
-87,-172,-240
-26,-212,-250
75,-402,-370
257,-474,-323
235,-543,-229
492,-784,-397
1168,-1098,-485
1525,-891,-678
542,-153,-558
-389,649,-87
-476,1335,699
-293,1609,1123
-670,1606,1436
-1133,1410,1559
-1149,1098,1392
-1264,663,1213
-844,755,1064
-24,778,460
92,448,236
345,374,261
280,76,208
258,-59,134
420,92,5
454,320,-10
464,372,-57
467,291,-34
152,206,-38
43,183,19
18,-21,66
172,30,-51
93,19,-31
-87,38,79
-203,-58,105
-348,-316,65
-244,-630,-7
147,-959,-6
240,-1165,-33
76,-1141,-109
-33,-927,-80
-88,-1014,-43
-333,-1200,-56
-861,-1241,-57
-960,-1311,-184
-857,-1237,-331
-841,-1006,-471
-788,-791,-744
-741,-609,-863
-582,-558,-925
-405,-544,-950
-256,-598,-969
-37,-672,-1011
117,-700,-1046
402,-581,-1061
538,-411,-1156
683,-323,-1095
591,-303,-915
400,-220,-626
271,-190,-389
254,-153,-215
314,-141,-121
263,16,-29
272,185,38
299,326,106
316,411,87
370,452,51
465,499,34
511,691,105
496,772,284
654,851,280
1069,608,46
1056,585,71
821,431,165
719,217,197
438,195,345
36,199,341
-97,148,320
-303,250,321
-313,275,270
-134,246,74
4,196,62
139,38,-44
249,87,-5
383,108,37
336,110,112
335,45,17
269,19,42
116,20,120
-45,-3,182
-92,-41,149
6,-28,98
4,80,84
55,106,43
79,216,42
134,152,-38
46,191,97
-58,228,192
-96,212,213
-49,230,145
-95,142,75
-133,100,78
-220,43,122
-359,45,189
-397,110,220
-478,315,304
-532,217,252
-457,179,166
-406,270,244
-353,318,360
-267,335,397
-245,169,432
-274,210,554
-119,407,568
75,371,519
353,280,394
188,256,212
69,158,33
-94,24,-29
-22,102,-219
61,149,-326
-127,-10,-384
-141,-88,-405
-60,128,-348
-462,435,-406
-241,437,-623
591,120,-726
525,-55,-633
3,-55,-425
-60,-69,-135
-167,18,115
-409,13,88
-249,44,117
-406,91,223
-496,90,210
-504,53,205
-581,119,262
-829,241,284
-1161,310,252
-1416,111,274
-1145,142,214
-760,81,255
-491,-64,295
-361,-146,324
-109,-158,335
168,-163,400
181,-127,383
74,14,261
125,33,74
124,57,71
51,44,161
-56,-18,110
-141,-65,41
19,-209,8
-159,-293,27
-755,-588,106
-1114,-896,-140
-1394,-1115,-445
-1924,-1582,-745
-2276,-1862,-1124
-2346,-1984,-1411
-2253,-1945,-1643
-2308,-1953,-1849
-2332,-1782,-2081
-2024,-1435,-2228
-1417,-1083,-2403
-575,-726,-2441
-107,-372,-2167
-151,81,-1783
-10,243,-1244
399,126,-855
927,126,-708
1120,283,-430
379,435,-129
19,571,-21
331,611,18
713,561,121
676,594,234
410,640,496
154,618,668
171,706,827
240,804,837
107,451,739
129,379,701
-98,449,650
-576,462,660
-239,646,486
5,747,328
77,721,41
-38,661,-240
-50,608,-526
380,495,-710
451,267,-947
365,290,-1221
353,323,-1360
253,91,-1212
256,36,-1178
248,-24,-1273
178,-260,-1108
212,-332,-860
15,-486,-765
-223,-502,-767
-318,-391,-740
-337,-271,-851
-490,-73,-1004
-480,84,-949
-312,53,-1032
-431,84,-1017
-393,100,-839
14,-16,-758
148,16,-635
200,-61,-569
167,-63,-403
111,-101,-276
133,-196,-196
194,-288,-150
194,-319,-170
227,-415,-121
203,-484,-134
188,-647,-151
199,-695,-165
159,-785,-240
53,-798,-339
-196,-830,-389
-159,-853,-433
-94,-882,-494
-84,-865,-540
22,-787,-499
223,-761,-386
307,-702,-323
275,-590,-204
191,-623,-283
210,-523,-421
390,-438,-506
557,-440,-602
594,-473,-598
613,-621,-599
558,-702,-644
616,-657,-692
749,-654,-821
838,-679,-911
672,-606,-906
500,-561,-782
436,-536,-642
444,-398,-472
475,-292,-373
512,-268,-276
592,-335,-216
617,-360,-188
630,-491,-80
646,-657,-67
572,-798,-75
583,-846,-115
691,-890,-125
521,-907,-145
384,-1002,-103
303,-1059,-113
268,-1181,-70
191,-1184,-50
221,-1147,-101
396,-1201,-109
533,-1187,-141
567,-1160,-198
628,-1120,-166
619,-1103,-213
522,-1023,-268
396,-1064,-269
360,-1139,-280
386,-1220,-193
426,-1277,-206
438,-1363,-246
303,-1503,-453
70,-1577,-639
127,-1502,-587
-44,-1562,-356
27,-1896,-225
-249,-2234,-339
-83,-2408,-384
129,-2501,-521
310,-2499,-590
405,-2457,-619
329,-2476,-572
144,-2494,-577
75,-2449,-626
297,-2367,-715
445,-2280,-727
557,-2208,-814
526,-2068,-826
477,-1916,-786
416,-1732,-779
375,-1483,-805
359,-1307,-778
447,-1178,-720
357,-1039,-696
292,-864,-782
114,-642,-641
-53,-428,-106
-239,-290,269
-399,-256,496
-467,-177,492
-417,-51,475
-450,-5,494
-362,84,498
-222,302,496
-345,413,518
-249,334,477
-149,449,379
-301,574,254
-426,645,237
-480,643,196
-604,692,143
-621,752,18
-588,852,-7
-344,980,-383
56,1219,-539
-2,1278,-423
-383,1205,-165
-744,1209,157
-600,1196,186
-573,1033,90
-862,967,68
-733,914,24
-795,774,21
-972,677,57
-889,685,205
-742,646,194
-842,756,59
-1105,917,-14
-879,1048,-52
-613,1212,-102
-740,1371,-100
-650,1409,-195
-883,1363,-184
-1016,1493,-163
-977,1453,-19
-763,1281,275
-838,1190,457
-967,1212,475
-1552,875,792
-1718,832,985
-1350,821,1013
-461,414,849
267,-33,570
515,-136,271
684,-310,76
679,-305,216
724,-130,473
772,-222,494
741,-379,345
659,-295,328
69,-55,306
-284,84,225
-253,220,171
-451,290,235
-407,330,204
-580,202,224
-367,353,245
-284,570,290
-227,671,386
9,824,662
103,810,712
193,751,693
253,877,650
45,799,605
108,958,595
-175,914,612
-90,664,525
590,763,586
544,473,563
651,572,501
567,688,281
289,788,368
151,962,492
136,961,660
424,1159,927
283,1062,904
295,1008,1170
575,921,1410
811,1172,1556
435,1094,1613
361,937,1283
399,615,693
-116,-234,-32
-246,-547,-182
-172,-362,-236
-1051,-321,-628
-2013,-445,-1161
-2730,-66,-1368
-3190,307,-1239
-2178,928,-1034
-1015,1179,-1150
-1581,1211,235
-1621,1205,1174
-1097,777,1151
249,117,583
928,-203,189
566,-99,46
-31,260,-64
-341,329,-27
159,172,-70
541,110,-229
350,-13,-304
233,-90,-289
-42,-7,-68
-334,31,119
247,-49,154
753,-60,274
518,50,432
437,145,414
680,98,210
895,-20,-67
1049,-92,-579
888,-86,-1024
727,-4,-1367
627,-95,-1738
933,9,-1949
1384,-16,-1960
1496,-108,-1889
1383,-292,-1674
1136,-484,-1283
1030,-621,-676
1008,-592,-229
831,-515,232
611,-631,557
755,-650,914
969,-343,1056
1010,-231,1090
920,84,871
309,250,724
302,275,533
155,360,258
25,275,123
278,266,45
172,309,168
526,150,326
297,229,366
204,279,251
356,238,342
799,-88,762
1194,-57,903
413,205,480
-104,327,236
-12,255,64
-92,266,-78
-379,257,-117
-521,338,-78
-741,303,113
-638,301,137
-500,346,28
-608,376,-93
-438,231,-173
-421,260,-132
-414,247,-156
-1233,380,12
-749,402,-384
-980,333,-158
369,-339,-270
43,-254,-306
-319,168,-200
-166,176,-118
128,303,165
206,524,206
564,496,136
1274,286,61
1855,-71,-139
2119,-178,-602
1413,36,-489
565,166,-289
410,266,-189
704,210,-143
577,81,40
74,91,242
360,145,143
775,45,200
7,-444,432
-288,-764,615
-171,-592,713
-179,-575,497
-151,-402,251
-281,-248,192
-135,-238,131
-38,-312,94
-53,-375,133
185,-386,41
132,-422,26
67,-262,151
209,-133,185
149,-2,170
14,168,190
-26,211,171
29,106,138
111,32,177
71,-71,284
82,-96,297
-80,-163,244
-13,-95,225
-107,-86,170
-292,-107,7
-340,-109,-137
-380,-312,-254
-563,-533,-435
-500,-584,-678
-519,-516,-917
-723,-525,-1266
-418,-577,-1475
-173,-667,-1477
-8,-705,-1218
-58,-864,-1019
-52,-957,-784
263,-1051,-534
646,-1100,-400
645,-894,-339
481,-676,-181
165,-531,90
-33,-563,335
11,-595,378
-34,-670,428
-107,-618,449
57,-508,469
4,-752,418
150,-766,289
262,-633,47
90,-580,-49
64,-624,-146
-57,-549,-36
-129,-698,-28
267,-800,-101
-292,-507,-45
-324,-544,47
-92,-644,44
-259,-576,-7
-431,-370,49
-862,-154,-5
-924,-62,-222
-750,96,-24
-996,62,18
-685,-195,110
-535,-171,180
-1405,50,333
-1441,206,438
-1188,197,512
-1262,431,638
-1057,500,569
-399,123,703
75,198,613
-1047,469,596
-1318,428,468
-710,429,381
-211,451,319
-185,483,401
-826,633,705
-911,595,766
77,650,657
901,853,791
978,981,770
845,1122,733
830,1284,799
1112,1722,969
1095,2607,1248
356,3026,1552
417,2371,2074
1127,1595,2472
1176,697,2651
1654,-76,2529
1834,-368,2534
928,-270,2183
-165,-125,1436
-667,38,741
-635,165,337
-591,-428,-22
-350,-887,-53
-37,-571,7
-8,-208,83
99,-12,114
13,180,2
-437,243,-132
-275,172,-408
-65,45,-531
-247,117,-343
-646,250,-163
-984,288,-72
-965,489,31
-846,722,71
-880,947,240
-976,787,141
-753,608,66
-332,367,-114
-239,264,-248
-379,379,-290
-396,416,-286
-469,199,-105
-227,-212,81
318,-758,186
298,-861,457
309,-436,601
-504,-104,551
-846,7,451
58,-4,79
38,-73,-104
-229,-55,-122
-158,110,-6
-173,324,-109
-294,343,-202
145,305,-247
798,90,-324
764,122,-102
-484,178,109
-1101,134,113
-557,56,145
-452,37,184
-363,25,139
-125,6,117
22,-108,63
-49,-257,-42
412,-286,-55
987,-257,-101
1013,-51,-98
852,209,-120
796,572,-27
786,804,-61
508,1013,-136
53,987,-343
-68,828,-493
169,612,-487
280,318,-578
148,3,-667
-34,-434,-729
-214,-744,-692
-392,-1133,-324
-134,-1635,-29
315,-2022,-7
496,-2180,39
526,-2139,104
600,-1926,50
816,-1629,-36
985,-1251,-216
955,-966,-420
748,-750,-448
627,-678,-563
861,-693,-591
1032,-672,-565
888,-694,-576
755,-749,-549
552,-797,-485
425,-796,-412
368,-766,-365
415,-796,-369
305,-710,-337
108,-510,-224
-57,-401,-157
-190,-219,-74
-203,-134,6
-131,-83,24
-53,-21,20
-32,36,-39
-99,129,-103
-148,159,-120
-154,272,-98
-256,413,-122
-309,542,-7
-341,665,186
-344,838,383
-303,1021,563
-313,1241,694
-344,1312,727
-420,1332,845
-506,1197,938
-335,965,975
-36,927,641
35,603,126
-667,379,-168
-926,-95,-246
-315,-282,-238
495,-308,-91
845,-249,23
201,188,121
-311,326,92
-37,470,64
-2,598,-32
-2,467,-74
219,293,54
490,227,318
600,203,265
199,105,454
122,187,356
311,117,508
762,5,408
1411,-128,45
1248,-280,116
213,-951,331
419,-1040,175
220,-1227,33
-192,-1093,49
-655,-670,-81
-561,-187,-259
-1365,479,-196
977,432,-148
3719,-112,-282
2002,-536,-180
596,-823,-272
806,-619,-283
941,-390,-523
518,22,-588
-71,-186,-660
581,-656,-415
37,-790,-330
-659,-675,-277
-116,-564,-245
-147,-398,-293
-30,-388,-157
84,-267,319
-125,-213,483
-259,-333,335
-180,-304,249
-259,-354,114
-571,-638,18
-425,-691,29
-489,-456,-158
-703,-421,102
-464,-515,62
-223,-539,127
-238,-381,98
-572,-115,-37
-605,9,-57
-382,153,-129
-747,200,9
-862,52,91
-395,-84,-99
-399,-225,-163
-948,-144,-151
-1764,168,95
-1829,254,131
-1110,247,-56
-198,170,52
909,-114,-44
1183,-219,-96
1312,-324,-56
1123,-299,-112
504,99,-328
-14,868,-420
-482,1639,-446
-1032,2163,-553
-1350,2656,-552
-1410,2727,-436
-1416,2439,-245
-1405,2069,106
-1721,1704,528
-2004,808,611
-1661,-81,628
-731,-440,648
247,-753,517
993,-1160,464
1112,-1480,637
659,-1509,685
74,-1366,788
-407,-1193,783
-444,-1165,701
-108,-1156,502
19,-1016,488
40,-921,313
-89,-847,156
-176,-677,75
-85,-433,68
-166,-33,175
-207,383,288
-371,773,453
-451,1035,584
-514,1274,703
-759,1362,785
-897,1403,753
-1012,1425,619
-1332,1441,381
-1464,1514,70
-1421,1592,-254
-1542,1552,-606
-1460,1478,-1211
-1747,1428,-1883
-2190,1443,-2205
-1685,1329,-2522
-288,1063,-3142
9,1148,-3055
-1034,1527,-2979
-1204,1442,-2978
-146,1069,-3016
651,447,-2713
1303,-20,-2082
1650,-212,-1089
1773,-534,-675
1675,-521,-206
1163,-332,380
342,39,912
-703,501,1211
-1408,883,1478
-1733,1125,1650
-1776,1166,1700
-1538,979,1705
-1596,870,1566
-1588,797,1501
-1452,722,1363
-1207,587,1208
-940,330,827
-481,111,384
-93,99,-71
24,178,-493
-308,337,-505
-1025,232,-150
-1496,188,266
-1467,223,204
-1324,114,282
-1126,-203,656
-646,-343,1038
-361,-297,1230
-371,-269,1385
-476,-187,1460
-404,-120,1384
-371,-9,1119
-403,93,861
-442,179,528
-468,301,197
-583,540,-63
-731,807,-327
-911,960,-374
-943,949,-33
-806,748,560
-651,298,1014
-251,-131,993
529,-314,747
1049,-266,528
799,-17,352
87,159,224
-425,237,93
-493,280,-68
-416,350,-239
-360,374,-281
-369,381,-288
-383,427,-367
-450,477,-394
-573,414,-309
-537,381,-156
-318,349,-89
-155,363,-182
-488,348,-146
-1032,355,287
-1347,383,655
-1407,300,793
-1119,55,810
-778,-113,807
-534,-169,1038
-392,-67,1257
-359,106,1246
-446,173,1206
-509,208,1032
-655,289,896
-700,305,769
-616,310,534
-439,275,320
-259,136,36
-184,-55,-225
-114,-57,-558
109,96,-668
222,192,-506
92,199,-337
-122,267,-418
-91,392,-563
-134,513,-589
-361,609,-400
-500,544,-37
-476,495,298
-385,383,442
-278,403,516
-304,515,513
-484,665,605
-697,745,695
-832,797,752
-778,676,689
-667,548,681
-505,316,586
-229,154,546
-98,176,487
-83,219,368
-208,304,294
-266,326,148
-292,288,32
-262,266,-39
-205,172,-84
-133,54,-112
-63,12,-93
-8,44,-29
-114,66,57
-219,135,88
-233,196,210
-183,197,338
-153,277,513
-37,410,798
222,845,1091
421,1587,1397
169,2076,1502
-351,2049,1645
-883,1996,1732
-989,1721,1503
-499,1233,1076
115,620,904
598,172,584
634,-194,98
760,-74,-87
73,62,-421
-373,375,-524
-69,378,-603
58,236,-562
484,-95,-145
951,-480,-215
364,-687,-140
-109,-786,-170
-326,-451,-246
-296,-375,-559
-215,-380,-471
562,-459,-301
526,-309,-457
170,-265,-328
-29,-303,-264
-118,-39,-42
-539,-240,136
-856,-338,525
-556,-156,977
40,24,1181
384,135,1236
80,192,1288
-304,119,1186
-447,0,846
-501,-83,748
-284,-155,630
-315,46,461
-479,209,357
-451,320,385
-414,397,366
-197,355,404
123,335,432
128,377,396
-40,346,363
150,101,185
578,-66,92
556,6,129
164,60,251
26,140,237
-256,140,215
-553,-45,193
-523,-356,103
-377,-518,21
-284,-540,-43
-334,-472,-135
-414,-394,-254
-377,-524,-327
-686,-819,-209
-1259,-1140,-102
-1463,-1080,-22
-1604,-738,-1
-1537,-390,-107
-1228,-31,-223
-973,184,-329
-459,236,-484
101,228,-445
478,114,-458
981,-10,-552
1165,134,-551
608,315,-567
104,-7,-429
326,-73,-162
333,-46,-139
-500,-106,415
-1113,-65,971
-823,-284,1382
-41,-826,1457
346,-905,1517
183,-405,1369
62,210,1164
143,640,848
458,835,712
609,693,471
622,378,202
768,55,31
751,-329,-106
742,-395,-232
594,-341,-216
562,-219,-181
493,2,-40
237,117,157
252,79,375
153,269,425
-153,381,617
-407,348,711
-565,190,740
-447,77,571
-400,18,506
-148,110,451
-108,183,432
-230,160,427
-266,137,391
-260,199,360
-314,321,461
-284,459,460
-191,614,457
69,638,363
168,670,261
79,644,332
6,589,312
11,483,306
9,357,282
-44,273,313
-28,250,210
30,277,62
-20,387,41
-11,428,-27
-78,483,-18
-112,530,27
-194,525,39
-205,499,70
-24,339,-30
126,222,-178
228,250,-256
141,323,-409
-18,442,-448
-98,452,-478
-144,495,-534
-230,592,-385
-195,742,15
1,1054,433
59,1432,414
-285,1947,636
-617,2136,1037
-420,2062,1104
389,1701,1169
551,1313,1207
277,1084,1160
207,925,920
545,703,567
770,449,199
527,153,-247
608,-56,-491
1924,-611,-587
5433,-1480,-326
7949,-2149,282
3368,-1630,431
-3312,-318,38
-4128,647,332
-2683,1078,42
-1080,916,-284
91,360,-628
622,132,-908
533,648,-182
-836,1450,1023
-1959,2147,1696
-2006,2471,1965
-1411,2135,1926
-1451,1628,1378
-1617,1121,745
-481,339,296
493,-298,-33
655,-589,-165
792,-730,-474
1345,-872,-605
1301,-1004,-611
572,-1082,-597
-249,-1050,-707
-652,-858,-812
-742,-756,-1015
-840,-701,-1336
-966,-643,-1429
-1198,-573,-1059
-1248,-527,-615
-1286,-693,-703
-1294,-915,-1019
-1102,-1063,-1117
-856,-1061,-1192
-739,-1074,-1325
-633,-1012,-1473
-637,-817,-1514
-578,-597,-1693
-650,-357,-1679
-628,-106,-1527
-170,95,-1417
481,216,-1329
858,248,-1067
774,370,-915
69,630,-882
-1099,1035,-104
-2479,1539,308
-3436,1704,693
-3459,1676,1202
-3017,1586,1558
-2464,1360,1860
-2031,1089,2060
-1564,708,2082
-1027,364,2088
-514,171,2001
99,17,1777
690,-34,1521
1146,-166,1263
1545,-117,1145
1612,381,1240
1167,608,1150
609,693,789
683,957,353
823,776,-251
1405,470,-448
2070,352,-462
2221,90,-460
2186,24,-449
1494,239,-309
882,364,-65
1284,311,89
998,369,141
569,518,100
536,617,96
309,713,107
645,828,27
-206,897,-83
-1063,696,-88
-875,724,19
-379,941,268
-412,696,140
-80,363,56
807,151,-102
279,221,-35
61,199,23
297,120,55
246,42,18
52,103,58
173,8,-65
-23,352,-382
-39,-153,-475
555,141,-515
-195,55,-862
27,-367,-950
513,-665,-1036
299,-485,-940
-351,-286,-1021
-391,-362,-1241
-305,-285,-1216
-553,-381,-1075
-114,-529,-889
396,-655,-862
191,-871,-955
8,-790,-875
-39,-821,-933
430,-892,-1260
798,-772,-904
1547,-877,-932
2081,-772,-229
2122,-379,244
1560,-278,404
1076,-177,430
916,-252,41
251,-131,157
-23,64,307
408,195,139
295,170,280
204,312,460
42,504,494
514,592,732
657,473,692
556,266,548
670,272,566
371,345,555
-91,289,339
-212,278,6
-51,308,-374
-558,-18,-735
-719,-119,-800
-733,-177,-640
-606,-482,-812
-616,-730,-1106
-969,-365,-328
-1273,-118,152
-1535,-29,66
-1245,50,155
839,-121,487
2001,-274,405
795,-192,7
404,-164,-245
220,-259,-343
269,-498,-289
613,-619,-144
722,-520,-121
546,-364,-79
345,-212,176
-112,-139,180
461,255,836
-369,758,1377
-1301,1219,1637
-1805,1551,2028
-2207,1622,2485
-2282,1594,2690
-2088,1334,2722
-1553,1207,2576
-939,1225,2387
-531,1153,2103
-347,863,1724
-916,969,1282
-2166,861,1003
-3216,566,738
-2496,548,276
-1289,417,90
-673,280,-210
-336,340,-486
-718,542,-610
-1384,580,-416
-1660,196,-538
-530,-159,-641
425,-131,-266
-183,212,-144
-498,487,-334
-110,469,-794
713,617,-895
503,720,-851
-262,665,-672
-349,554,-592
211,430,-653
684,444,-600
643,416,-718
348,466,-624
182,537,-432
186,321,-460
421,211,-463
279,58,-248
375,-42,-100
706,-121,-55
608,38,-20
349,144,-98
304,204,-54
403,209,-59
357,163,-102
252,45,-15
204,-57,184
56,-189,533
277,-684,919
932,-1097,1589
2125,-1591,1621
3588,-1705,1188
5184,-1704,648
6284,-987,194
4828,124,63
-222,742,188
-2552,785,25
-651,435,-120
871,-128,-281
348,-321,-231
470,-577,-118
365,-703,70
150,-703,203
-184,-611,257
-550,-417,395
-600,-223,418
-359,-26,368
195,-271,160
44,-161,161
133,-62,208
587,-4,47
687,24,-73
513,28,43
390,50,181
369,46,190
317,-103,282
-102,-313,405
-557,-438,424
-1000,-320,403
-1147,-224,308
-1323,-348,416
-1601,-282,562
-1891,-196,599
-1930,-87,121
-2096,147,114
-2282,388,186
-1942,696,201
-1222,909,131
-667,896,90
-454,858,43
-495,840,-118
-632,855,-286
-582,830,-275
-200,719,-353
93,565,-427
165,241,-463
225,80,-435
318,-265,-405
142,-754,-311
65,-1216,-290
-172,-1585,-320
-985,-1674,-334
-1809,-1449,-366
-2119,-707,-184
-1875,-28,160
-1383,388,395
-1057,596,404
-727,917,499
-782,936,611
-816,615,646
-341,213,297
-513,133,434
-797,-1,497
-385,45,478
-302,439,524
-988,775,527
-1149,808,347
-712,720,259
-411,744,133
-633,780,97
-612,783,49
-254,715,-70
-18,571,-163
-49,434,-115
45,45,-98
311,-19,-140
42,-44,-59
244,-15,9
188,66,-41
20,145,-111
-92,49,-71
-98,-87,131
-228,-220,509
-387,-293,834
-359,-350,1134
-16,-581,855
1064,-853,484
1834,-992,14
2119,-1023,-397
1387,-1036,-886
1875,-964,-1267
2794,-847,-1591
2188,-712,-1617
2189,-531,-1136
2888,-124,-895
3582,788,-1107
3298,1210,-953
1461,1127,-502
224,930,-181
-7,389,204
395,-386,409
-231,-267,289
523,-527,138
528,-410,168
271,-109,252
15,18,411
16,127,361
125,210,367
269,170,311
617,236,374
556,170,562
177,-104,723
751,-435,627
1731,-670,605
2022,-873,365
1163,-339,587
91,-72,681
-55,-163,586
72,64,504
-334,255,528
-290,192,364
74,-19,243
-35,-151,41
-332,-24,-240
-761,118,-314
-1444,133,-444
-1615,162,-945
-2008,255,-1159
-2165,846,-1258
-2676,1025,-1140
-2723,869,-862
-2182,857,234
-1521,686,1040
-857,599,1375
-665,366,1443
-410,122,993
-32,-39,620
24,-45,325
-371,155,65
-861,311,-111
-706,416,-155
-417,465,-278
-531,555,-398
-901,448,-236
-739,243,-33
-602,5,43
708,-265,208
477,-198,16
335,29,-572
690,281,-1134
381,332,-1257
259,318,-1403
272,236,-1285
564,23,-1296
1078,-88,-1130
604,-116,-855
829,-243,-1150
471,-343,-1210
348,-163,-948
464,69,-751
355,6,-682
543,-44,-551
708,-111,-288
760,-243,-70
661,-334,70
524,-449,477
744,-685,821
898,-1078,1099
725,-1248,1738
1183,-1203,1924
3055,-868,1681
4415,-225,1298
4528,143,733
3103,361,657
573,385,614
-705,130,516
-475,-284,237
179,-339,-53
514,-58,-186
-52,314,26
-218,269,-158
178,20,-200
412,-219,-18
59,-521,-18
47,-587,-129
51,-444,-93
-70,-426,-168
-502,-355,-105
-747,-151,-147
-898,-136,-207
-858,-293,-36
-904,-748,137
-961,-606,126
-1198,-215,75
-1495,-6,-2
-1876,366,-223
-2056,734,-455
-2056,857,-633
-1474,646,-775
-557,382,-843
-237,197,-824
-299,191,-590
-126,191,-446
-66,113,-359
-206,128,-266
-136,37,-175
296,-98,-249
379,-87,-325
400,-91,-379
-65,85,-324
44,88,-359
275,50,-385
142,33,-329
262,30,-340
666,6,-387
546,5,-361
59,128,-320
-275,241,-235
-207,306,-67
56,262,-74
-236,361,-103
-11,294,-27
179,318,-88
-371,390,106
-156,253,150
18,143,164
-116,65,320
251,-33,369
-269,233,792
-1304,373,1211
-1261,214,1343
-423,439,1436
-166,562,1299
721,638,1567
1246,772,1894
1310,598,1656
488,478,1330
-202,48,956
73,-633,520
-219,-1272,117
-905,-1167,97
-495,-745,168
-380,-454,222
-538,-253,269
-343,-222,151
-428,-150,8
-333,-287,-84
-156,-372,-237
-270,-374,-274
-210,-317,-421
-376,-125,-594
-63,93,-636
-125,160,-752
-531,347,-801
-453,415,-878
-318,321,-899
-327,190,-900
155,117,-875
590,176,-787
253,160,-673
-330,329,-576
-431,594,-589
-504,431,-478
-115,303,-355
544,277,-496
-654,174,-277
-634,95,-134
-21,60,-91
-89,149,-173
-32,180,-244
-167,167,-90
-267,59,86
-67,-69,181
195,-217,197
11,-161,154
-48,-328,48
293,-285,-23
354,-27,-70
296,-94,-251
327,4,-390
122,158,-437
248,293,-599
235,530,-705
-450,825,-736
-1367,698,-782
-1706,101,-629
-1212,-481,-613
163,-964,-549
1789,-1620,-517
2760,-2272,-559
2855,-2562,-506
2346,-2481,-379
1939,-2381,-299
1981,-2422,-224
2073,-2588,-249
2266,-2820,-337
2522,-2839,-444
2566,-2623,-608
2258,-2371,-927
1996,-2040,-1229
1904,-1688,-1575
1737,-1417,-1786
1549,-1424,-1744
1574,-1630,-1806
1918,-1732,-1816
2459,-1883,-1781
2876,-2160,-1755
2853,-2285,-1687
2719,-2341,-1647
2557,-2321,-1644
2381,-2181,-1705
2191,-2022,-1809
1982,-1848,-1871
1851,-1681,-1889
1873,-1460,-1946
1797,-1187,-2072
1522,-887,-2080
1122,-472,-2082
857,-210,-1948
707,-126,-1830
598,-21,-1638
450,7,-1246
8,104,-677
-502,211,-229
-463,205,398
-212,109,995
88,105,1364
309,167,1392
238,265,1313
-148,437,1273
-682,574,1390
-931,677,1453
-927,681,1464
-833,622,1481
-511,569,1471
-215,578,1292
-127,570,1105
-188,526,844
-269,572,520
-345,596,142
-529,704,-337
-506,967,-424
-620,1325,210
-992,1105,842
-1226,737,1232
-803,279,1310
-116,54,1308
138,62,1483
-46,-6,1681
-482,-21,1805
-735,-7,1861
-710,74,1637
-607,153,1403
-573,169,961
-671,397,374
-1021,738,-173
-1309,898,-841
-1070,1198,-1171
-517,1231,-1028
-470,1227,-557
-723,1149,-34
-795,1181,-42
-926,923,-32
-123,721,166
88,604,362
92,695,252
-178,875,91
-284,799,90
464,370,22
1510,-265,-62
1962,-628,-181
1555,-564,-110
1176,-680,-43
1560,-767,13
2077,-658,204
1693,-336,608
104,-108,1070
-359,123,1287
136,76,1344
422,-179,1083
398,-310,611
46,-185,393
-266,-68,301
-312,80,277
-25,219,259
58,269,262
12,367,284
-161,394,263
-352,158,121
-151,-308,135
173,-655,168
173,-877,240
-272,-1334,-70
-1199,-1869,-343
-1712,-2494,-683
-1179,-3008,-936
-558,-3275,-1176
-512,-3109,-1491
-617,-2608,-1548
-310,-1836,-1671
541,-1152,-1891
877,-728,-1533
-340,-561,-980
-1307,-457,-574
-527,137,-527
-222,49,-783
-209,-54,-634
-3,42,-366
-91,-182,-149
46,-266,-94
503,-182,-146
563,-97,63
471,85,-169
68,218,-453
-11,-2,-383
368,-232,-103
475,-183,310
-58,-246,794
18,-314,931
267,-412,921
199,-584,1077
-102,-734,1249
-451,-811,1397
-589,-787,1459
-547,-663,1579
-562,-496,1621
-570,-467,1542
-443,-144,1598
-366,27,1552
-269,421,1533
42,825,1435
482,1201,1345
534,1422,1258
501,1572,1214
1050,2060,1100
1386,2420,1055
1305,2894,909
1088,3161,838
1024,3328,793
1242,3533,667
1083,3486,555
892,3615,742
1028,3970,846
861,4145,750
332,4094,679
-114,3989,720
-425,3835,858
-516,3774,995
-791,3591,1025
-1153,3409,1049
-853,3073,853
-856,2694,684
-925,2355,549
-909,2139,377
-737,1973,281
-495,1817,152
-423,1684,34
-289,1614,129
-98,1507,147
-61,1279,134
232,1096,-20
246,993,-277
-296,1110,-59
-735,1119,358
-738,1072,417
-594,937,295
-666,787,227
-780,593,195
-487,485,336
-397,469,191
-419,432,86
-335,385,5
-310,317,-62
-252,185,-210
-18,87,-316
244,16,-490
248,5,-567
230,-82,-653
383,-117,-748
424,-152,-935
386,-198,-1163
615,-237,-1293
849,-284,-1271
420,-129,-956
-17,-15,-476
91,-277,-364
285,-484,-420
407,-453,-360
362,-351,-397
296,-273,-358
317,-347,-305
293,-375,-338
329,-354,-328
376,-321,-290
327,-255,-220
287,-168,-249
222,-26,-310
128,41,-297
327,87,-316
386,233,-302
305,410,-289
184,505,-329
-38,566,-256
-349,519,-342
-435,364,-354
-508,221,-341
-376,178,-301
-396,186,-378
-326,156,-382
-179,211,-389
-169,269,-370
-144,281,-323
-197,275,-237
-297,176,-195
-149,28,-61
-42,-15,12
0,-5,21
21,20,-1
91,69,4
88,43,21
16,4,55
-72,19,137
-175,24,309
-130,10,433
51,46,500
6,93,527
-15,100,548
27,82,593
-43,78,590
-29,28,653
81,24,640
-26,111,666
-47,116,674
-26,109,673
-73,144,630
-99,201,616
-73,287,569
-180,367,535
-277,402,592
-384,367,661
-434,320,707
-483,338,784
-534,375,890
-746,492,1041
-791,487,1062
-508,373,916
-254,313,816
-264,255,779
-287,216,674
-231,264,569
-198,333,459
-153,260,431
-27,195,334
-40,197,349
53,202,306
51,101,191
-100,169,138
-190,194,91
-113,154,-6
-102,184,-47
-194,89,-39
-250,77,19
-258,48,4
-216,61,64
-312,153,129
-396,185,164
-237,146,123
-173,172,160
-178,215,130
-46,314,71
212,300,-86
203,234,-181
134,207,-293
149,104,-397
419,-220,-601
927,-548,-856
352,-200,-671
-887,-75,-1017
-505,125,-985
134,420,-304
877,586,184
1522,862,372
1722,570,266
2249,88,-82
1258,-25,28
392,-204,185
-81,-201,213
-524,-92,157
-562,-8,112
-793,-31,101
-785,-167,29
-1231,-534,-102
-1943,-619,-269
-1847,-363,-281
-1148,-59,-185
-1475,-199,-59
-2326,-248,166
-2686,219,356
-2301,709,622
-1985,1044,774
-1835,1095,697
-1790,833,489
-1896,825,431
-1987,953,502
-1673,969,479
-1360,1010,317
-1169,1033,38
-693,886,-36
-491,774,-127
-583,833,-327
-431,749,-440
-358,664,-431
-239,662,-346
-112,529,-241
-182,124,-312
-34,-117,-505
-23,-211,-857
-121,-143,-780
-37,-417,-545
130,-784,-483
190,-687,-198
101,-210,104
205,249,210
443,685,481
173,1113,735
146,1397,721
-123,1596,801
-422,1710,922
-94,1742,1019
125,1698,1043
-339,1677,1100
-734,1544,1141
-689,1393,1043
-717,1386,878
-916,1218,740
-1078,1125,849
-1576,1013,958
-1955,872,1146
-2032,694,1222
-1974,594,1315
-2034,451,1262
-1913,216,1156
-1702,117,1056
-1443,93,931
-1208,139,771
-1094,263,639
-1095,463,568
-1187,675,524
-1139,819,504
-948,920,501
-739,956,512
-580,1049,619
-510,1162,689
-442,1336,919
-504,1477,1036
-754,1393,925
-1086,1050,952
-942,497,1048
-189,14,993
548,-298,837
745,-361,785
482,-264,883
149,-111,989
127,-54,876
211,-120,697
315,33,470
22,131,159
237,76,163
321,107,67
202,319,224
77,369,430
188,270,546
433,30,536
911,-109,489
1259,75,338
576,380,534
-551,431,948
-529,533,1138
-218,717,1008
-683,822,828
-1024,570,642
-852,154,641
-449,-22,525
-50,-60,483
51,-23,392
-86,13,217
-252,76,-19
-305,103,-222
-334,37,-534
-213,-63,-786
235,-176,-1074
582,-210,-1457
565,-164,-1701
566,-174,-1932
695,-65,-1931
677,32,-1917
479,55,-1704
213,1,-1548
230,48,-1250
340,66,-982
207,5,-745
-70,-102,-542
-30,-352,-436
268,-591,-393
498,-680,-321
589,-656,-299
478,-499,-257
255,-262,-229
165,-71,-184
104,27,-136
31,98,-135
-15,126,-66
-12,34,19
73,-66,65
123,-142,102
154,-217,123
176,-207,178
171,-154,43
96,-76,63
-11,-37,31
-53,-56,-41
-61,-143,-28
-43,-235,28
69,-299,82
226,-365,153
256,-279,201
171,-129,227
16,-16,335
-18,46,387
-25,80,479
-18,63,565
-2,32,632
68,-68,744
162,-157,854
222,-260,1025
312,-380,1232
751,-551,1495
1592,-743,1814
2015,-937,2430
1542,-923,2851
339,-799,3077
-691,-638,3058
-1034,-431,2745
-1065,-292,2336
-1353,-348,1832
-1734,-530,1097
-1637,-701,353
-1340,-697,-170
-1601,-611,-789
-1080,-532,-1321
-572,-591,-1451
-486,-1015,-1610
-397,-1395,-1639
-473,-1581,-1767
-260,-1910,-1647
-414,-2055,-1627
-438,-2053,-1623
-604,-2123,-1427
-786,-2045,-1177
-654,-1700,-1147
-496,-1512,-1174
-420,-1328,-1299
-319,-1173,-1289
-175,-932,-1254
-197,-764,-1139
0,-826,-1118
241,-863,-1088
278,-802,-943
216,-813,-642
268,-865,-325
58,-818,-507
6,-760,-618
7,-653,-633
-123,-475,-117
-601,-605,96
-499,-898,-231
-28,-1211,-540
240,-1324,-736
89,-1292,-896
-46,-1202,-889
-3,-1230,-743
60,-1362,-596
-39,-1201,-524
-136,-826,-489
-397,-679,-410
-420,-565,-402
-4,-343,-494
102,-195,-435
-84,-137,-387
-288,104,-516
-78,229,-777
225,511,-1026
-92,816,-1231
-795,1045,-1363
-1277,1122,-1829
-1062,951,-2168
-87,866,-2266
939,691,-2001
670,396,-1531
-325,361,-992
-548,283,-633
44,230,-628
355,348,-799
-21,268,-396
-88,602,173
-641,414,615
263,-141,396
424,113,106
193,268,-11
-59,572,-28
-519,564,-85
-78,380,-45
-276,414,-126
-271,441,-126
-196,389,-202
129,202,-300
275,157,-126
-85,353,-66
-110,309,-97
197,-1,-141
407,-50,-184
178,0,-213
55,-14,-106
17,-40,-72
56,2,-47
20,45,-60
-44,-2,9
14,-113,15
123,-196,0
94,-168,-2
20,-78,-56
-63,-17,-72
-85,-32,12
12,-95,46
-193,-147,230
-330,-440,421
-242,-799,713
253,-1055,849
909,-1683,1008
1531,-2284,987
1586,-2516,776
1041,-1944,907
182,-1307,950
-436,-1005,494
-978,-509,440
-1546,260,-215
-1777,1059,-976
-1685,1557,-1043
-1536,1848,-1244
-965,1999,-1245
-213,2033,-996
-456,2019,-713
-941,2011,-355
-930,1809,-170
-510,1676,-78
-261,1756,-83
-390,1638,-138
-613,1414,-53
-436,1042,-185
253,607,-241
966,364,-331
681,380,-171
-43,515,-157
-350,579,-135
-169,334,23
226,142,-48
-106,157,37
-278,203,24
-59,138,91
149,38,106
212,-12,72
134,-3,231
-84,53,199
-465,51,188
-56,-229,261
337,-592,630
127,-569,1091
-336,-281,1505
-474,-302,1655
-347,-450,1805
-206,-702,1682
-90,-900,1252
260,-1260,1019
922,-1592,694
890,-1704,465
1009,-1458,146
1499,-1188,-307
2154,-826,-587
2022,-516,-966
1294,8,-1257
725,352,-1507
803,548,-1898
1057,679,-2005
1557,315,-1541
2295,-125,-891
3532,-52,-298
2107,-221,343
184,-853,122
584,-1082,58
1020,-1049,81
539,-690,217
93,-320,243
-350,-368,148
-251,-645,64
-197,-721,59
168,-634,244
706,-618,334
1811,-600,408
1934,-805,432
1301,-839,296
1048,-366,315
234,-244,446
-137,-297,316
-176,-423,10
-134,-364,-25
18,-176,-48
37,-93,-245
-129,-16,-248
-26,10,-44
275,-1,26
225,-83,-130
9,13,-108
-201,250,-289
-452,345,-308
-620,420,-181
-491,340,-295
-438,297,-349
-486,242,-257
-598,215,-154
-592,165,-149
-429,106,-299
-317,-38,-182
8,-63,-311
-315,-296,-504
-1657,-231,-112
-3231,1046,977
-3519,1751,2320
-2660,2144,3263
-1641,1595,4192
-198,900,4783
1226,813,5014
836,1319,4722
-712,1856,4347
-2110,1710,3911
-2296,1955,2953
-2748,2281,1857
-3271,2191,994
-2890,1841,442
-1221,1318,66
269,956,-299
188,923,-399
-302,928,-344
162,856,-306
55,577,-45
295,270,-182
579,357,-326
60,276,-239
357,183,-122
255,117,-36
237,-285,-29
790,-1071,-139
1859,-1564,-63
2100,-1639,-46
1549,-1651,-296
922,-1786,-462
1026,-1941,-871
1520,-1599,-1141
1603,-1048,-1228
1260,-531,-1526
752,28,-1956
572,384,-2524
52,414,-2490
-703,493,-2159
-1549,319,-1447
-840,-67,92
609,-85,674
-416,189,690
-2161,361,836
-1758,488,931
-14,80,677
1583,-586,379
2916,-823,12
3309,-656,-178
1992,-939,-72
479,-1208,-45
30,-1326,124
112,-1426,309
156,-1358,326
44,-1429,265
55,-1660,140
478,-1749,-178
356,-1802,-378
125,-1836,-491
-84,-1969,-645
-331,-1936,-758
-116,-1947,-989
827,-1963,-1426
927,-1937,-1634
540,-1936,-1389
766,-2138,-1368
1309,-2263,-1496
981,-2157,-1404
426,-1903,-1265
573,-1735,-1177
859,-1619,-1172
1187,-1442,-1024
911,-1292,-659
417,-1081,-378
322,-930,-237
360,-904,-163
465,-716,-125
448,-470,-269
351,-258,-306
67,-65,-212
22,-212,-484
262,-95,-756
-53,-243,-872
41,-174,-778
420,86,-333
176,353,-237
-378,344,-270
-875,116,-200
-1084,39,-309
-1420,76,-173
-1646,-24,-91
-1021,-277,-127
360,-451,-123
1171,-182,59
1304,55,53
1411,285,-212
1311,631,-464
782,839,-551
384,1033,-652
156,1150,-769
140,1221,-806
176,1210,-792
557,1074,-724
1102,969,-691
1295,987,-642
1161,972,-475
1182,1016,-517
944,1153,-332
788,1088,-110
1307,831,19
1149,776,82
419,938,19
546,852,-26
804,344,175
332,224,148
118,162,20
226,-2,-18
309,-221,77
624,-367,151
910,-554,145
1025,-681,164
842,-572,159
748,-486,172
708,-407,174
638,-404,211
754,-472,206
204,-495,337
683,-536,366
549,-517,326
451,-574,428
297,-547,425
-117,-414,184
260,-414,182
64,-441,200
-225,-174,325
105,64,363
18,6,589
478,-143,665
1407,-281,634
1300,-169,520
547,-72,283
472,99,39
-159,171,-105
-37,204,-234
-148,-106,-220
376,-241,-78
274,-162,52
-54,-200,-6
168,-301,25
91,-132,22
-282,-32,-19
-272,-186,-46
-161,-301,-63
-210,-232,83
-299,-218,358
152,-319,149
-155,-208,75
-492,-107,85
-473,63,122
74,-78,145
-234,-84,-51
-338,-174,-235
-284,-185,-426
-533,180,-96
17,379,37
-115,300,19
-381,156,-161
-335,-230,-140
-240,-105,-124
-868,-147,-72
-1095,-519,-28
-437,-850,-50
71,-997,-221
-144,-1130,-276
-256,-1080,-336
-877,-860,-356
-1311,-362,-280
-1005,-17,-135
-995,183,127
-1517,592,515
-1621,778,686
-1228,804,672
-1145,680,624
-740,480,568
-634,356,467
-654,463,381
-733,477,334
-566,388,143
-186,254,171
34,77,44
-255,113,-142
-289,4,-227
23,90,-243
-425,343,-191
-313,124,-251
287,-131,-273
495,-361,-537
177,-178,-688
78,39,-222
69,254,31
-117,314,49
-398,322,-56
-436,228,-70
-516,96,-159
-468,67,-82
-200,-138,93
160,-144,112
-48,-41,38
-209,60,35
-268,-42,-158
-288,-165,17
-442,-113,-93
69,-354,-6
1172,-441,-174
860,-435,-118
-122,-295,-174
-16,-416,-95
-14,-322,26
-139,-315,66
-61,-382,-127
-299,-345,-133
-212,-510,-121
-6,-646,-200
-40,-484,-261
-70,-277,-416
-253,-201,-346
326,-107,-7
-329,-92,3
3,110,29
-131,258,199
-106,242,177
-128,363,207
-199,469,339
-96,459,408
-86,536,603
-226,740,698
-130,618,624
17,616,541
-7,564,581
272,580,826
242,504,737
270,490,611
200,549,555
127,575,606
208,613,622
137,581,538
277,555,306
407,519,151
272,300,17
155,15,5
232,-357,-233
165,-566,-683
-4,-713,-949
-124,-927,-1024
51,-1292,-952
320,-1803,-705
518,-2001,-323
296,-1491,-44
-170,-1042,-56
-113,-763,-129
120,-449,-31
390,-448,-204
628,-257,-265
417,78,-270
227,157,-470
-144,199,-564
-285,204,-642
733,212,-524
682,312,-119
1209,-412,48
2393,-74,478
621,-309,-196
-506,7,-459
261,243,-207
-141,-107,-349
-269,-272,-295
336,-80,103
1022,-166,392
775,64,254
-904,489,-124
-375,282,23
-117,211,118
-359,355,247
-498,413,306
-466,354,212
-630,501,330
-698,514,263
-697,486,284
-880,666,301
-1076,671,345
-1340,687,220
-1297,759,373
-1197,739,476
-1176,750,488
-1317,757,523
-1377,786,662
-1170,692,694
-856,592,780
-754,406,910
-552,93,1054
-140,-87,1064
173,18,940
-162,213,677
-914,402,690
-1216,293,590
-533,109,602
98,53,600
-47,195,440
-587,372,219
-606,300,173
-114,268,116
-202,279,96
-429,301,177
-170,426,349
214,223,496
323,-60,447
-26,-134,222
-214,30,188
-147,141,197
-175,212,184
-251,145,132
86,5,14
281,30,-125
148,180,-57
-46,321,62
-313,439,74
-371,371,86
-248,287,79
-31,184,33
88,166,64
88,-127,-157
614,-355,-363
1998,-441,-104
1533,-260,37
-263,-256,-227
154,-353,-673
662,-280,-347
1175,35,118
1612,218,652
1875,613,816
1034,518,680
-157,-235,375
190,-130,-404
-539,293,-328
185,175,50
-263,167,-128
-20,562,63
-161,789,22
-582,953,27
-331,778,-138
-186,695,-204
-611,873,-18
-955,942,164
-939,882,-5
-914,835,-265
-1174,773,-690
-1659,831,-1065
-2306,864,-1319
-2747,946,-1434
-2821,962,-1506
-2959,910,-1605
-3322,830,-1831
-3757,919,-1859
-3888,1101,-1452
-3638,1243,-1145
-3186,1258,-734
-2529,1086,-204
-1908,1039,106
-1475,933,163
-1108,711,125
-928,395,213
-723,125,365
-737,28,317
-979,123,223
-1326,232,166
-1843,419,130
-2232,461,126
-2288,486,244
-2147,493,601
-1940,508,893
-1974,501,980
-1718,345,1120
-1399,353,1278
-1301,461,1453
-1374,629,1528
-1427,727,1575
-1365,808,1564
-1298,927,1523
-1314,991,1406
-1365,997,1149
-1411,992,898
-1325,930,538
-1274,955,258
-1241,934,39
-1191,823,-123
-1098,749,-285
-891,616,-441
-733,483,-511
-594,403,-498
-439,273,-410
-273,202,-276
-95,138,-223
9,51,-282
-213,-57,69
-352,-19,553
-190,18,786
-256,-34,813
-284,-48,902
-302,-28,1083
-526,161,942
-931,271,697
-1078,224,581
-975,241,643
-763,336,810
-454,361,812
-217,327,864
-206,242,805
-237,235,758
-269,185,728
-284,179,641
-197,137,465
-38,90,264
211,43,-26
396,39,-309
578,74,-644
758,100,-1254
893,46,-1586
815,53,-1639
318,-70,-1153
-28,-430,-460
395,-833,-90
1447,-1200,-56
2275,-1242,-132
2468,-1032,-266
2073,-903,-226
1347,-867,-226
745,-796,-463
487,-690,-740
512,-459,-885
599,-224,-868
495,-109,-722
289,66,-449
80,147,-197
49,42,-58
356,128,-51
298,251,-54
-237,335,119
-1035,289,514
-1524,326,942
-1505,194,1091
-1156,47,1264
-716,-58,1451
-465,69,1536
-472,271,1482
-677,381,1323
-912,391,1234
-972,405,1180
-704,480,1139
-387,532,1260
-31,574,1238
106,722,988
-33,841,551
-348,1148,70
-778,1477,-440
-1342,1704,-536
-1948,1725,97
-2109,1512,929
-1764,1018,1097
-624,351,805
505,-64,426
873,-105,362
688,-30,460
188,163,512
-371,421,489
-717,645,467
-848,820,370
-799,816,271
-590,751,178
-447,686,187
-352,556,301
-316,377,395
4,177,289
561,69,147
574,145,109
170,293,226
-247,426,257
-399,537,180
-648,542,238
-750,546,290
-513,484,414
-265,509,518
-329,504,545
-702,501,573
-917,507,652
-821,468,665
-618,334,625
-476,244,586
-464,278,497
-464,327,374
-503,424,277
-537,577,30
-632,759,-255
-656,971,-364
-742,1221,-302
-806,1421,258
-1079,1516,770
-1356,1373,915
-1386,865,808
-972,449,683
-287,277,591
149,345,714
122,557,778
-302,918,820
-871,1210,829
-1039,1402,828
-953,1543,771
-795,1618,676
-775,1717,696
-834,1760,746
-845,1713,741
-828,1750,716
-707,1715,712
-439,1764,740
-64,1975,792
96,2161,838
-260,2374,1004
-842,2443,1176
-715,2499,1362
-284,2404,1466
-174,1988,1506
-29,1464,1692
413,1053,1748
789,662,1659
653,380,1579
249,83,1334
127,64,1027
-308,-108,800
-609,-240,534
-208,-300,289
377,-406,116
-112,-656,-3
-278,-782,-241
215,-735,-399
610,-655,-372
630,-911,-292
14,-1224,-223
508,-1346,-303
454,-1437,-332
459,-1375,-286
586,-1285,-283
365,-1210,-265
376,-1236,-339
344,-1316,-305
175,-1343,-256
30,-1478,-292
-6,-1631,-364
-77,-1699,-475
-126,-1723,-466
-164,-1649,-455
-237,-1540,-457
-272,-1458,-501
-241,-1398,-578
-246,-1369,-542
-165,-1269,-546
-100,-1150,-604
-109,-930,-603
-101,-773,-567
-76,-586,-516
-109,-472,-331
-204,-367,-168
-161,-295,-75
-110,-193,-66
-36,-115,-34
20,-76,-4
32,10,-18
11,81,19
-42,114,58
-25,129,196
-163,149,351
-117,138,453
-48,211,571
-3,208,642
21,200,618
95,167,581
162,191,547
178,320,472
171,444,399
207,450,339
175,525,392
5,633,561
-202,575,718
-154,496,872
-189,616,1008
-253,772,1154
-243,831,1290
-267,904,1405
-238,896,1600
-207,733,1721
-105,695,1752
-30,654,1783
169,616,1650
360,436,1323
352,313,855
181,201,427
313,154,195
644,161,-113
389,188,-381
-102,229,-562
-62,241,-607
348,79,-541
659,-98,-388
337,-422,-492
-89,-407,-452
-435,-162,-239
-500,84,-54
-642,136,39
-344,422,70
-162,430,150
-347,303,25
-456,103,-48
-88,8,-128
95,-1,-119
-298,107,189
-467,316,298
-538,266,401
-245,80,408
482,-56,212
583,-57,92
456,34,0
743,34,-279
770,248,-511
369,443,-544
-49,510,-522
52,408,-494
-59,383,-619
-219,351,-657
15,393,-583
-496,476,-444
-1065,346,-162
-1117,-34,11
-597,2,-19
-527,86,101
-816,113,185
-437,145,86
-35,20,-151
144,-16,-267
118,-93,-323
30,-7,-336
102,123,-296
-480,227,70
-1164,250,387
-1092,286,373
-841,373,363
-894,331,352
-520,105,-14
-77,-421,-363
530,-827,-660
1136,-1105,-764
1287,-1159,-750
1375,-1241,-701
1697,-1037,-666
1810,-756,-709
1621,-398,-772
1485,-259,-823
1596,66,-706
1442,37,-576
1278,-122,-452
1312,-270,-565
1493,-416,-833
1601,-537,-1023
1095,-504,-916
1065,-492,-851
1304,-498,-488
1042,-546,-78
1028,-598,367
646,-369,613
-1,-210,719
-232,-120,781
-492,-87,765
-564,-40,826
-630,-61,837
-514,-169,711
-402,-179,620
-375,-87,439
-314,-175,214
-201,9,38
-297,47,251
-896,189,480
-928,164,329
-738,354,300
-841,364,339
-821,225,430
-792,37,586
-741,-39,700
-544,-7,772
-563,-47,731
-547,19,723
-578,-3,726
-555,-45,638
-453,-75,518
-140,20,382
151,201,184
266,429,124
411,492,108
456,489,60
337,555,3
282,611,-1
205,569,75
-27,502,161
-207,548,96
-185,863,81
-238,1083,46
-525,1208,-39
-746,1059,62
-709,690,3
-542,647,-116
-376,755,-147
-567,560,-202
-804,632,-222
-432,825,-288
-186,582,-363
-306,207,-643
-57,214,-676
412,301,-627
179,307,-606
-287,492,-552
-268,599,-489
-88,521,-323
-8,290,-184
-26,270,-93
-122,344,-31
-207,353,-78
-254,518,-155
-499,530,-123
-409,296,-76
-101,321,-169
-288,324,-140
-472,155,-47
-353,-52,91
-194,-4,72
-388,-12,100
-407,-108,15
-133,118,-208
-455,422,-267
-773,465,-283
-606,401,-395
-166,162,-287
106,-127,71
11,-296,57
47,-474,182
353,-809,502
704,-1124,664
995,-1238,567
1043,-962,433
699,-788,329
269,-518,211
238,-441,-2
308,-394,470
759,-590,571
539,-424,793
206,-240,670
11,-36,400
213,140,201
309,117,22
-66,132,-210
-187,196,-285
178,255,-112
227,82,30
53,36,148
-603,197,179
-1115,520,147
-1024,577,-116
-461,321,-209
332,51,-41
645,-138,-197
389,14,-219
289,-48,-143
731,-300,-178
1189,-455,-251
809,-369,-309
-277,-109,-215
-484,320,-136
-715,638,203
-1020,483,376
-665,155,250
159,-139,110
551,10,9
111,96,-163
45,24,-97
295,-244,44
357,-208,287
361,-137,366
369,-173,544
478,-297,771
586,-313,1089
410,-306,1390
463,-147,1466
543,100,1605
690,339,1488
582,453,1367
371,498,1062
33,545,838
-538,488,661
-709,281,397
-495,43,266
163,-13,358
357,-60,343
519,-72,253
793,97,87
949,174,-133
1260,242,-283
1285,231,-356
1428,327,-452
1809,251,-564
2065,163,-753
1825,50,-871
1530,44,-737
1040,118,-579
429,339,-582
582,579,-637
661,819,-628
492,868,-716
467,817,-912
435,1083,-940
-1075,1341,-1021
-2598,1544,-1024
-2037,1712,-801
346,1636,-455
441,1579,-430
-348,1697,-337
-431,1922,-363
-612,2026,-593
-850,2046,-556
-887,2112,-368
-861,1976,-339
-1075,2055,-34
-350,1903,301
725,1560,618
1154,1123,763
1212,876,731
1114,864,550
1052,923,220
885,1104,187
666,1047,237
188,781,257
-283,637,360
-768,459,456
-933,95,391
-890,-5,344
-1242,-181,385
-1589,-383,424
-1300,-257,296
-539,50,13
165,478,-95
569,280,-144
863,-39,-206
1159,-312,-337
1318,-492,-390
960,-309,-303
113,-81,12
-64,170,178
796,246,35
1249,131,-243
824,223,-75
-257,286,96
133,356,93
391,218,140
-235,-37,360
-659,-57,561
-822,158,492
-453,-62,267
-201,-326,185
-201,-696,8
-335,-844,-142
3,-718,-463
427,-625,-559
300,-577,-520
-155,-376,34
-314,-636,151
78,-1195,-46
147,-1354,195
-34,-1337,308
-72,-1354,320
-260,-1249,448
-493,-1125,420
-429,-1065,325
-421,-888,334
-559,-724,310
-342,-405,391
-271,-325,557
95,-359,477
682,-838,246
830,-1237,-75
547,-1059,-99
-653,-562,307
-1010,-487,206
-384,-685,6
431,-800,-350
713,-817,-670
753,-676,-551
633,-477,-383
224,-304,-25
-554,-105,241
-625,198,382
-98,377,284
342,291,-38
532,102,-291
393,-374,-448
145,-436,-465
607,-692,-750
852,-566,-547
188,-117,37
-218,-209,463
-277,-924,465
179,-1409,367
590,-1415,160
462,-1117,12
219,-858,78
208,-819,71
265,-635,148
230,-618,120
134,-491,79
-25,-240,38
-44,31,-18
544,-68,-216
1039,-243,-376
1122,-462,-555
789,-362,-425
-5,-163,-302
111,-84,-281
314,299,-447
83,523,-708
49,517,-795
-84,494,-558
-314,431,-311
-644,474,-172
-897,438,143
-1012,324,352
-907,331,384
-787,632,262
-912,829,-6
-562,859,-130
-632,1092,-195
-728,854,-458
128,735,-448
-228,1352,-55
-828,1441,-74
-472,1177,150
-410,731,164
204,515,-195
513,750,-354
140,965,-282
-41,1169,-279
-251,1392,-194
-596,1534,24
-547,1563,216
-1371,1321,205
-1008,1337,-58
540,1469,-520
299,1335,-933
246,1305,-839
-541,1324,-646
-1706,1147,-258
-2286,869,-362
-2515,785,-1163
-3083,1231,-1822
-4530,1189,-2230
-5142,1722,-2268
-3719,2107,-1825
-923,1504,-1293
1159,901,-1023
1385,655,-1100
-211,506,-144
-853,439,533
-218,267,455
405,105,446
95,241,260
-589,458,-74
-620,466,239
-198,238,-57
396,635,-216
-255,728,-153
-273,521,-153
120,420,-210
265,364,-94
112,365,-106
-39,401,-158
-6,314,-134
211,142,25
347,92,-6
484,74,-122
354,21,-136
273,-10,-5
387,42,-11
335,92,-51
240,89,-9
282,-14,-26
574,-94,-48
440,51,-51
117,163,-36
626,49,-124
1254,-168,-34
677,-130,-51
296,-111,47
528,-176,120
736,-183,207
219,-36,-91
-790,70,-218
-296,-73,251
128,-365,414
-179,-262,405
-152,-191,644
113,-398,608
150,-411,473
-44,-339,307
-321,-262,216
-799,-172,35
-699,-169,199
-565,-152,149
-654,-149,126
-660,-198,27
-548,-230,-44
-679,-256,34
-894,-158,-16
-1117,-6,-131
-1519,228,51
-1099,316,126
-753,280,-91
-544,205,-94
-211,187,173
106,225,227
394,619,-50
-263,892,-317
-123,617,-600
596,333,-911
-240,659,-595
-1386,1657,-503
-2215,2090,-628
-1176,2066,-803
-213,1707,-743
671,781,-575
2164,218,-443
2397,-393,-197
414,-301,140
-1159,-48,407
-1260,-63,567
-686,-256,353
-169,-332,310
-248,-212,197
-1056,-297,513
-234,-397,350
333,-240,53
-1163,-237,36
-484,-162,481
448,-285,319
-114,-335,53
-469,-170,64
-191,-221,38
-89,-124,-6
-27,34,37
38,-168,-7
426,23,67
226,106,-128
253,128,-171
290,151,-166
379,164,-201
338,142,-289
293,191,-239
269,177,-216
350,67,-266
561,-58,-197
651,-136,-153
457,-107,-89
442,-107,-96
714,-140,-174
961,-280,-187
1227,-411,-57
1439,-136,-122
581,419,-252
-257,166,-391
1206,-168,-414
585,167,-26
2601,-404,24
-284,149,30
-14,431,-166
752,28,126
730,-204,183
56,169,179
-227,247,212
109,-48,347
245,-344,583
188,-408,709
271,-570,785
425,-593,764
521,-532,794
723,-580,678
1130,-812,365
1374,-981,104
1311,-1149,-83
1144,-1244,-235
817,-1218,-488
539,-1116,-712
340,-982,-710
178,-877,-712
97,-943,-773
60,-1030,-817
29,-1046,-681
-74,-1066,-578
109,-1150,-517
490,-1049,-551
635,-846,-590
613,-559,-603
618,-380,-593
571,-187,-518
603,13,-438
706,115,-347
599,230,-288
383,283,-224
206,281,-82
94,279,-10
66,143,92
171,-114,76
236,-259,24
170,-278,76
59,-311,63
-58,-337,32
-65,-343,33
-70,-338,-16
-33,-335,-54
28,-306,6
116,-192,58
141,-99,182
97,142,281
52,390,431
117,436,468
151,477,468
190,477,395
253,508,314
261,505,157
89,525,32
-68,541,54
37,518,204
28,481,294
-193,372,313
-399,117,217
-420,30,117
-314,-160,47
-226,-353,-111
-250,-398,-252
-334,-343,-247
-410,-244,-246
-347,-226,-407
-408,-75,-583
-534,91,-559
-602,157,-473
-446,94,-562
-108,55,-783
43,56,-871
19,81,-760
157,102,-667
385,227,-467
366,327,-300
176,352,-313
12,489,-279
-104,519,-151
-112,414,12
5,330,17
77,241,-20
45,244,-50
36,225,-201
66,197,-295
93,223,-439
79,195,-530
62,171,-468
71,93,-520
127,9,-475
201,-58,-500
279,-91,-433
289,-67,-361
235,-77,-304
160,-58,-308
138,-73,-271
122,-99,-240
177,-87,-190
151,-58,-154
146,-23,-160
163,-23,-188
96,-48,-197
87,-109,-105
155,-144,-37
245,-207,-24
296,-243,-16
268,-239,53
242,-200,66
127,-143,133
-50,-142,359
21,-196,481
184,-308,360
391,-358,268
372,-380,190
106,-319,-10
-20,-159,-206
-219,-82,-156
-352,-33,3
-169,41,27
-38,62,1
-34,120,9
-335,143,69
-267,110,187
-1,-81,177
167,-256,55
262,-417,-86
131,-365,-274
47,-185,-206
-202,-15,-33
-426,57,137
-314,-131,141
29,-314,143
371,-369,200
518,-312,148
459,-215,137
423,-100,139
325,-88,39
126,61,82
3,99,171
-58,44,348
-45,-37,504
-19,-155,692
111,-333,883
452,-531,1014
691,-663,1077
766,-790,1159
722,-846,1129
641,-951,1139
552,-1121,1139
594,-1277,1033
733,-1442,726
1094,-1484,332
1377,-1370,-19
1318,-1243,-254
1192,-1142,-492
1178,-1052,-701
1113,-987,-1043
1105,-1002,-1486
1242,-1082,-1870
1378,-1046,-2032
1540,-1079,-2055
1626,-1186,-1869
1740,-1401,-1691
1722,-1564,-1546
1640,-1510,-1404
1524,-1410,-1302
1415,-1118,-1220
1189,-841,-1151
530,-631,-964
-288,-516,-799
-602,-649,-560
-111,-241,-219
-207,456,16
-1103,408,213
-753,357,282
117,287,329
462,7,396
584,-238,595
916,-237,756
796,-127,822
477,-85,749
562,-232,548
1095,-252,265
1204,-440,-59
1211,-712,250
1070,-1226,1246
1491,-1704,1577
2797,-2322,1684
4156,-2537,2029
4225,-2621,2145
3143,-2322,2082
917,-2066,1777
-627,-1620,1318
-786,-1199,877
-299,-1051,236
276,-940,-394
205,-790,-1007
-305,-542,-1603
-965,-219,-2099
-1762,56,-2553
-2371,385,-3162
-2690,947,-3696
-2601,1468,-3538
-1259,1748,-3699
753,1820,-4483
1653,1295,-4635
1024,371,-3448
608,-221,-1669
1269,-449,-302
1600,-527,208
2051,-636,258
2302,-665,228
1937,-591,383
1151,-436,557
223,-187,769
-606,105,550
-1116,284,446
-1257,337,498
-1057,292,570
-803,238,472
-635,82,466
-381,-104,497
-63,-201,496
333,-344,530
834,-249,234
877,-164,-210
85,37,-78
-775,230,598
-1653,541,1071
-2014,663,1224
-1744,465,1367
-1353,339,1650
-1033,336,1878
-905,427,1962
-868,535,1913
-889,591,1781
-978,707,1503
-941,753,1136
-858,680,957
-753,503,677
-692,565,356
-487,607,116
-365,843,-384
-777,915,-782
-1139,937,-325
-1244,1126,539
-1410,1173,944
-1139,844,879
-371,405,718
91,174,474
399,42,421
289,100,387
-187,325,347
-592,510,274
-908,589,138
-1069,539,-23
-1077,446,-67
-929,318,-5
-648,168,-89
-347,-50,-13
148,-244,-11
552,-286,-7
753,-204,-65
644,29,-13
54,366,467
-895,821,705
-1611,1068,857
-1742,1185,1226
-1641,1285,1609
-1503,1199,1842
-1182,965,1792
-820,704,1748
-701,491,1697
-662,377,1506
-548,250,1346
-195,89,1021
-112,41,668
-309,129,275
-461,272,-146
-428,369,-473
-548,346,-274
-918,316,461
-1192,270,918
-966,-81,913
-13,-514,785
973,-803,492
1473,-812,322
1386,-720,286
875,-492,331
252,-318,247
-103,-208,127
-137,-86,-62
-95,89,-202
-194,287,-310
-338,384,-227
-438,417,-92
-314,345,-79
-365,27,-16
-101,-113,232
489,-183,116
281,-148,351
-482,-141,909
-918,-6,1221
-975,-29,1326
-935,-105,1266
-716,-203,1351
-241,-112,1578
85,39,1615
-551,-243,1671
-608,-702,1335
-58,-953,1121
-37,-1229,899
374,-1242,277
1617,-754,-104
2242,-743,-151
1606,-248,-517
884,780,-615
-658,1230,-225
-3827,-328,-1190
-3818,709,-663
-3437,-448,-559
-4148,619,727
-4300,860,433
-2595,1729,1369
-3264,787,1119
-3585,840,1967
-2158,394,1810
1654,48,338
3267,-534,-895
413,-642,-1167
-1438,-1051,-1222
1319,-1704,-1090
2844,-2107,-839
2052,-1691,-370
347,-744,-131
-201,-414,169
538,-499,296
399,-300,410
455,-404,371
680,-377,267
542,-324,224
459,-339,196
537,-360,121
654,-443,47
632,-446,-21
623,-542,-189
605,-610,-341
536,-452,-415
432,-380,-519
408,-373,-748
266,-371,-892
94,-325,-931
-361,-306,-1074
-723,-469,-1210
-528,-544,-1355
-208,-616,-1286
-467,-501,-1092
-690,-868,-981
-573,-804,-946
-503,-679,-943
-389,-754,-1046
-92,-666,-970
68,-470,-888
124,-1019,-1420
333,-574,-1229
337,-176,-1131
598,-484,-1120
815,-543,-910
904,-472,-771
1096,-397,-501
905,-260,-155
541,-103,102
356,-189,82
342,-234,-7
48,-453,-142
19,-996,-507
323,-1310,-806
-504,-1462,-1167
-1525,-1211,-1529
-1871,-1386,-1778
-1674,-1809,-1708
-465,-1895,-1296
-89,-1903,-1200
-537,-1439,-1014
-718,-1233,-971
-548,-1293,-815
-401,-1178,-743
-260,-946,-646
34,-990,-589
361,-949,-351
547,-935,-207
889,-986,-219
1013,-757,-209
526,-676,-402
83,-788,-427
73,-532,-517
-119,-251,-571
-249,-123,-550
-333,-17,-471
-533,-72,-522
-199,-157,-443
128,-192,-402
35,-73,-438
52,-113,-435
263,-104,-355
96,-169,-375
136,-93,-376
134,-60,-190
42,-19,-152
-188,52,-164
-224,36,-117
-144,-55,-100
-166,36,-84
-364,137,-36
-354,74,30
-81,-62,29
61,-95,-42
61,-291,-53
451,-532,-45
791,-385,57
495,-190,30
138,72,-48
-180,256,62
-284,377,129
-181,434,195
-219,456,207
-342,548,350
-200,456,693
712,243,1028
1367,235,963
934,449,707
-40,516,432
-684,516,181
-1140,247,-275
-1444,74,-590
-1281,-26,-957
-306,87,-402
875,276,192
589,427,303
-460,363,279
-710,239,467
-197,-107,544
308,-453,442
453,-374,342
562,-283,67
685,-290,-224
682,-48,-351
348,423,-292
-169,704,-551
-259,1193,-798
-595,1277,-922
-590,782,-1596
-451,588,-2203
260,818,-2843
860,868,-3365
902,886,-3721
707,1200,-4132
833,1510,-4832
850,1337,-5051
514,782,-4272
962,202,-3394
2116,-129,-2443
2660,-305,-1731
2599,-566,-1266
2443,-1050,-1042
2899,-1696,-1022
4254,-2473,-1253
5257,-2525,-1220
4535,-2123,-758
2844,-1456,-117
1365,-1055,311
709,-676,443
391,-317,364
4,64,53
-381,432,-337
-637,712,-638
-829,979,-851
-1067,1227,-849
-1208,1352,-651
-1234,1332,-286
-1042,1082,82
-567,892,301
-530,990,382
216,505,-157
-1432,55,-161
-1582,-56,-463
259,-414,-469
39,-986,-171
-314,-1030,694
88,-1121,1447
465,-1251,1907
661,-1155,2134
908,-1072,1922
1147,-1011,1560
1305,-962,1275
1230,-806,939
738,-591,521
30,-221,-11
-304,222,-536
-475,723,-1022
-730,981,-1520
-889,870,-1767
-633,697,-1817
122,424,-1578
638,99,-1276
705,-26,-1090
576,-11,-935
584,51,-868
343,0,-819
-386,94,-136
-865,159,829
-1167,243,1398
-1716,612,1613
-1881,712,1547
-1772,502,1640
-1526,266,1664
-1162,84,1559
-778,44,1568
-526,91,1575
-505,288,1581
-627,397,1455
-906,366,1283
-1062,414,1086
-907,346,666
-421,131,146
303,28,-559
424,228,-1303
-109,568,-1850
-635,637,-1826
-756,331,-1079
-509,-53,-294
34,-320,69
728,-365,100
1426,-419,-80
1720,-519,-145
1499,-517,-140
878,-350,-207
351,-219,-344
-97,-34,-507
-545,185,-513
-536,191,-483
-295,125,-486
-144,76,-571
-85,51,-626
314,-68,-624
837,-224,-711
637,-173,-853
116,23,-562
-392,158,101
-1385,364,879
-2313,571,1482
-2320,529,2022
-1876,481,2328
-1336,313,2614
-830,219,2713
-539,209,2683
-488,330,2547
-627,439,2255
-880,502,1969
-1156,571,1827
-1348,578,1620
-1447,640,1465
-1334,869,1311
-1251,1205,865
-1278,1429,759
-1670,1714,692
-2189,1752,1272
-2260,1309,2064
-1885,702,1974
-1012,-185,1902
-315,-846,1749
187,-936,1615
385,-874,1883
356,-826,2009
-99,-682,2238
-545,-564,2397
-536,-565,2433
-1256,-401,2487
-1226,-468,2691
-545,-722,2684
182,-773,2496
390,-835,2276
101,-803,1842
-269,-392,1177
-282,120,493
111,494,203
179,1326,640
19,2082,1103
-137,2086,1588
-534,900,1319
1671,-93,759
1645,661,669
111,1160,853
86,1344,1405
526,911,1498
573,489,1384
510,287,1062
268,101,463
-102,27,-435
-747,271,-875
-724,597,-529
-341,756,94
-656,922,501
-724,694,566
-515,265,582
269,40,553
294,-43,582
110,-157,661
262,10,689
-106,102,449
-43,-60,265
6,-177,89
-189,-152,60
-274,-147,238
-169,66,473
-58,92,398
-16,7,85
-288,-9,-139
-81,38,-220
-87,159,-216
-321,108,-389
-363,-77,-459
-214,-228,-467
-170,-303,-524
-31,-491,-618
22,-712,-626
-245,-683,-581
-390,-463,-501
-476,-290,-618
-460,-62,-720
-481,210,-644
-570,324,-710
-540,501,-632
-432,509,-701
-438,547,-589
-570,552,-576
-861,540,-315
-685,550,-377
-347,421,-259
-315,228,3
-182,240,-82
-416,287,64
-614,217,217
-159,186,224
-81,303,254
-139,663,72
-448,583,168
335,339,144
248,112,30
-154,-12,232
51,-32,172
54,-90,824
437,-20,754
200,224,752
-75,129,671
22,-23,335
-121,7,55
-529,-46,-111
-33,-396,-171
1032,-311,-333
-357,-214,-371
-430,-391,-232
496,-152,-229
824,593,-394
497,425,-518
1275,198,-795
1773,-104,-1190
2351,-118,-1229
2165,-897,-815
3323,-930,-999
3876,-915,-583
3901,-458,-383
3256,-258,118
2703,-1564,112
674,-491,133
110,531,454
-335,939,249
-539,565,66
-186,573,-261
-626,815,-604
-914,1271,-865
-440,1933,-1410
95,2521,-2216
-80,2450,-2783
-1609,2467,-1847
191,3347,-1121
112,4107,-1842
-3991,4324,-1884
-8122,4738,-206
-8891,4696,1824
-7515,4549,3323
-6433,4099,4263
-5297,3305,4072
-3823,2308,3284
-2299,1318,2465
-1111,545,1718
-590,279,1163
-553,392,906
-868,574,894
-1125,661,952
-1139,798,962
-1028,1073,859
-1021,1280,735
-1333,1271,721
-1708,1192,899
-1789,1044,1191
-1894,769,1320
-1836,227,1699
-1161,-302,1990
-117,-580,2058
695,-851,2302
974,-1000,2710
611,-1160,3145
119,-1238,3618
-602,-1295,3915
-1229,-1262,4104
-1166,-1007,4059
-178,-1042,3758
583,-1164,3733
742,-981,3612
601,-946,3198
651,-963,2686
571,-824,2307
321,-781,1737
-78,-705,1098
-54,-599,587
24,-356,413
-27,-304,491
-51,-530,630
-247,-732,721
-276,-830,629
-317,-682,614
-308,-396,814
-277,-288,948
-30,-61,967
390,233,821
757,422,716
872,467,946
422,566,1157
332,494,821
179,243,331
152,208,-168
198,235,-418
80,290,-496
126,329,-550
97,324,-482
-79,236,-575
-211,319,-944
-56,647,-1576
366,930,-2601
896,1194,-3924
1131,1551,-5109
646,1738,-5823
-237,2209,-6150
-2292,2708,-5559
-4768,2445,-4711
-5619,2899,-3779
-4257,3566,-2415
-618,3627,-1850
1683,3337,-2112
1825,3102,-2841
2110,2746,-3170
1976,1856,-2902
932,961,-1811
907,698,-664
1064,882,11
160,895,286
-266,989,512
-236,995,709
-399,944,724
-871,915,595
-1275,738,544
-1124,445,578
-1057,313,427
-1398,82,282
-956,-339,323
-1201,-584,648
-749,-467,1047
-459,-363,1126
-803,-299,1246
-1090,-274,1246
-908,-324,1171
-426,-352,1139
-19,-365,1012
235,-256,693
301,-215,318
414,-154,4
523,-84,-160
617,-8,-127
563,156,-214
333,310,-419
150,564,-741
-212,792,-1193
-436,748,-1427
682,400,-1361
1075,-39,-779
-899,150,10
-1583,158,577
-950,-106,724
-7,-570,826
868,-834,661
1476,-984,456
1714,-924,427
1648,-760,309
1216,-455,185
555,-87,-14
65,178,-205
-65,335,-344
115,418,-512
372,388,-659
662,136,-667
798,-54,-604
751,-290,-364
1087,-413,-132
1314,-399,-274
1106,-481,-397
651,-413,-371
-320,17,173
-1450,601,551
-2452,962,537
-2704,998,298
-2428,767,250
-1538,220,508
-361,-177,734
357,-351,772
861,-403,661
1058,-336,500
1064,-280,256
836,-180,-8
477,-103,-279
384,-66,-482
387,58,-758
462,200,-1065
694,184,-1290
1973,-526,-1448
1084,-791,-1441
-34,-433,-1021
-766,-419,-266
-280,-810,369
697,-1205,749
1635,-1511,743
2308,-1711,721
2446,-1539,681
2107,-1349,539
1494,-1187,420
1159,-1244,178
1064,-1283,-252
1074,-1231,-699
1368,-1174,-1126
1509,-1161,-1465
1586,-1556,-1718
2131,-1784,-1844
2621,-1724,-1757
2655,-1670,-1451
2230,-1552,-1159
1742,-1470,-858
1542,-1266,-836
1328,-945,-943
990,-559,-714
284,-121,-92
-173,81,342
-454,299,401
-798,423,462
-989,443,533
-786,252,640
-391,86,696
-19,-157,552
445,-372,218
771,-515,-91
782,-582,-258
609,-625,-419
562,-712,-609
775,-807,-723
970,-811,-901
946,-723,-1118
815,-577,-1367
532,-333,-1508
58,-148,-1524
-245,3,-1486
-86,2,-923
227,-245,-65
276,-401,492
277,-357,682
492,-426,671
886,-427,727
880,-392,770
614,-396,815
449,-367,845
491,-284,738
491,-139,614
356,-15,481
153,10,324
93,43,322
135,-7,305
199,-88,242
308,-101,184
351,-109,94
304,-175,-5
488,-196,-50
570,-173,-293
488,-66,-553
341,-13,-669
72,81,-593
10,50,-335
89,45,-86
-253,53,-157
-557,83,-353
-619,-36,-328
-294,-240,-227
216,-292,10
405,-258,-18
347,-191,-138
199,-132,-257
45,-191,-485
73,-212,-592
186,-276,-788
397,-315,-820
534,-351,-901
582,-337,-1055
494,-376,-1197
541,-406,-1328
623,-393,-1220
639,-277,-761
478,-124,-614
359,-199,-505
745,-308,-207
715,-175,3
211,24,146
48,25,275
23,92,325
-170,160,293
-405,229,442
-501,258,552
-470,186,630
-330,116,619
-193,79,490
-150,59,346
-196,74,146
-231,202,27
-215,211,-8
-194,258,-119
-233,292,-185
-269,342,-211
-273,367,-219
-281,409,-296
-188,334,-335
-20,212,-317
171,142,-253
300,119,-355
261,90,-494
150,-27,-424
123,-145,121
385,-174,694
313,-72,881
9,129,779
-665,131,471
-1195,-78,367
-929,-304,453
-247,-393,653
10,-272,758
207,-288,749
312,-246,603
371,-158,538
158,-118,402
-93,-33,236
-132,32,111
-64,40,32
32,50,-60
111,48,-224
115,140,-384
-114,252,-630
-354,339,-930
-311,324,-903
-217,348,-827
-256,218,-525
-150,-148,-10
143,-476,307
486,-726,416
1037,-914,355
1383,-899,247
1335,-831,183
1098,-724,239
774,-655,213
558,-582,132
540,-367,-62
550,-189,-257
436,52,-307
185,271,-346
-156,376,-345
-366,323,-447
-151,205,-556
209,203,-770
129,342,-707
-297,231,-162
-769,207,353
-1204,309,554
-1304,225,702
-1281,17,918
-1027,-141,1151
-715,-110,1340
-576,-193,1489
-528,-200,1561
-737,-122,1717
-1145,-38,1741
-1316,-63,1775
-1081,-58,1865
-1002,32,1861
-1049,294,1641
-1006,756,1308
-950,916,1752
-1026,1132,2259
-1595,1246,2098
-1401,1131,2020
-1262,1051,1923
-1365,1060,1835
-1484,1031,1770
-1587,940,1679
-1488,790,1617
-1419,637,1321
-1356,460,1092
-1202,353,653
-784,321,-52
-47,421,-502
201,194,-527
-156,33,-476
319,346,-577
657,818,-481
-1283,1259,231
-1005,39,125
1731,104,-802
755,-108,-534
-550,-99,-144
898,-451,-663
2604,-1497,-531
4222,-2513,427
6040,-1612,1710
1986,-285,3784
-1748,760,4838
-1349,1158,5036
42,1573,5097
509,2266,4755
749,2812,4222
768,3126,3576
966,3336,2956
1686,3599,2324
2312,3883,1784
2743,3861,1305
3235,3990,509
3103,4518,164
2189,4938,-58
1561,5136,-397
1114,5134,-105
917,4830,199
529,4314,316
-529,3842,424
-1411,3231,713
-1537,2063,767
-117,1204,450
633,688,88
876,890,-92
506,1272,-148
-417,1284,26
-796,1374,149
-418,1225,217
375,965,318
226,683,9
508,507,-417
392,76,-833
-369,-630,-616
-874,-641,7
-447,-420,-335
175,-332,-663
143,-213,-694
-218,-271,-352
136,-297,-58
81,-415,62
95,-744,217
428,-985,126
755,-1069,-23
1035,-1084,-168
1323,-965,-282
1565,-826,-350
1621,-650,-658
1406,-433,-800
458,-206,-831
-159,111,-361
-846,317,108
-1753,-70,386
-1807,-727,437
-974,-1202,38
-41,-1245,-359
166,-1062,-508
-71,-716,-508
-123,-465,-358
-28,-148,-289
-581,65,-194
-1233,51,-228
-1138,150,-286
-894,498,-367
-828,854,-367
-748,1211,-226
-782,1461,40
-845,1862,293
-1359,2306,875
-2091,2469,1329
-2824,2483,1546
-3314,2121,1864
-3035,1714,1891
-2405,1302,2044
-1735,899,1893
-1387,633,1534
-886,533,964
-553,523,642
-1207,446,1096
-1366,577,1577
-1139,812,1849
-1196,1242,2128
-1454,1650,2068
-1322,1780,1700
-1096,1822,1363
-620,1798,764
137,1741,-56
512,1536,-650
322,1329,-1101
736,826,-1285
1189,370,-1363
-342,81,-610
-61,-600,-1281
1134,-1293,-1395
1793,-1558,-1426
1595,-1441,-2022
726,-1459,-2136
449,-1545,-1885
1184,-1950,-1671
1966,-2268,-1267
2794,-2065,-733
968,-696,860
-1841,680,1964
-2752,1450,2320
-983,1413,1873
967,1389,1516
1194,2268,1069
1039,3235,609
-1282,3765,1547
-2471,4203,2046
-1172,3874,2351
-764,3380,2302
-1170,2592,1555
-1138,1362,673
127,-87,-178
999,-914,-748
418,-1277,-1061
516,-1663,-1142
423,-1900,-1170
328,-1646,-1099
1344,-1585,-1222
2101,-1086,-679
1121,542,329
-1460,1449,143
-3598,1844,-75
-3076,397,-1202
433,-1023,-1779
2419,-2586,-2144
3100,-3011,-751
2959,-1271,885
1016,384,832
-1784,1293,995
-2181,1806,945
-2276,1139,383
-1611,80,-606
10,-619,-1294
732,-1288,-1358
1095,-1655,-1206
1807,-1732,-534
3011,-1168,-19
3117,74,310
-469,1145,702
-2437,2334,1117
-2046,3117,1060
-1828,3303,753
-1454,3044,426
-824,2172,457
228,977,631
445,494,890
-719,456,1142
-1511,547,1213
-1302,655,1221
142,246,1156
1665,-791,707
2907,-1617,400
3809,-2333,287
3780,-2176,456
1956,-1605,374
-285,-724,330
-1694,-140,63
-1949,78,41
-1432,-65,-4
-1134,-180,351
-479,98,711
-550,631,478
-1230,753,301
-1069,946,349
-1411,1063,620
-1199,520,1193
142,-338,1231
1636,-1103,889
2282,-1786,544
1425,-2024,427
331,-2111,121
71,-2109,-247
-64,-1965,-934
-890,-1604,-1430
-1237,-1090,-1472
-527,-667,-1033
-110,85,-1021
-1214,524,-736
-542,623,-524
995,661,-387
567,1063,-76
-938,1388,281
-586,1300,484
124,1296,674
330,1332,895
242,1417,926
-191,1789,837
-528,1994,890
-1309,1822,1119
-1828,1585,1608
-1346,1355,2044
340,1206,1750
385,1133,1354
490,815,1407
1659,152,1466
2494,-618,1218
2605,-547,332
-1140,-1030,-411
-1854,-1358,-1043
-577,-1645,-1098
-122,-1450,-1426
1693,-481,-1155
-1386,363,940
82,606,1376
-73,1303,486
-2033,1528,469
99,31,687
2995,-737,103
3969,-97,-543
1288,255,-602
-289,-574,-1103
1050,-1422,-1412
1194,-2493,-1654
-261,-3307,-1755
-968,-3300,-1518
-1194,-2872,-1181
-929,-2625,-955
-687,-2121,-449
-1259,-1541,251
-888,-1051,214
402,-438,-56
11,116,0
-671,711,462
-1030,514,476
-692,609,426
-751,1058,417
-1113,1530,477
-1587,1861,794
-1634,1420,686
-663,784,554
338,341,254
227,65,13
-191,-139,-143
348,-168,-447
353,19,-494
46,455,-496
96,840,-412
-171,1393,4
-578,1690,163
-142,1731,149
323,1786,-52
178,2033,77
-88,2079,321
123,1841,547
664,1375,830
1614,327,630
2287,-515,584
329,-866,808
-948,-1427,750
-113,-1763,793
297,-1779,787
-877,-1323,1006
-1562,-1028,888
-474,-860,692
-56,-593,780
-711,3,729
-580,560,640
-203,1067,-210
-1027,1335,-932
-1495,1303,-1065
-832,1194,-942
-376,729,-484
344,-10,339
521,-336,822
409,-567,910
1094,-798,656
627,-799,442
-501,-1071,-5
-1206,-1544,-512
-1193,-1405,-811
-1385,-650,-1169
-1502,-15,-1220
-1212,354,-981
-946,461,-724
-541,455,-559
-83,365,-470
120,422,-301
-387,343,-82
-189,279,-100
121,118,-113
18,13,-170
-53,-21,-26
-179,309,99
-500,621,148
-1188,800,170
-1005,754,154
-724,360,432
-323,-28,622
226,-167,583
738,-334,233
675,-815,386
1212,-1441,822
2634,-1644,502
1111,-603,1242
-1132,1110,1416
-1056,2178,1130
103,2460,816
1602,2500,-35
967,2277,-800
288,1847,-1659
808,1262,-2954
-354,540,-2866
-88,173,-1121
1207,-227,317
164,-690,283
275,-1169,232
1983,-1776,609
3784,-2189,697
5447,-2388,329
6962,-1811,-404
5634,-1171,39
2664,-1223,-110
1514,-1385,-171
1200,-1285,-218
704,-963,-272
658,-722,-353
639,-478,-215
368,-412,15
432,-578,306
674,-837,491
943,-1004,685
1146,-1112,841
1236,-1207,896
1167,-1267,962
1017,-1297,891
1089,-1372,753
858,-1413,619
703,-1592,613
610,-1763,370
641,-1836,213
317,-1699,370
347,-1379,339
319,-1066,258
-32,-736,354
-215,-456,338
-190,-150,204
-329,154,157
-787,558,171
-1314,897,188
-1621,1141,271
-1792,1360,461
-1974,1431,660
-2372,1459,771
-2649,1495,898
-2633,1438,876
-2364,1165,867
-2016,997,924
-1375,841,958
-697,641,903
-677,367,939
-891,652,834
-1071,1127,759
-1396,1408,497
-1342,1652,235
-1029,1469,203
-694,1073,166
-163,876,20
184,840,-38
603,1484,319
-276,2730,950
-2374,3466,1405
-2417,3983,1824
-977,4057,1744
-512,3902,1480
-291,3514,1495
1163,2804,1699
1771,2059,1553
1860,1309,1198
1984,819,926
1916,86,464
2208,-405,16
1940,-538,231
1544,-721,265
1201,-903,383
1031,-1185,382
1139,-1419,230
1049,-1532,65
772,-1664,-113
445,-1782,-279
267,-1798,-359
370,-1758,-378
520,-1793,-247
739,-1761,-97
767,-1709,78
650,-1714,192
594,-1992,256
396,-2301,352
293,-2428,404
435,-2435,364
566,-2335,294
530,-2315,327
211,-2161,312
163,-1997,348
263,-1736,394
254,-1353,380
214,-1024,327
65,-634,243
-181,-313,204
-462,172,196
-586,557,101
-423,755,76
-411,939,46
-638,1108,3
-952,1299,65
-1188,1467,14
-1275,1607,-86
-1381,1712,-293
-1379,1753,-450
-1215,1837,-350
-1561,1954,156
-2101,1882,490
-2311,1637,736
-2316,1466,772
-2158,1544,798
-2054,1945,869
-2324,2242,1067
-2621,2464,1335
-2680,2496,1522
-2486,2479,1718
-2301,2331,1790
-2144,2040,1753
-2104,1821,1787
-1856,1594,1663
-1368,1410,1617
-957,1298,1558
-628,1358,1455
-417,1574,1303
-535,1561,1172
-689,1438,1230
-290,1411,1124
57,1422,943
111,1311,838
56,1367,853
3,1202,845
-240,1274,851
-827,1273,551
-1099,1211,302
-1210,1056,283
-1505,1181,305
-1985,1594,349
-2227,1546,459
-1331,1298,453
-1054,1416,433
-1923,1796,217
-2124,1854,-112
-1404,1549,-214
-449,1087,-210
488,770,-356
1122,635,-503
1179,348,-426
1757,193,-343
2403,81,-151
1693,411,109
1007,814,223
1217,952,399
1437,794,503
1400,313,492
1285,-376,612
926,-968,915
22,-1360,1224
-479,-1891,1160
18,-2023,1072
378,-2397,608
66,-2436,192
-200,-1905,-791
188,-189,-1472
-810,933,-644
-1791,1414,945
-839,2063,467
-1635,2376,382
-3010,2203,806
-1606,1972,807
-102,1528,598
418,548,127
893,-712,-227
2453,-1914,-588
2643,-2175,-762
1143,-867,-1025
-204,534,-1053
-1034,2054,-904
-2904,2018,447
204,306,956
3720,-485,409
4316,131,-74
2580,-283,17
1906,-994,55
2306,-1554,9
2665,-1804,35
2192,-1587,70
1143,-1392,280
663,-1330,420
479,-1359,548
246,-1340,589
-34,-1258,555
-275,-1161,577
-249,-980,540
-265,-818,520
-470,-551,466
-616,-247,480
-339,49,537
-141,406,446
-140,834,411
-128,1161,218
-358,1593,147
-445,1918,47
-422,2150,39
-589,2238,65
-750,2262,86
-725,2221,116
-441,2122,105
-785,1932,83
-929,1681,89
-956,1328,112
-767,1126,89
-473,1001,84
-40,785,17
157,555,-68
526,318,-152
718,276,-247
808,337,-323
682,414,-322
335,368,-184
143,275,-47
158,80,110
187,-145,179
568,-441,39
826,-479,-103
498,-277,19
344,-187,272
32,-230,324
234,-354,272
751,-730,136
1247,-1245,105
1410,-1763,418
621,-2060,724
41,-2220,847
-160,-2257,846
-74,-2339,622
435,-2295,473
483,-2113,268
490,-1868,42
516,-1606,-80
504,-1272,-250
619,-1063,-354
680,-890,-195
778,-884,-56
665,-898,-17
-119,-597,367
-893,-56,907
-1086,72,1226
-996,-132,1347
-669,-324,1265
-74,-309,986
416,-278,734
480,-426,626
369,-522,437
335,-498,195
379,-366,-38
449,-252,-267
557,-189,-513
598,-99,-555
376,-19,-521
102,-141,-349
784,-465,-196
1723,-768,-320
1607,-785,-314
549,-380,-162
-682,-30,172
-1107,358,451
-1163,423,445
-471,145,271
193,-28,242
126,-33,279
216,36,207
70,99,179
-81,32,109
-6,-61,-127
215,-169,-265
339,-495,-284
550,-744,-237
701,-981,-276
664,-1174,-282
711,-1420,-362
811,-1418,-273
213,-903,-21
-669,-337,498
-825,-468,585
-526,-835,502
-384,-1132,446
37,-1190,212
394,-1166,83
176,-1208,16
202,-1223,-186
412,-1073,-281
245,-810,-275
52,-634,-396
57,-420,-491
99,-38,-469
41,194,-341
3,-50,-210
423,-483,-228
561,-521,-422
330,-193,-67
13,82,451
-306,100,436
-567,183,467
-469,175,461
-372,221,478
-282,344,503
-260,413,446
-65,399,387
26,386,261
24,447,141
-25,519,-22
88,506,-86
305,306,-138
438,104,-266
65,-6,-370
173,-103,-414
367,-231,-487
-588,156,-92
-1298,467,656
-1572,16,1121
-1621,-541,1258
-1687,-793,1231
-1478,-782,882
-1386,-207,754
-1641,134,788
-1857,268,912
-1685,276,997
-1395,229,1109
-1322,263,1170
-1316,237,1159
-1414,175,1259
-1506,138,1267
-1404,165,1110
-1229,266,864
-1340,613,395
-1712,797,189
-1426,1033,-188
-832,1261,-813
-522,1426,-872
-703,1510,-605
-492,1394,-411
-102,620,398
569,188,1228
1347,336,1626
1007,895,2851
1724,1620,3541
2798,2622,3875
3274,3507,3714
2380,3796,2980
880,3689,2183
659,2730,776
1087,1111,-896
1723,-650,-2197
1591,-2274,-1418
2952,-1675,-1142
2265,-1328,-284
-908,427,759
-1410,789,897
-282,830,-66
-1524,399,-1344
-3373,-473,-2231
-2378,-1731,-1784
2102,-1319,-1434
2460,-841,-191
-36,-643,1156
70,-485,1665
1290,-44,1788
1072,266,1305
-568,185,-520
-2577,194,-1734
-3849,-44,-1645
-1892,-1122,-1365
1500,-1367,-1125
120,-1219,-958
-1431,-970,-517
-48,-982,-279
1230,-1132,-440
1400,-1199,-673
1177,-1128,-934
769,-1037,-1216
619,-999,-1555
784,-936,-1953
866,-885,-2347
600,-738,-2690
148,-788,-2783
-30,-1075,-2504
586,-1382,-2420
1397,-1531,-2561
1822,-1599,-2761
1891,-1470,-2923
1922,-1349,-2834
2029,-1333,-2754
2091,-1327,-2658
1950,-1218,-2413
1642,-1000,-2110
1229,-746,-1900
1012,-414,-1600
984,-162,-1221
902,-88,-940
950,-210,-745
1131,-167,-583
1182,-10,-412
1089,60,-373
797,200,-204
676,124,-37
694,36,108
867,-89,156
1083,-220,149
1179,-319,249
1166,-448,255
1147,-552,165
1131,-693,95
1215,-841,-33
1247,-996,-125
1331,-1030,-91
1488,-1100,-26
1513,-1087,-87
1447,-1015,-206
1304,-1018,-237
1117,-862,-289
819,-633,-249
509,-609,-44
411,-532,367
573,-393,724
767,-220,806
898,-161,751
1017,-146,569
951,-58,353
503,140,75
114,271,-142
174,260,-310
433,114,-363
540,-112,-405
410,-138,-477
315,-247,-550
235,-301,-614
-91,-277,-646
-141,-273,-736
-158,-289,-887
-223,-271,-990
-232,-216,-1063
-245,-299,-1136
-78,-305,-1416
110,-348,-1508
150,-378,-1352
-144,-317,-967
-404,-227,-250
-470,-220,216
-270,-269,706
-36,-198,884
14,45,926
-234,291,866
-495,554,972
-599,638,963
-612,699,964
-659,816,935
-644,860,955
-629,733,1072
