-114,-92,60
-7,-164,7
15,-194,38
32,-186,29
82,-166,3
86,-60,16
34,-25,51
59,-49,108
38,28,150
-12,21,168
4,30,226
236,91,225
428,172,436
310,301,678
-229,671,1020
-513,944,1663
-1530,975,2325
-1776,964,2856
-1022,939,3113
-207,761,2977
547,534,2756
1234,403,2365
1264,58,2057
997,-232,1786
435,-309,1568
-280,-164,1167
-131,-34,698
556,-42,337
594,263,-51
649,503,-193
1147,754,-439
1485,439,-457
1205,-191,-628
1019,-315,-738
1217,-460,-833
1557,-166,-1241
1692,6,-1165
1958,577,-1069
1214,1110,-708
-155,1651,-375
819,1191,-57
1326,491,-26
362,586,255
123,396,61
339,282,13
254,115,319
-52,209,252
-8,8,193
47,-282,203
-25,-441,81
-3,-672,-35
-30,-837,-187
-286,-861,-80
-445,-944,-127
-639,-910,-74
-995,-1046,38
-1296,-1086,90
-1108,-930,150
-571,-795,258
-575,-762,348
-582,-820,389
-257,-661,153
-1143,-46,168
-710,245,137
-358,332,97
-225,175,-57
-233,107,-38
-280,18,38
-304,-164,103
-293,-280,104
-161,-261,184
179,-87,-3
503,183,32
361,486,162
613,797,268
516,885,558
548,710,684
972,812,1001
560,968,1192
-130,487,1087
-315,331,1079
-673,422,1075
-1122,555,324
-400,421,-199
466,339,-239
-713,361,185
-1830,419,174
-1622,570,-171
-1441,690,-824
-1136,878,-1235
-1413,810,-1333
-2352,548,-1270
-2772,470,-1110
-1052,502,-606
430,337,-708
494,165,-969
406,62,-747
230,-123,-429
429,-408,-255
345,-638,56
237,-483,313
127,-354,457
-50,-104,618
-140,-52,774
47,44,642
469,240,327
474,191,-65
802,-210,-311
1443,-603,-215
1982,-894,-172
1923,-821,175
1216,-742,389
192,-229,536
-706,-62,506
-905,-207,308
179,-292,-3
451,-119,-145
-76,104,22
212,229,84
221,50,-38
258,-244,-83
923,-638,-171
964,-776,-133
540,-944,-219
557,-1003,-372
1156,-934,-577
1363,-799,-671
1491,-808,-778
977,-838,-497
475,-692,-335
66,-346,-258
193,-60,-259
441,59,-125
124,38,7
-14,-30,88
-106,51,101
-259,135,96
-497,151,67
-790,-154,2
-1189,-641,-182
-1272,-1050,-500
-1570,-1711,-747
-1831,-2476,-1034
-1446,-2422,-833
-2141,-3269,-1686
-3424,-3254,-1967
-3666,-2784,-2232
-3525,-2437,-2627
-3490,-2132,-2646
-2404,-1576,-2586
-637,-1158,-2456
832,-847,-1959
2070,-592,-1274
2399,-192,-659
1120,-129,-376
217,167,-222
476,479,-167
438,518,-127
-314,470,-185
-213,743,-120
-221,620,-5
-792,80,-43
-868,-344,81
-372,-244,283
-238,-220,309
-295,-159,406
-466,-149,503
-419,-51,692
-196,-110,635
161,-115,648
276,4,628
229,319,287
260,638,-190
219,958,-208
320,1232,-141
762,1324,-206
880,1422,-95
892,1383,31
1102,1444,201
1010,1602,214
1255,1905,-41
1243,2072,-183
1011,2320,-168
916,2686,-298
812,2836,-357
788,2820,-284
930,2732,-487
1259,2201,-493
1059,1830,-535
457,1443,-343
1217,1145,-163
1145,911,74
105,863,91
-347,687,279
-532,322,301
-947,87,165
-1275,-38,85
-1129,-42,24
-652,24,19
-90,90,-126
223,276,-150
164,462,-80
75,367,-108
-67,162,-11
-302,54,49
-462,68,28
-340,197,-74
-140,287,-82
-245,438,-59
-319,534,-78
-274,437,-51
-121,405,-18
-259,325,110
-264,338,187
-196,437,264
-225,682,353
-123,872,425
4,1014,439
-117,1044,517
-209,966,504
-203,1066,575
-164,992,641
-370,1045,693
-449,1128,672
-373,1350,665
-382,1565,583
-305,1616,405
-375,1618,374
-518,1590,224
-575,1715,-4
-312,1902,-300
-303,1982,-581
-653,2164,-718
-978,2570,-334
-1305,2781,104
-1394,2507,523
-1339,2303,860
-1538,2118,1164
-1529,2035,1425
-1305,1886,1431
-1197,1671,1506
-1228,1482,1432
-1226,1416,1370
-1047,1449,1324
-726,1373,1160
-545,1433,1096
-351,1507,1073
-129,1574,1046
-245,1538,1020
-419,1363,971
-350,1271,893
-168,1181,767
-210,1156,664
-273,1004,652
-393,929,629
-680,1008,754
-757,1008,736
-588,911,693
-638,1155,518
-1132,1388,527
-1220,1595,540
-1119,1599,367
-1083,1554,286
-1006,1521,177
-715,1418,30
-555,1325,-27
-619,1185,45
-850,987,139
-949,780,206
-1012,524,373
-870,256,390
-579,-44,185
-509,-128,144
-313,-99,-55
128,0,-323
500,74,-427
521,122,-409
183,180,-437
29,277,-357
372,316,-330
379,344,-444
387,273,-466
329,301,-311
-212,323,-215
-311,404,-158
-459,468,-87
-460,389,-274
-406,376,-126
-723,463,23
-798,582,322
-537,441,390
278,188,719
856,139,667
679,-86,528
846,-257,576
765,-214,438
529,73,457
282,646,526
-16,1119,350
-415,1304,422
-258,1294,755
584,1011,862
1087,723,895
747,642,731
196,785,1048
1100,407,727
1128,-35,538
664,114,341
230,498,385
-60,638,180
-113,760,239
-98,630,368
-294,568,542
-114,877,904
-87,728,978
397,671,1118
859,467,1174
1099,258,1092
199,70,844
-971,6,521
-1064,-133,483
-724,-127,385
-462,290,369
-920,156,88
-548,480,-424
-802,1127,-248
-1136,1086,-136
-766,1344,504
-837,1074,671
-712,657,540
-949,474,392
-535,207,325
542,158,148
841,124,75
471,180,-131
619,82,-371
1167,76,-467
971,171,-397
232,181,-54
-337,104,259
-224,-19,306
343,-26,54
729,-38,-156
467,-173,-137
112,-127,72
-142,72,312
-344,14,500
-73,-110,540
445,-208,284
797,-308,-391
1021,-305,-1019
1144,-265,-1773
1021,-405,-2393
636,-655,-2703
761,-766,-2821
1292,-1123,-2655
1694,-1539,-2461
1609,-1618,-2150
1047,-1228,-1617
318,-1174,-1217
89,-1027,-874
-451,-881,-665
-381,-588,-572
273,-607,-500
674,-615,-210
574,-411,23
459,-314,305
394,-152,575
376,-141,753
254,-149,843
-38,-75,811
-226,-171,696
41,-221,746
-104,-175,757
-45,-239,625
-494,-189,483
-196,-246,528
52,-231,466
-518,-165,273
169,-289,156
-318,-59,39
-567,-3,53
-224,25,-9
-191,-33,44
238,-191,43
446,-409,104
1022,-790,501
230,-465,440
-936,-275,444
266,-210,375
-625,50,206
-952,97,14
-693,295,-83
-444,428,-227
751,448,-40
810,378,210
904,478,517
1108,695,813
1007,895,955
731,730,1005
374,591,1082
369,452,1139
492,147,1289
775,-3,1369
907,21,1634
1369,436,1394
1272,925,1106
1051,1172,671
929,1068,340
793,341,131
626,-949,-40
368,-1230,-85
429,-1091,-51
343,-1053,-70
184,-940,65
-26,-770,141
-86,-571,224
-116,-219,281
-290,276,537
-224,731,791
-35,1225,963
-146,1465,1236
-200,1530,1228
-153,1783,977
-435,1853,682
-779,1658,277
-910,1458,-273
-1204,1107,-748
-1821,840,-1118
-2571,641,-1226
-2152,336,-1147
-600,46,-603
481,-81,19
570,-124,162
-302,-127,192
79,-201,161
553,-240,-39
-244,-35,-100
-167,69,-86
1276,-207,-3
1215,-290,-88
-124,-265,-175
-235,-203,-43
375,-276,28
392,-331,213
171,-204,213
-146,-94,-51
-631,168,-3
-724,260,269
-962,-220,211
3,-320,179
443,-336,139
197,86,783
456,229,790
1093,471,293
1512,672,-444
1717,147,-1413
2237,-587,-2460
2858,-427,-2604
1830,-43,-1740
-752,439,-1319
-2217,839,-1005
-1442,775,-534
1004,253,-470
1427,-219,-179
-183,-203,10
-450,-197,49
785,-362,-22
623,-593,-377
-480,-688,-353
-966,-482,-860
-852,-38,-1190
-659,303,-1133
-389,346,-1079
-39,69,-980
707,-384,-764
1157,-736,-634
694,-1094,-657
164,-1241,-665
4,-1599,-811
39,-1591,-987
-327,-1479,-1072
-782,-1568,-876
-786,-1435,-550
-456,-1229,-505
-372,-1241,-180
-365,-666,483
-1003,-402,429
-961,19,633
-1077,433,959
-1035,540,933
-311,491,1002
-22,341,1183
142,171,1102
160,210,1008
91,178,969
17,92,760
55,-24,608
241,-46,582
174,-177,481
220,-136,366
100,-152,277
252,-305,152
422,-200,149
-50,1,-37
70,232,7
495,397,238
1015,768,210
766,742,63
1199,135,2
2564,-1015,-97
1526,-1675,46
-682,-1529,165
-930,-1396,195
-134,-1199,205
-781,-356,222
-803,93,127
-156,139,29
89,120,204
321,-192,91
213,-319,-115
-576,31,-283
-759,278,-327
-634,448,-537
-1230,475,-812
-804,615,-782
242,405,-366
871,167,-208
580,418,-282
677,94,81
2044,292,303
1144,192,351
1222,123,398
1280,372,520
1053,465,623
947,573,454
812,621,307
986,537,206
660,346,-38
-140,322,-313
-579,338,-409
-379,424,-553
-574,272,-469
-437,158,-359
-327,179,-121
-205,-9,-205
-331,3,-219
-345,126,-218
-584,110,-257
-1084,323,-251
-1051,593,-77
-674,351,-87
-812,63,-130
-1135,57,33
-265,309,80
-472,172,98
-255,48,17
-259,133,-6
20,80,-15
-72,125,-12
-115,198,-36
58,43,30
-91,64,-28
-183,123,4
-278,123,1
-350,141,80
-348,116,73
-419,231,97
-620,474,301
-377,371,209
-464,373,107
-255,337,-66
113,269,-150
155,338,-203
457,311,-137
539,271,-114
438,227,-292
201,207,-328
-68,131,-401
-261,32,-585
-496,119,-638
-749,293,-650
-1014,301,-512
-773,285,-373
-524,322,-213
-478,312,-138
-815,424,-137
-533,299,-151
-292,210,-67
-248,157,-44
-26,31,-93
3,-43,-158
-390,109,-215
-661,225,-191
-297,250,-170
-43,174,-149
-209,125,-221
-304,171,-151
-105,150,-99
-80,119,-2
-214,145,128
103,47,144
64,79,71
118,67,101
218,-79,42
12,-20,-3
-127,85,-144
-126,77,-197
-272,19,-144
-208,-66,-190
-278,-54,-287
-352,-67,-382
-453,61,-86
-183,78,-2
-295,107,3
-447,132,114
18,-30,78
171,-322,231
560,-652,351
825,-713,286
416,-409,295
108,-273,696
-171,-199,1287
-916,-295,1537
-1589,-604,1505
-959,-65,2074
460,-9,2326
1694,-855,2906
2600,-1154,3615
2564,-908,3529
195,160,4202
-2624,-63,3873
-3448,-951,1242
-3467,-343,117
-2727,-444,-552
-2323,139,-386
-1099,487,-245
-440,237,-426
-928,362,-664
-1233,769,-775
-530,831,-947
-412,412,-593
654,-150,-437
590,-567,130
-32,-1049,673
846,-1713,905
1452,-1826,811
1558,-1722,578
1561,-1760,107
1239,-1562,-499
553,-1149,-1311
-72,-797,-1945
-87,-418,-2149
-98,-160,-2061
-275,-43,-1566
-405,-79,-1001
110,-319,-826
719,-142,-564
178,-240,-324
117,-302,-160
792,62,-158
178,299,-151
-51,650,-211
-505,656,221
-1154,574,8
-355,-252,732
425,-363,648
38,6,461
-492,505,366
-192,760,50
196,963,-77
-221,1108,-416
-489,1096,-599
-224,1009,-125
-167,598,-143
2,252,-481
-199,357,-720
398,454,-228
0,360,-165
-626,430,-373
94,981,-523
-1766,1471,-74
-1208,533,-388
961,-579,-284
135,-695,791
-562,-797,518
294,-784,98
-479,37,288
-1075,215,93
-571,-134,-62
190,-584,-401
371,-779,-667
620,-524,-437
415,-433,-161
1112,-492,-165
583,-456,-161
-663,-794,-183
374,-1018,-451
887,-946,-771
608,-814,-975
56,-680,-1056
-88,-602,-1173
77,-405,-1053
115,-122,-947
-151,157,-983
-506,432,-992
-741,342,-1075
-691,166,-1149
-281,-23,-1213
295,-34,-1092
621,-67,-893
529,-113,-716
341,-86,-603
357,-120,-489
510,-252,-421
624,-399,-442
709,-588,-573
792,-755,-677
849,-854,-706
907,-857,-747
952,-855,-760
907,-814,-754
834,-725,-776
614,-609,-837
429,-549,-826
344,-606,-775
333,-662,-685
395,-653,-524
539,-647,-250
542,-672,-23
509,-671,200
448,-769,221
396,-935,233
194,-1070,167
140,-1194,29
146,-1245,-70
154,-1144,-217
80,-879,-511
-160,-570,-597
-447,-269,-554
-483,-26,-401
-304,158,-330
-111,276,-251
-185,288,-243
-313,191,-285
-291,39,-263
60,-82,-265
312,-151,-347
273,-216,-335
202,-263,-427
307,-291,-553
366,-371,-708
336,-460,-686
283,-522,-717
326,-655,-666
459,-648,-732
563,-587,-710
576,-466,-386
396,-253,-170
307,-322,-170
388,-464,-122
684,-571,-151
867,-651,-145
779,-613,-189
753,-662,-289
756,-763,-490
895,-805,-809
1052,-837,-1187
1198,-824,-1584
1381,-771,-2030
1568,-661,-2414
1761,-541,-2785
1917,-489,-3016
2040,-506,-3175
2057,-528,-3238
2015,-512,-3173
1819,-488,-2943
1697,-354,-2627
1666,-219,-2255
1542,-142,-1891
1452,-172,-1406
1545,-273,-990
1616,-240,-622
1487,-168,-285
1319,-191,-74
1229,-217,265
1115,-309,595
913,-281,879
862,-291,976
955,-424,1003
1241,-582,810
1639,-687,453
1862,-693,-106
1628,-581,-490
953,-575,-634
357,-549,-528
430,-746,-539
1068,-920,-610
1711,-944,-798
1937,-968,-682
1697,-962,-427
1336,-766,-194
891,-419,125
376,-47,492
-28,148,794
-88,61,1225
-146,-102,1508
-449,-224,1663
-704,-312,1636
-533,-338,1403
-485,-318,1135
-549,-362,870
-437,-383,521
-173,-287,-136
152,-249,-336
-17,-349,250
-344,-497,782
-196,-759,620
322,-1081,452
764,-1345,256
1039,-1423,99
1160,-1443,-36
868,-1330,-122
493,-1170,-239
458,-956,-403
622,-818,-521
565,-651,-569
494,-446,-480
480,-374,-354
562,-392,-177
733,-343,-276
757,-319,-727
216,-334,-607
12,-191,-43
137,-25,172
-8,-63,150
-496,-137,43
-395,-311,-38
78,-576,-212
302,-789,-414
319,-1042,-627
324,-1240,-779
423,-1376,-1051
522,-1426,-1291
460,-1440,-1552
360,-1332,-1788
290,-1362,-2016
301,-1331,-2065
264,-1251,-1945
182,-1222,-2041
399,-1239,-2041
762,-1182,-1898
834,-975,-1642
615,-734,-1463
238,-522,-1196
121,-276,-862
181,-184,-653
123,-145,-480
100,-111,-259
272,-190,-212
298,-236,-248
237,-251,-323
279,-264,-349
332,-151,-357
237,-89,-285
121,-53,-211
127,-69,-151
217,-141,-125
187,-118,-110
138,-179,-34
142,-204,-2
217,-299,27
303,-317,100
323,-282,148
287,-289,77
303,-279,40
436,-309,-24
592,-262,-10
472,-174,-27
327,-106,46
351,-109,188
367,-198,303
348,-289,457
301,-343,564
248,-384,716
217,-438,849
295,-569,1013
311,-673,1225
359,-721,1416
419,-826,1557
356,-860,1612
-1,-844,1659
-400,-853,1504
-327,-1100,1040
-970,-1145,540
-983,-1253,40
-336,-1362,-493
253,-1660,-1017
457,-1819,-1257
445,-1958,-1342
330,-2124,-1327
350,-2246,-1367
350,-2300,-1543
357,-2187,-1678
421,-2133,-1675
467,-2078,-1564
447,-2010,-1495
394,-1952,-1347
282,-1753,-1171
193,-1531,-976
90,-1403,-864
120,-1298,-810
114,-1076,-881
20,-860,-1175
200,-812,-1461
430,-723,-1235
127,-761,-775
-224,-960,-403
-183,-1314,-529
434,-1522,-693
776,-1408,-918
654,-1285,-943
460,-1140,-791
239,-1000,-622
91,-880,-533
70,-739,-625
82,-583,-613
65,-239,-445
28,167,-382
-143,525,-462
-156,818,-731
87,1174,-662
-249,1400,-369
-1213,1731,406
-1848,2066,722
-1813,2129,856
-1733,2146,534
-2137,2100,-212
-2579,1787,-476
-2192,1090,-388
-345,332,52
1228,-248,686
1045,-151,1051
-102,-13,1103
-521,54,911
-209,9,487
78,-246,-13
359,-241,-292
290,-20,-546
83,180,-879
437,260,-1139
201,-346,-1106
221,-544,-315
621,-511,181
719,-203,-194
-159,129,-324
-102,370,-270
-42,420,-357
83,544,-223
302,448,-213
272,336,-392
-96,422,-369
-37,553,-111
-37,691,-56
-208,851,-176
-203,583,-304
437,289,-298
351,406,-280
-109,276,-229
315,-213,-86
537,-166,114
95,-80,68
-174,-352,258
-152,-916,783
-419,-1806,1547
-424,-2666,2425
348,-3273,3221
1937,-3256,3302
3606,-2501,2836
2384,-523,2798
-2045,899,2119
-2266,1037,1165
-2096,1506,594
-2151,1941,400
-1943,2090,535
-1152,1452,360
-438,823,379
530,212,382
322,293,184
-682,367,103
-200,199,-128
1052,-536,-552
1104,-1327,-641
371,-1640,-1027
770,-1680,-1588
1510,-1177,-1751
1098,-598,-1775
209,329,-1744
-71,1084,-1860
219,1768,-1539
-348,1796,-1460
-821,1629,-1825
-461,1612,-1812
615,1093,-1574
1379,616,-1539
1673,14,-1272
1623,-341,-739
1171,-467,-102
298,-469,853
-337,-304,1856
-1623,-331,2415
-2074,-355,2569
-661,-251,2313
1138,-225,1595
1825,-525,891
1520,-808,-152
784,-976,-1167
272,-448,-1610
-454,436,-1991
-953,1447,-1956
-898,2094,-1611
878,1562,-1401
3553,1150,-1036
5065,702,-932
3630,853,83
-668,479,12
-2053,443,-203
-738,-30,107
323,-481,339
623,-654,447
594,-85,485
-309,-251,234
-640,-571,170
-473,-656,259
-385,-607,385
-706,-383,397
-981,-421,205
-652,-586,73
28,-632,42
512,-684,151
391,-638,162
-823,-333,286
-1668,-182,-141
-1417,-369,-258
-161,-525,-238
551,-756,-667
505,-953,-1121
-21,-806,-965
-589,-552,-857
-605,-308,-918
-553,-169,-1129
-853,13,-1590
-1169,180,-1684
-789,-205,-1230
191,-376,-454
-565,-299,757
-1810,-139,1849
-2482,276,2953
-2119,315,3618
-741,-45,4226
960,-508,4595
2284,-387,4759
2162,612,4362
516,1512,4384
-1009,1280,4006
-1712,1274,3330
-1678,1578,2313
-1902,1655,1454
-2139,1383,956
-1689,1204,594
-888,946,620
-429,712,511
-99,662,321
50,592,59
276,555,-32
231,538,33
182,455,2
851,394,30
393,494,293
-41,317,374
843,-225,220
1953,-719,52
2299,-1154,34
1988,-1556,-6
1888,-1548,-138
1988,-1000,-231
1784,-780,-371
1420,-424,-568
1050,110,-937
805,187,-1123
628,405,-1135
1008,619,-1311
888,616,-1410
-53,292,-1653
-825,-102,-1454
-942,106,-692
-1525,276,418
-2430,173,861
-2009,179,913
-209,132,797
1316,-116,649
2356,-661,269
3010,-915,-79
2283,-547,-229
488,-189,-256
-479,-91,-408
-328,-563,-395
379,-1082,-421
760,-1078,-401
605,-1310,-226
334,-1493,-165
-27,-1562,-120
387,-1276,-145
366,-1186,-140
695,-1217,-196
769,-1251,-203
634,-1452,-103
489,-1648,-3
238,-1487,137
-108,-1412,89
-234,-1482,-38
-106,-1412,-227
-151,-1190,-346
-180,-1069,-475
4,-1016,-542
118,-1041,-603
179,-1143,-634
305,-1252,-702
399,-1372,-621
431,-1471,-524
399,-1531,-362
406,-1598,-307
348,-1516,-189
351,-1460,-166
377,-1554,-164
260,-1711,-1
248,-1769,151
213,-1960,236
143,-2037,406
47,-1928,448
-193,-1725,379
-356,-1496,323
-258,-1385,160
58,-1455,223
-251,-1181,143
150,-1266,27
595,-1286,-124
485,-1053,-199
24,-673,-250
-127,-442,-301
55,-465,-351
-9,-437,-300
-343,-411,-312
-350,-337,-298
-151,-250,-310
45,-201,-666
367,-65,-607
265,255,-133
-160,487,426
-229,498,598
26,450,524
219,826,285
164,1428,95
35,1885,35
4,2120,11
21,2133,33
131,2125,-10
313,2198,35
627,2198,-133
834,2122,-332
-64,2195,-358
-1567,2387,-467
-2989,2571,-532
-3668,2522,-370
-2937,2329,-67
-1187,2054,218
501,1757,336
1040,1398,361
838,1198,228
950,1089,1
1035,903,-369
1361,447,-983
1700,-476,-1058
2788,-1026,-860
3038,-894,123
2075,-615,944
1733,-142,1316
2281,-64,724
764,-271,-35
-1184,217,-539
-1472,39,-294
343,-513,-374
-276,-379,-281
-935,260,-96
-440,111,-32
562,-191,136
667,-67,58
480,-121,199
403,-7,183
383,412,180
589,-163,-420
1607,163,-330
-263,321,-647
-264,170,-1147
71,-120,-1118
-70,-253,-1161
65,-265,-1413
159,-287,-1664
233,-205,-1702
147,-164,-1652
-121,-95,-1512
251,-316,-1576
731,-652,-1413
1020,-770,-1891
616,-641,-1276
2105,-558,-889
1708,-733,-790
713,-450,-248
458,-211,162
738,-156,435
477,-267,1294
970,39,1253
442,-240,325
-1000,-65,-160
-1204,-26,-150
-1134,46,100
-619,-87,416
-186,-221,562
57,-202,563
-221,-322,241
-160,-161,353
-670,-170,311
-270,54,350
-35,-199,-39
-450,-207,-210
-51,-49,-70
50,-348,-421
94,-491,-541
104,-220,-341
-95,-66,-500
6,201,-488
300,339,-9
468,729,207
242,1044,605
981,1026,653
-1762,1123,498
-3157,1578,914
-2084,1457,957
-1597,1190,1226
-1619,877,1201
-1876,666,1147
-2101,437,975
-2116,358,734
-2089,236,614
-1936,75,409
-1702,-38,317
-1420,-96,255
-1174,-34,131
-1097,35,89
-1068,27,70
-971,-41,-34
-800,-41,-119
-792,-94,-34
-727,-160,105
-762,-142,63
-425,-319,69
125,-377,200
182,-414,276
-10,-290,231
231,-231,158
640,-151,1
257,39,-118
-302,213,34
-443,204,141
-677,126,133
-380,-137,11
295,-191,-240
158,-38,-357
58,206,-316
-207,336,-318
-427,368,-378
-442,221,-480
134,-105,-342
305,-105,-102
321,5,-6
51,379,-179
-67,298,-586
599,107,-793
396,253,-789
92,464,-785
219,564,-801
63,389,-897
500,462,-906
548,552,-899
413,392,-540
544,271,-552
735,15,-416
726,59,-379
552,120,-299
428,163,-166
186,136,-87
322,40,-159
779,-43,-107
780,-90,15
626,-73,79
756,-63,125
546,-73,47
561,-100,5
806,-222,87
837,-469,245
928,-808,851
1214,-1181,1602
2249,-1745,1875
3297,-1761,2047
3395,-1536,1822
2913,-1176,1662
1432,-526,1625
-901,208,1329
-1856,1442,1112
-1468,2382,904
-923,2370,477
-750,1876,-67
-422,1460,-758
-153,896,-1129
-114,103,-1033
139,-397,-793
604,-541,-647
560,-377,-609
245,-256,-615
70,-237,-574
-56,-222,-578
-119,-308,-605
-75,-418,-522
74,-445,-413
148,-236,-259
-41,61,-43
-332,324,37
-593,362,83
-312,171,89
564,-155,122
1418,-373,193
1520,-254,274
1059,-21,224
405,239,81
-109,452,-125
-461,384,-180
-342,-30,-228
151,-443,-185
381,-710,-200
319,-879,-167
187,-752,-102
96,-617,-77
89,-511,-134
146,-434,-115
178,-382,-143
125,-390,-124
281,-353,-126
333,-325,-71
283,-192,61
178,-166,187
132,-110,304
102,-125,507
131,-89,630
27,-45,687
-133,-58,675
-316,-102,655
-422,-272,631
-494,-441,709
-478,-605,786
-418,-735,740
-384,-849,619
-291,-971,506
-93,-1119,479
76,-1288,585
-35,-1520,823
-409,-1793,973
-569,-2160,976
-493,-2465,803
-437,-2707,762
-359,-2752,717
-219,-2732,642
-144,-2706,438
-234,-2598,340
-343,-2431,256
-326,-2347,38
-326,-2362,-298
-323,-2326,-597
-304,-2194,-724
-416,-1963,-848
-536,-1790,-1052
-527,-1795,-1445
-269,-1988,-1905
245,-2202,-2307
603,-2350,-2420
488,-2545,-2392
281,-2555,-2296
300,-2707,-2027
527,-2772,-1797
491,-2746,-1666
381,-2603,-1615
306,-2333,-1616
216,-2042,-1733
-50,-1764,-1951
-274,-1574,-1855
-147,-1467,-1548
286,-1291,-1242
468,-1044,-1148
232,-704,-1275
168,-497,-1079
282,-450,-810
304,-608,-711
554,-1063,-566
877,-1519,-525
1186,-1826,-527
1301,-1884,-487
1143,-1780,-454
820,-1583,-501
623,-1465,-447
560,-1282,-517
570,-1023,-551
409,-625,-530
160,-376,-552
-1,-307,-631
-158,-203,-621
-314,-122,-700
-252,-98,-947
35,-127,-1012
84,-4,-598
-460,85,114
-618,161,718
-256,12,663
472,-121,319
629,60,169
283,325,220
-200,588,327
-456,863,386
-441,1023,355
-446,1123,259
-598,1219,132
-703,1365,130
-766,1436,178
-803,1423,242
-658,1427,335
-501,1555,435
-538,1692,585
-1057,1707,718
-1396,1359,875
-1188,926,793
-604,623,886
-147,704,993
-62,1097,1044
-299,1398,971
-658,1576,1003
-882,1610,1033
-1047,1483,1001
-973,1364,992
-781,1147,1059
-621,961,1126
-390,816,1105
-251,697,1104
-205,660,1085
-29,637,984
37,794,957
-4,1051,901
-46,1298,790
-45,1473,719
-135,1779,347
-744,1803,319
-697,1575,-106
-455,1245,-367
-951,904,-693
-1261,665,-733
-574,514,-649
785,642,-513
827,804,-367
-322,958,-305
-113,1085,-418
1023,996,-595
1321,862,-394
746,697,-310
-160,607,-109
80,627,32
603,530,71
591,500,229
587,361,141
1099,154,-49
1524,-34,-70
1165,13,-53
528,173,15
146,238,50
84,162,16
188,237,-57
53,269,-8
-158,228,37
-18,138,-23
134,61,-8
34,190,295
-216,160,442
-110,-131,712
-129,-370,879
-332,-455,934
-322,-589,859
62,-705,700
264,-574,676
-28,-163,677
-555,7,647
-601,-84,464
-249,12,442
-268,126,355
-1,90,209
230,210,163
-42,208,45
-77,143,-15
-27,144,-78
-164,216,-22
-109,133,-21
12,12,-20
32,-100,-36
130,-78,61
168,54,58
-36,127,127
-138,-10,113
2,-100,156
149,-202,168
83,-259,146
-25,-158,204
115,-183,168
203,-269,229
155,-323,210
248,-355,220
215,-280,239
74,-277,238
44,-405,297
148,-540,356
165,-696,446
45,-636,578
-147,-506,641
-376,-326,611
-381,-167,488
-316,-133,159
-185,-83,-279
89,-23,-431
112,-175,-569
696,-477,-883
1176,-623,-1045
851,-825,-1344
769,-846,-1409
983,-697,-1223
699,-284,-761
242,91,-590
15,156,-866
186,-13,-944
508,-112,-435
1068,-34,-399
1047,-417,-372
-8,-399,-546
91,-585,-891
562,-1029,-822
877,-1297,-428
351,-1289,-232
-99,-1059,-8
-230,-819,134
-1324,-159,424
-3407,539,746
-3429,986,1026
-1242,1078,1234
421,1281,1371
714,1451,1422
147,1457,1214
-163,1409,956
-131,1419,748
-259,1297,695
-825,1120,618
-880,857,344
-679,580,65
-163,69,-180
423,-142,-147
517,-171,-113
125,-206,-75
-5,-112,-49
-156,6,1
-105,44,-45
321,129,-165
561,132,-175
748,-239,-66
516,-263,45
-89,-425,109
-152,-384,84
-45,-185,110
-392,-235,269
-712,-213,192
-183,-168,142
-155,-193,364
53,-148,524
37,-31,754
-117,-163,976
-368,-118,1088
-403,-106,1051
13,-36,920
8,55,791
-94,101,602
21,141,444
23,75,269
-27,6,182
-83,-75,93
-96,-249,-26
-153,-299,-85
-191,-338,-150
-49,-293,-131
23,-308,-114
38,-242,12
208,-284,120
6,-251,326
-371,-198,434
-790,-248,401
-848,-139,305
-531,2,209
-18,174,117
-15,356,115
57,524,179
93,684,200
-75,851,208
-274,937,296
-374,1110,403
-241,1313,416
-76,1443,422
57,1470,510
95,1556,613
44,1565,687
-14,1594,733
-31,1690,701
41,1720,649
45,1886,506
29,1930,450
-123,1897,469
-213,1916,422
-187,1869,322
-101,1739,311
-31,1587,307
-119,1586,260
-127,1539,300
186,1226,338
344,1071,646
181,1009,659
123,1200,670
316,1362,578
375,1279,502
204,1034,449
271,839,397
45,686,470
26,524,495
84,510,434
64,387,371
139,292,304
275,217,150
267,179,56
380,212,-82
357,175,-125
200,141,-45
79,96,9
-188,134,-144
-276,144,-203
-584,234,-123
-671,257,6
-410,187,-27
-290,62,-75
-545,-114,-95
-372,-269,-48
-162,-377,-58
-166,-480,-52
-110,-533,-3
-82,-636,-92
6,-620,-142
-96,-589,-147
-208,-514,-233
-266,-365,-380
-275,-218,-647
-286,-78,-874
-115,48,-897
-174,160,-391
-136,232,-104
2,-59,-138
-193,-304,-24
-473,-297,20
-159,-88,63
117,93,194
-63,201,259
-158,277,350
-76,415,447
-122,618,504
-208,864,578
-164,1025,619
-43,1142,666
58,1137,668
143,1091,694
-214,1092,685
-586,1053,837
-556,1034,740
-554,1048,587
-834,1063,578
-847,970,363
-382,748,183
138,486,205
307,156,50
495,113,-337
405,-44,-408
299,-134,-710
387,-96,-878
481,-131,-774
602,-152,-637
289,-65,-445
-71,6,-421
-1,-21,-499
-285,22,-61
-64,16,-176
17,39,-217
-75,142,-324
27,60,-297
-113,153,-220
-101,178,-161
-98,258,-202
-128,219,-239
-86,271,-284
-84,211,-255
-142,50,67
128,-63,65
-33,48,-39
-249,70,15
-132,1,81
-129,-7,39
-395,115,114
-281,57,73
-100,34,118
-81,37,58
85,-1,117
290,-109,152
229,-192,196
409,-230,436
598,-160,629
576,62,987
555,196,1107
500,337,1213
700,472,1051
983,481,945
909,398,716
769,327,272
611,273,-296
435,352,-633
-307,364,-494
-1,-491,-983
319,-936,-959
364,-1273,-909
60,-1107,-864
-14,-773,-861
227,-584,-934
676,-829,-1018
500,-808,-884
633,-678,-696
1035,-816,-526
854,-862,-495
665,-406,-334
852,-294,-228
586,-245,-103
341,-239,-219
786,-251,-91
1110,262,-7
1052,567,23
815,446,-757
1185,264,-1843
266,-327,-1621
-299,-1262,-923
-114,-2754,-1058
1125,-2305,-1497
1354,-1988,-1878
-180,-1325,-1853
-1479,-213,-1814
-2401,490,-1905
-2364,880,-1898
-901,631,-1818
1100,322,-1591
21,367,-965
-1425,515,-70
-364,258,578
127,49,1118
-227,315,1223
-929,668,845
-771,619,598
-825,540,681
-961,287,677
-188,-68,665
-200,-127,340
-549,38,-98
-333,140,255
-355,-230,464
-774,-265,260
-285,-117,11
-159,-288,-84
34,-313,-313
540,-371,-501
182,-135,-225
-215,-134,-405
-168,-337,-416
-214,-209,-474
1044,-382,-422
1033,-332,-501
57,10,-633
-129,-273,-738
713,-386,-474
395,-346,-126
7,-421,-257
271,-98,-70
-282,34,-56
-565,30,105
-95,-145,101
61,-237,77
-118,-139,217
-84,-256,246
121,-332,272
171,-256,191
-33,-27,113
-209,-57,156
-50,-44,120
217,-192,114
242,-45,38
-59,14,-9
153,4,-9
339,52,-53
-47,89,89
64,35,127
357,-31,232
189,89,291
146,199,184
87,454,121
-306,462,47
-30,460,-54
362,571,-364
-141,542,-374
-684,476,-566
-294,214,-566
-39,315,43
-191,148,-7
-173,-177,387
164,-412,495
98,-280,560
62,-357,721
46,-544,916
302,-723,1055
609,-687,1259
631,-769,1167
436,-493,1152
549,-416,987
522,-349,721
100,-19,481
-669,317,311
-834,474,244
-331,581,188
-291,637,127
-514,533,-47
-312,415,-78
147,162,-116
333,62,-124
374,185,-127
45,211,-108
-181,212,-30
88,206,123
-66,56,357
307,-296,352
149,-445,563
-335,-641,686
-158,-618,436
-239,-260,182
-3,63,63
-557,429,10
-838,620,-221
-23,525,-337
487,256,-328
624,115,-424
97,171,-297
-589,260,-108
-594,117,28
-85,-62,248
84,-195,95
-793,-95,77
-805,72,23
712,-140,-242
467,-144,-369
-39,64,-391
-513,245,-310
-163,111,-253
90,2,-214
81,149,-117
164,153,-20
387,-28,-110
306,-175,198
53,-124,465
-183,-16,648
266,464,1053
876,1150,1520
1352,1738,1935
1751,1935,1945
1975,1745,1443
1799,1486,820
576,1422,730
-379,602,325
-44,-412,-4
221,-816,-117
184,-1118,258
486,-1493,388
623,-1701,372
580,-1927,302
871,-1842,267
330,-1671,471
-723,-1136,507
-541,-827,653
-462,-771,634
-764,-293,437
-815,-337,262
-681,-352,243
-541,-411,146
-66,-418,85
-7,-159,144
153,-10,-50
511,-67,79
599,-135,21
209,-204,17
130,-186,-65
38,-180,-160
64,-165,-289
389,-96,-330
857,129,-258
426,421,-47
-57,642,-46
-198,767,323
-158,783,407
231,781,396
396,428,331
533,508,181
1117,527,252
1537,608,123
1463,283,-151
546,-39,-426
-260,-62,-536
-443,-68,-498
-267,-195,-613
-445,-283,-659
-880,-480,-521
-1215,-881,-653
-1882,-1112,-824
-2432,-724,-1140
-2442,104,-1218
-2301,354,-1315
-2049,424,-1320
-1869,569,-1041
-1403,346,-738
-528,235,-303
-183,171,36
-400,104,11
-359,190,-136
-148,209,-235
157,271,-320
44,282,-391
-99,240,-432
-295,331,-393
-158,308,-464
-146,246,-473
-315,291,-529
-487,264,-383
-425,254,-192
-388,253,-168
-531,307,-122
-645,370,-19
-350,204,3
-65,37,-26
-37,34,34
260,-238,170
804,-745,88
1130,-1206,88
791,-1215,312
327,-1380,726
522,-1200,1410
1104,-614,2095
2069,482,2678
2001,1284,2642
1185,1332,2120
182,1294,1512
-78,1035,755
228,426,369
664,-267,-125
625,-1005,-52
421,-1492,-116
182,-1182,-164
-113,-619,-245
-612,-307,-262
-1071,-65,11
-973,-231,-63
-727,-420,-236
-535,-313,-428
-952,-409,-501
-1377,-159,-564
-1331,96,-583
-840,-172,-895
-86,-382,-1271
177,-204,-1332
1121,48,-1202
1233,236,-920
-353,595,-636
-874,789,-441
-589,602,-347
-553,520,-394
-394,379,-393
-222,233,-327
208,161,-255
-45,217,-325
-1278,519,-289
-664,126,-234
406,-383,-279
726,-740,-120
908,-830,27
828,-566,111
443,-428,152
-143,-130,368
-378,177,736
-442,472,1138
-998,1215,1538
-2026,1960,1809
-2901,2433,2023
-3337,2162,2197
-3124,1637,2346
-2065,1160,2280
-1154,650,1815
-439,1,1089
359,-384,526
661,-219,320
192,33,140
295,-207,89
1021,-304,-49
338,43,-331
-569,107,-200
-103,130,-223
-640,168,-271
-638,18,-261
-274,-317,-130
-69,-294,263
-409,-125,180
152,109,-190
167,120,-581
-31,249,-557
-427,150,-335
-237,203,-551
8,61,-653
-19,-58,-360
-70,13,-52
-210,89,-102
55,-24,-359
230,-99,-459
128,-54,-497
165,58,-601
214,179,-614
123,198,-602
129,-130,-601
363,-247,-544
479,-145,-586
246,-49,-589
-5,-28,-452
31,-30,-332
22,27,-333
32,152,-414
-53,134,-412
-39,161,-390
-111,241,-327
-258,276,-284
-386,249,-234
-564,-196,277
-417,-957,1273
405,-1592,1838
1057,-1587,2861
2277,-998,3867
3394,-172,4637
2843,358,4549
260,444,3538
-799,698,2464
-642,535,1474
96,335,517
962,113,15
1802,-457,-252
3196,-535,-453
2397,-367,-186
-92,-223,-258
-167,-91,-521
296,-455,-763
114,-514,-572
-26,-317,197
278,-85,244
-352,-30,515
-1028,-245,807
-1496,-455,920
-1280,-761,498
-717,-650,-27
-465,-315,-513
-557,-339,-1232
-952,-552,-1911
-1580,-636,-2574
-1412,-349,-2808
-1016,179,-2555
-921,289,-2152
-368,274,-1947
256,317,-1667
539,235,-1276
549,51,-883
-424,191,-401
-1044,411,-92
-972,576,181
-741,770,256
-1053,983,297
-1773,1252,390
-2037,1208,499
-2086,1053,933
-2120,938,1184
-1948,845,1267
-1763,996,1244
-1595,914,829
-1540,1300,1036
-1663,1329,627
-1116,1237,270
-818,1137,-36
-203,696,-417
413,550,-491
255,427,-624
99,431,-478
279,370,-495
568,225,-697
418,243,-569
50,487,-494
163,519,-468
295,290,-282
-128,417,-133
-339,426,-40
-26,399,-78
-183,83,189
-328,-213,793
-676,-107,960
-897,-254,1059
-649,-376,1113
-368,-332,1235
-159,-835,591
738,-707,184
289,-531,138
277,-480,51
515,-259,149
678,-446,43
991,-392,71
851,-492,-167
695,-312,-245
887,-465,-434
802,-455,-651
1040,-338,-826
815,-64,-876
694,51,-1029
606,148,-845
298,318,-874
286,324,-857
399,336,-781
512,417,-770
271,534,-782
-299,513,-302
-296,411,-169
-460,414,39
-432,74,232
-381,-678,625
-341,-1262,881
-188,-1969,1606
810,-2836,1785
2152,-3454,1861
2442,-3453,2219
2248,-2819,2916
1103,-2136,3213
347,-1642,2720
19,-841,2139
-4,-585,1277
717,-772,683
2446,-384,-261
3830,-333,-180
3329,-570,-546
2566,-319,-478
1028,-78,-428
-31,100,-255
134,246,-142
-674,380,-64
-467,-160,-333
-59,33,-327
-549,-202,-592
-167,-505,-745
-122,-804,-545
-329,-724,-402
480,-513,-104
-629,-242,730
-722,-847,745
-426,-1020,1059
-924,-1214,1076
-829,-1413,680
-933,-972,268
-1157,-629,-157
-835,-276,-886
-357,230,-1278
-130,616,-1600
53,930,-1994
706,1059,-2109
1210,880,-1916
1001,633,-1489
1116,629,-1057
935,539,-592
612,572,-248
238,776,18
90,871,182
219,491,211
-644,549,135
-805,335,-7
282,364,61
304,229,420
-342,245,382
-378,395,285
-26,273,183
-52,100,114
-438,128,-122
-330,295,-213
-525,466,-237
-670,649,-158
-705,418,99
-870,129,19
-1158,89,-44
-1433,240,12
-1172,430,127
-1330,531,192
-1648,574,149
-1815,677,69
-1399,550,-233
-1423,701,-157
-1010,780,-226
-684,779,-196
-563,718,-63
-297,628,-32
-553,694,-48
-368,737,-103
-422,763,-127
-383,578,-86
-48,289,-38
107,203,-205
150,139,-315
342,137,-441
298,125,-491
123,155,-467
443,198,-623
91,142,-596
115,69,-492
254,87,-405
97,-36,-369
501,-104,-404
-39,-99,25
-216,25,105
-38,69,200
-142,104,119
133,50,149
103,-251,346
326,-757,577
829,-1053,708
1048,-1073,784
1307,-1337,270
2250,-1599,-873
2685,-1936,-1885
2858,-2398,-2788
4586,-2345,-2620
6383,-2031,-1807
6634,-1317,-1181
4612,-187,-728
1598,1057,-85
-1806,721,295
-1238,157,319
575,-361,166
1321,-477,93
443,-10,21
-724,253,10
-1051,474,192
-843,493,353
-636,624,285
-675,553,106
-682,349,161
-130,217,205
172,280,155
-112,299,428
-350,512,479
-421,705,493
-471,588,387
-345,299,300
149,132,274
401,-51,290
393,48,148
97,161,281
-61,172,231
42,110,295
265,-10,329
348,97,403
134,144,287
254,115,296
208,159,300
198,136,204
335,136,211
305,102,205
308,94,113
205,147,175
115,90,147
219,-23,104
177,-55,90
102,-46,154
-104,-10,208
-265,-220,100
-180,-461,-164
101,-715,-561
-560,-1096,-574
-777,-1673,-1139
98,-2385,-1960
1169,-2780,-2469
1283,-2806,-2800
359,-2507,-2676
-469,-2112,-2688
-775,-1358,-2420
-646,-913,-1452
-350,-473,-532
44,-169,63
160,24,404
270,274,475
29,496,542
-111,757,460
52,983,714
200,1127,1487
428,-88,785
799,-93,302
811,94,137
-124,605,255
-313,656,152
-1,676,212
393,641,107
489,562,-3
-436,739,107
-416,629,426
117,493,400
-233,516,312
-98,459,346
-48,344,521
-336,460,523
-348,502,504
-215,423,530
-127,316,514
-87,337,418
-130,397,364
-194,399,154
-301,450,320
125,71,333
248,-163,650
380,135,425
-497,442,339
-234,297,372
37,270,441
-146,332,450
104,243,400
370,147,307
112,264,291
90,249,320
354,93,237
446,-7,199
376,-65,17
209,-80,-236
147,-269,-398
274,-754,-557
296,-1474,-520
471,-2190,-741
646,-2583,-1106
354,-2673,-1577
-212,-2520,-1869
-715,-2155,-1973
-946,-1713,-2064
-815,-1350,-1753
-387,-934,-1385
-198,-652,-1159
-72,-289,-968
-98,57,-719
-286,293,-507
-254,430,-306
405,408,-35
760,418,84
802,311,52
608,151,59
784,-207,-68
776,-158,-222
456,-169,-62
436,-255,213
665,-16,325
907,-33,460
161,-192,-51
-710,-15,91
-803,264,147
-692,75,75
-61,-193,47
86,-188,167
-592,212,332
-1140,574,320
-1332,309,298
-1069,236,532
-674,390,674
-1054,683,929
-1884,939,1084
-1989,1027,1242
-1404,843,1058
-924,608,1000
-948,707,1119
-1274,792,1111
-1372,643,948
-1038,543,747
-462,610,602
-118,710,497
-31,631,233
116,436,-162
719,-95,-377
1785,-287,-227
1482,-320,-44
284,-210,400
-354,-219,158
845,-269,-108
1013,-355,-314
-446,236,-205
-1419,770,319
-1453,973,704
-1328,661,553
-437,554,353
-520,491,191
-73,618,437
787,480,942
619,379,859
-114,698,853
-385,785,548
-412,739,247
149,685,324
282,553,-18
582,731,173
67,762,312
-73,7,-103
1016,113,56
-197,749,202
273,318,396
382,12,823
-514,54,722
-1150,79,345
-952,-63,400
-1286,-128,386
-1620,173,240
-1666,479,361
-1651,925,282
-1863,1166,39
-1621,1255,-220
-1172,1448,-663
-1188,1966,-976
-1974,2437,-1050
-2957,2551,-809
-3313,2508,-794
-3278,2400,-657
-3470,2136,-640
-4103,2050,-767
-4769,2239,-694
-5329,2249,-465
-5744,2027,-43
-5322,1677,657
-3794,1155,1391
-2116,765,1689
-1049,605,1655
-312,566,1473
-59,514,1227
-432,559,1002
-1183,743,695
-2045,924,331
-2423,1008,118
-2213,972,-32
-1655,819,-78
-1074,608,27
-837,626,108
-869,618,217
-819,615,404
-659,601,504
-501,558,548
-428,592,431
-481,629,422
-627,614,583
-946,642,888
-1236,659,1189
-1583,843,1358
-1780,1090,1369
-2024,1254,1485
-2314,1293,1748
-2287,1198,1958
-1838,1099,2031
-1385,937,1898
-1178,655,1681
-1024,429,1468
-709,229,1235
-428,140,1097
-67,164,936
215,256,695
244,427,462
-52,641,216
-424,844,-274
-807,1010,-724
-1113,1162,-862
-1505,1295,-523
-1678,1315,253
-1631,1043,646
-1075,616,656
-193,16,341
373,-360,71
633,-546,22
530,-611,98
322,-548,238
263,-441,238
376,-409,293
555,-378,360
510,-180,564
179,-128,796
-282,-62,957
-713,26,1167
-1096,119,1435
-1327,211,1738
-1344,322,1792
-1608,332,1631
-1785,533,1260
-1662,676,737
-1517,748,413
-1161,894,261
-487,927,176
203,895,311
618,814,155
342,1068,303
-114,1325,583
-689,1173,599
-657,998,438
-51,589,538
496,548,601
338,704,552
-24,745,562
-53,550,522
103,376,442
473,197,341
531,78,203
356,-28,32
366,-290,-132
557,-552,-246
846,-846,-205
1072,-1105,-252
1644,-1627,-599
2108,-2017,-679
1982,-2310,-1190
1484,-2798,-1764
822,-3260,-2139
423,-3739,-2730
302,-3880,-2998
564,-3777,-2812
1091,-3539,-2429
1028,-3285,-2042
578,-2720,-1599
671,-2395,-1158
1418,-2353,-1214
2280,-2351,-1344
3097,-2195,-1207
2133,-1748,-788
145,-739,-366
-931,315,132
-993,142,-84
222,-345,-402
1460,-749,-395
1718,-768,-297
642,-343,-52
-346,-188,-91
-7,-487,-35
114,-389,196
-849,-28,252
-997,182,-49
-944,504,-368
-1168,613,-159
-916,149,-187
150,-111,142
182,42,338
-575,182,322
-1266,294,475
-1457,446,520
-1159,521,324
-839,281,225
-417,411,298
-304,390,123
-583,245,6
-446,149,-27
-200,191,-7
-353,225,10
-160,67,75
74,-12,163
76,-66,-16
75,-16,13
-32,138,12
6,70,11
-160,19,209
-320,-5,329
-401,37,309
-261,-46,265
-358,29,309
-445,452,478
-619,465,551
245,224,393
52,250,378
326,233,361
984,-340,187
386,-249,16
-30,-181,-172
-32,-239,-429
1,-277,-646
295,-427,-640
388,-620,-582
285,-348,-594
-143,25,-529
-489,294,-424
-485,432,-530
-250,578,-562
-165,739,-654
-56,849,-742
50,1083,-767
126,1129,-757
311,1075,-540
497,866,-439
1140,276,-332
1626,-142,-286
2190,-20,-239
2616,-29,-296
1889,-287,-130
569,-123,357
78,-4,586
445,-227,447
733,-688,252
803,-985,60
1196,-1394,-231
1631,-1441,-524
2154,-1394,-1097
2430,-513,-1459
1693,-61,-1486
156,-9,-929
-814,240,-66
-83,145,306
291,262,237
333,282,220
-243,264,120
-362,334,76
363,189,312
852,114,335
22,93,164
121,133,113
160,166,-45
-300,210,-65
-138,187,-132
-27,64,-133
-55,187,441
155,532,1017
44,890,1377
-530,1256,1819
-1124,1626,2223
-1694,1942,2404
-1607,2089,2459
-1161,2222,2431
-897,2442,2260
-571,2653,2072
-387,2833,1853
-348,3056,1565
-366,3231,1351
-178,3416,1072
-99,3538,691
-126,3688,496
-70,3764,384
-9,3783,137
-49,3822,-82
-101,3925,-131
-136,3987,-113
-261,3799,38
-408,3454,230
-345,3257,271
-316,3145,294
-298,3134,326
-278,3072,340
-164,2966,322
-255,2844,164
-353,2601,88
-322,2337,49
-411,2106,88
-412,2003,44
-320,1998,-28
-248,2025,-155
-74,2088,-294
-71,2080,-269
70,2037,-385
171,1936,-643
33,1981,-733
-157,2121,-704
-179,2183,-764
-235,2244,-699
-325,2211,-633
-313,2144,-571
-323,2042,-512
-327,1932,-425
-287,1804,-345
-209,1494,-283
-40,1205,-275
-29,1113,-157
-197,1087,-154
-170,927,-231
-127,813,-453
-89,695,-618
-28,455,-729
17,262,-574
-36,335,-171
-202,50,225
-102,-504,331
21,-724,384
176,-755,193
362,-717,114
327,-712,195
231,-847,280
134,-858,362
142,-886,383
317,-877,321
443,-768,213
632,-577,73
797,-418,40
835,-267,118
917,-474,99
997,-693,143
664,-551,178
511,-310,104
327,-217,50
127,-358,211
-150,-697,373
-119,-1028,538
2,-1207,620
47,-1229,712
110,-1287,684
257,-1414,726
349,-1590,744
295,-1714,601
298,-1824,375
331,-1900,163
319,-1814,-101
294,-1661,-312
328,-1376,-422
280,-1068,-357
283,-968,-114
256,-968,96
203,-934,148
243,-902,164
170,-770,233
77,-734,133
48,-752,98
11,-757,48
-53,-731,-55
-1,-667,-176
-108,-473,-218
-133,-272,-177
-256,-236,-89
-310,-277,42
-295,-176,101
-235,-116,80
-11,-1,-11
103,47,-49
131,63,-62
144,-22,14
47,-23,62
71,29,11
124,68,-23
185,109,-68
151,176,-41
159,105,-61
202,115,-57
261,54,-135
271,70,-188
212,129,-212
164,151,-239
163,95,-165
131,74,-140
100,106,-128
202,123,-117
260,74,-79
263,89,20
236,88,144
100,225,379
-26,291,639
-78,370,682
-121,486,799
-48,604,704
-100,679,540
-403,785,492
-503,724,384
-490,540,408
-733,246,486
-824,24,541
-699,-34,497
-382,-179,502
148,-340,508
305,-382,418
167,-387,185
259,-444,-49
268,-456,-137
97,-495,-119
105,-646,-88
52,-725,-74
-13,-730,-65
17,-657,-110
-31,-741,-222
-13,-642,-303
-59,-313,-79
-41,-172,-5
-257,-17,207
-224,-30,330
-80,-28,253
104,102,106
48,355,117
-199,600,104
-272,792,151
-243,827,87
-197,876,10
-339,1067,9
-520,1296,-197
-510,1526,-462
-456,1584,-697
-398,1535,-1108
-489,1748,-1175
-932,1853,-961
-957,1937,-1004
-813,1681,-1313
-934,1439,-1226
-1070,1341,-882
-1086,1426,-508
-1125,1443,-302
-917,1457,-176
-843,1359,22
-980,1232,180
-1070,1024,53
-977,862,-68
-463,622,-289
53,683,-344
-104,762,-518
41,685,-654
301,691,-678
206,706,-692
122,768,-683
-261,871,-420
-564,985,-103
-466,993,-5
-386,967,43
-532,1055,164
-715,1128,214
-610,1251,360
-419,1241,256
-377,1167,62
-563,809,-362
-607,295,-619
-589,-344,-1052
-1481,-726,-1328
-2730,-494,-1319
-3011,228,-1093
-2691,386,-971
-2535,-132,-941
-1435,46,-863
197,384,-396
-510,278,94
-1685,511,279
-1718,589,154
-1158,424,241
-880,317,354
-775,215,66
-130,-5,-78
196,-78,-143
-1096,39,334
-737,-197,296
542,-475,155
376,-506,522
198,-275,427
161,-138,63
-182,-85,29
-119,-35,-14
91,71,18
-32,168,-70
275,283,-53
246,304,-198
467,132,-194
579,113,-241
662,147,-312
485,227,-294
297,165,-276
549,44,-300
984,-95,-304
1347,-349,-273
2006,-687,-365
2791,-922,-195
2355,-831,70
1032,-887,-101
539,-1114,-378
727,-911,-599
1130,-563,-765
1576,-498,-724
1242,-466,-356
-34,-279,149
397,-221,-94
624,-206,-48
188,-320,238
444,-86,44
-125,109,122
-345,136,173
-195,258,128
-368,307,243
-62,187,436
222,86,430
13,79,212
246,-214,-384
461,-253,-430
-72,101,379
-138,39,581
96,-24,285
110,-34,311
170,-100,424
324,-85,160
151,-8,73
97,-12,163
157,-57,145
236,-76,16
-30,16,-75
118,8,-89
204,38,-64
-59,184,-287
-365,178,-661
-248,273,-449
-170,88,-394
12,-10,-291
193,-134,-285
54,-279,-376
-435,-309,-253
-519,42,-391
-26,18,-461
273,-144,-206
520,-308,-69
617,-265,52
339,165,126
-55,140,427
-60,48,604
-193,275,503
-747,544,436
-585,440,392
-335,371,450
-520,443,362
-640,398,606
-400,314,774
-560,270,851
-877,260,776
-1168,229,737
-1398,241,562
-1709,335,366
-1815,254,159
-1943,298,126
-1808,359,325
-2095,596,405
-2538,718,214
-1916,440,234
-1017,268,337
-939,393,194
-1123,330,-1
-587,226,-7
-309,212,-49
-126,338,-112
-11,206,-310
394,-125,-465
426,-272,-332
-9,-41,-147
-807,275,-134
-610,153,-333
199,-19,84
156,-127,117
-201,133,-154
-492,-108,-354
364,-184,97
105,-252,-176
77,-579,-62
1162,-670,66
1576,-833,321
394,-82,-496
-1227,452,-702
-436,18,-236
1019,72,236
607,329,547
-538,716,468
-1071,909,395
-875,861,127
-124,596,-55
612,191,32
734,-8,248
362,59,479
201,122,530
448,-33,438
573,-335,240
512,-637,24
347,-792,-208
427,-982,-220
922,-1288,-424
1391,-1376,-538
1491,-1195,-474
1313,-860,-478
976,-651,-487
595,-405,-468
33,-133,-335
-500,117,-147
-710,257,-82
-722,315,-35
-702,208,-85
-718,-33,-87
-183,-288,-162
919,-609,-237
2086,-1267,-221
2111,-1355,-292
1033,-1142,-613
709,-841,-867
609,-456,-1104
557,-704,-1305
591,-687,-1394
1122,-857,-1280
1806,-1148,-1181
2058,-1408,-1028
2077,-1452,-794
1705,-1184,-635
1264,-798,-383
1007,-517,-249
887,-367,-161
965,-382,-152
1190,-484,-181
1455,-512,-371
1557,-733,-597
1723,-1120,-639
2091,-1523,-735
2702,-1815,-1128
3140,-2112,-1629
3004,-2490,-1929
2398,-2738,-1853
1828,-2890,-1451
1974,-2981,-1227
2542,-2986,-1051
2768,-2856,-736
2341,-2425,-496
1672,-1920,-346
1245,-1500,-253
954,-1187,-271
773,-1022,-330
777,-763,-372
724,-509,-289
597,-465,-215
450,-489,-209
301,-352,-246
197,-287,-364
309,-205,-602
328,-48,-836
-1,115,-1073
-311,272,-975
-560,168,-244
-801,-287,211
-158,-910,160
970,-1322,-187
1723,-1562,-451
1794,-1532,-559
1138,-1416,-543
96,-1123,-482
-479,-881,-576
-188,-795,-598
308,-726,-537
278,-567,-464
-75,-420,-342
-216,-203,-182
-155,89,-101
-56,351,-52
-52,734,-54
-504,1025,172
-1112,1097,834
-1195,1153,1166
-1008,1075,1453
-1118,1001,1783
-1068,947,2022
-503,869,2178
-263,886,2108
-533,813,1890
-1129,608,1805
-1353,312,1534
-1016,69,1373
-215,45,1029
67,346,665
-134,572,400
-293,717,-134
-229,944,-690
-151,1071,-1082
-166,1027,-1005
-376,1177,-114
-546,1429,1006
-667,1242,1601
-845,970,1661
-729,648,1619
-147,450,1648
23,425,1648
-505,493,1700
-591,384,1625
-241,276,1491
-224,230,1403
-404,224,1310
-595,352,1301
-886,409,1255
-834,455,1168
-723,273,1448
153,-250,1946
1596,-701,2493
1678,-799,3044
-310,-437,3307
-1786,-195,2666
-1623,-365,1585
-878,-614,382
273,-663,-108
658,-900,92
366,-923,-45
-482,-432,-245
-893,-238,-588
-667,-132,-964
46,-86,-1123
586,-180,-943
861,241,-319
34,343,790
-366,-506,953
682,-587,930
941,167,443
-259,720,28
-535,714,-164
-359,639,-293
-9,468,-292
66,415,-259
-310,516,-181
-506,552,7
-543,406,124
-739,355,437
-404,253,528
58,328,721
287,443,852
38,448,932
-97,269,1061
101,193,1330
-177,442,1293
-377,709,1306
-230,596,1368
-59,484,1235
41,498,1072
254,526,782
264,351,777
85,207,737
238,222,738
615,292,439
1175,307,65
663,495,-72
358,871,-445
-943,1164,-29
-1213,588,556
-279,208,884
-211,-142,755
-459,-227,591
-453,-144,118
-633,139,164
-466,153,142
-559,116,-157
-934,142,-264
-972,194,-331
-876,142,-754
-790,139,-1022
-863,331,-914
-784,298,-856
-811,379,-1064
-988,361,-835
-737,458,-876
-437,469,-915
-426,456,-759
-614,311,-727
-393,374,-513
-286,336,-462
-176,373,-236
-298,651,-149
-585,587,-77
-425,214,-5
-71,164,-49
-107,277,-13
-668,668,85
-744,699,191
-297,731,-217
-634,636,-223
-479,238,-340
758,122,-545
57,204,-529
-602,75,-235
547,-258,-443
1280,-399,-424
2451,8,-496
3063,-10,-618
2867,-613,-617
4059,-400,-346
5768,-1645,-591
7665,-1970,312
6262,-1952,467
1222,-1032,223
-789,1012,435
-1010,1157,308
-134,486,118
571,54,170
482,55,192
542,119,156
397,247,170
257,234,90
249,257,-127
-217,391,-102
-403,457,-261
-573,334,-101
-774,455,-36
-760,613,-479
-750,565,-1223
-856,674,-1343
-626,1505,-2022
-387,1948,-1976
-744,1910,-2111
-325,2588,-1829
-1262,3610,-1986
-3809,4298,-1672
-6426,5179,-261
-7911,6051,2133
-7892,6221,3902
-7557,5544,4607
-6903,4186,4661
-5390,2645,4313
-3380,1142,3895
-1621,-28,3763
225,-705,3222
1249,-776,2751
1622,-396,2115
1157,49,1394
286,634,802
-425,644,68
-898,655,-609
-1577,695,-901
-1340,934,-933
-299,567,-797
461,21,-554
465,-112,-106
-10,26,-129
-297,8,85
-117,-451,135
23,-398,200
-352,-94,407
-305,-145,323
87,-162,46
107,31,28
-263,215,-20
-483,240,-125
-179,45,-254
119,-108,-229
80,-116,-155
315,-96,-55
451,-34,-155
482,110,-224
98,216,372
-193,232,1005
-291,335,1191
-460,273,1059
-685,68,814
-542,4,834
-41,-173,971
409,-448,916
361,-492,849
208,-432,787
28,-410,680
-191,-387,411
-374,-306,97
-370,-296,-231
-221,-475,-792
-56,-581,-1260
153,-561,-1613
347,-683,-1371
10,-717,-889
-126,-756,-262
98,-789,-150
370,-863,-247
575,-934,-338
636,-1054,-374
576,-1152,-311
409,-1102,-296
226,-999,-198
255,-836,-257
313,-646,-313
164,-453,-424
121,-284,-397
140,-199,-339
128,-227,-432
399,-351,-600
665,-353,-936
725,-353,-394
126,-244,97
-291,-205,195
-334,-98,306
-262,-77,266
7,-137,469
23,-174,576
-74,-242,606
-219,-330,543
-136,-489,352
14,-518,255
93,-534,134
73,-345,-197
-5,2,-772
-12,163,-1125
-99,224,-1466
-238,306,-1352
-280,289,-619
-220,162,-128
-10,-54,-153
462,-429,-262
951,-756,-372
1042,-937,-507
912,-976,-590
627,-928,-647
218,-705,-774
-104,-471,-985
-207,-237,-1069
-171,-120,-1007
-33,41,-841
5,137,-867
559,177,-1356
1909,11,-1973
2488,-139,-1919
1592,-281,-1117
-39,-146,-554
-1277,304,-205
-1727,537,87
-2063,468,148
-1745,313,304
-991,211,464
-439,144,456
-223,63,357
-215,-85,388
-235,-167,276
-220,-186,236
-26,-190,131
227,-12,-26
381,340,-323
199,872,-763
-408,1399,-634
-1095,1739,127
-1756,1722,1127
-1664,1169,1406
-416,-13,1130
546,-632,1269
361,-949,1514
-255,-1441,1590
-681,-1741,1698
-835,-1883,1580
-754,-1902,1418
-789,-1761,992
-1155,-1489,360
-1652,-973,-347
-1802,-470,-1079
-1439,167,-1408
-892,466,-1723
-454,535,-996
-774,324,-548
-690,149,-524
-126,120,-610
-259,109,-840
-90,136,-962
-74,98,-954
917,136,-1193
1759,501,-1261
-1439,668,-28
-1323,885,-676
-186,499,-1038
124,53,-328
18,68,-309
-567,71,-505
94,-605,-328
1454,-1290,58
4076,-2459,344
8657,-2846,794
9482,-949,2462
2240,657,2760
-2193,2078,2983
-3144,2455,3347
-1092,2698,3514
766,3308,3355
1446,3915,2906
1217,4623,2448
1229,4880,1889
1371,4642,1639
1468,4799,1220
1920,4856,792
1901,4740,610
1566,4674,297
1069,4556,252
300,4054,262
226,3539,289
591,3187,350
1126,2399,123
1615,1152,-415
1901,1136,-811
1902,994,-981
1705,1156,-998
1688,1245,-1035
1079,1376,-699
814,1334,-339
846,877,-183
1094,402,-79
56,165,193
-1016,84,345
-1535,36,468
-1319,-63,304
-851,-147,193
-768,-234,72
-584,-197,-80
-411,-177,-189
-383,-75,-369
-176,-179,-383
-68,-373,-463
87,-627,-534
-129,-651,-533
-212,-667,-594
-293,-696,-695
-443,-685,-845
-188,-834,-915
743,-854,-727
-112,-684,-208
-1154,-627,237
-1395,-939,496
-937,-1373,332
-68,-1553,42
422,-1512,-182
210,-1081,-341
-569,-438,-514
-1446,37,-541
-1870,236,-591
-1759,370,-691
-1462,586,-703
-1348,752,-627
-1251,961,-446
-1372,1302,-269
-1758,1659,-225
-1962,1933,156
-2231,1958,622
-3147,1950,871
-3695,2002,1328
-3447,1775,1519
-2725,1631,1706
-2344,1470,1619
-2608,1357,1489
-2867,1120,1298
-2767,530,1407
-2065,-75,1409
-604,-478,1452
281,-611,1335
146,-323,1257
-578,1,1007
-754,117,531
-381,93,60
-61,28,-314
356,184,-295
193,351,-229
-362,306,-666
-601,380,-709
-539,261,-721
-250,407,-665
-480,666,-321
-1234,588,174
-702,613,907
-727,890,1017
-1246,758,1050
-555,872,1578
-678,1912,2201
-1405,2594,2146
-1222,2174,1897
94,1675,1879
1067,1503,1872
1317,1316,2176
824,1419,2307
-209,1683,2141
-571,1629,1909
-306,1841,1945
-949,2380,1655
-2057,2585,1069
-1795,1708,437
-474,377,-337
-112,-342,-1500
-174,-1294,-2349
527,-2352,-2360
1324,-2994,-2086
1327,-2800,-1190
1101,-2062,-597
975,-1081,-210
1333,-251,272
954,262,639
-210,1058,889
-1569,2185,1431
-1840,2398,1483
-987,2080,1282
-343,1354,803
298,461,258
1161,-358,-314
1403,-580,-683
79,-349,-801
88,127,-940
131,739,-809
-1079,1170,-506
-398,780,107
-118,602,605
-929,678,822
-1156,553,827
-859,227,841
-789,-86,811
-294,-355,581
16,-629,209
109,-864,14
873,-1273,-152
864,-1298,-175
562,-1118,-253
686,-1043,-285
803,-1042,-209
574,-1027,-185
376,-819,-117
-104,-719,-90
-269,-696,1
-188,-622,11
-63,-572,-43
-210,-542,49
-392,-524,18
-210,-616,41
34,-675,92
-319,-375,133
-549,-85,41
-386,439,281
-1984,1395,565
-2818,1612,704
-1612,1127,346
-814,672,144
-658,503,108
-1384,704,-437
-1676,314,-601
-131,-291,-884
1146,-869,-1215
1455,-1079,-1440
1218,-957,-1436
929,-809,-1327
691,-621,-1080
937,-386,-605
927,-26,211
735,-27,656
2138,-246,821
1518,485,1034
-923,1690,1390
-1765,1955,1513
-1080,1659,1521
-652,1314,1314
-696,966,933
-100,880,500
183,1003,148
-361,1023,58
-269,1385,118
109,1756,-166
-271,1760,-549
309,1706,-947
1014,1311,-1916
898,1089,-2450
1165,747,-2913
1351,221,-3023
996,-190,-2821
-71,-462,-2175
-1872,-596,-1042
-1472,-806,-175
-973,-1097,256
-807,-1371,317
-451,-1609,61
536,-1749,-287
1739,-1914,-502
2467,-2045,-610
2857,-1607,-197
3167,-947,-8
2881,-853,160
2601,-690,515
2762,-34,869
1907,711,1118
-167,1832,1603
-978,2816,1960
-1868,3599,2145
-3039,4177,1871
-3425,3562,1382
-2542,2430,622
-1976,1407,-457
-1785,510,-1137
-1112,-339,-1320
493,-1056,-1682
987,-1604,-1839
801,-1729,-1572
1225,-1780,-1108
1770,-1965,-593
2274,-2096,-265
2832,-1932,47
3064,-1261,380
2224,-592,273
412,280,538
-979,1273,941
-1566,1668,900
-1400,1686,833
-901,1533,768
-824,1515,761
-860,1583,604
-935,1621,378
-632,1417,197
-191,1056,78
134,806,-117
150,511,-421
-64,661,-336
430,656,211
1606,359,875
3041,-141,1380
4957,-572,1405
8308,-583,182
8536,284,-521
533,787,-507
-2162,967,-50
-247,1245,430
-138,1513,596
-1406,1927,584
-1938,2224,708
-1725,2148,706
-1637,1922,575
-1628,1654,426
-1351,1345,437
-1099,870,340
-932,623,213
-531,518,15
-313,364,-214
-306,287,-324
-128,243,-278
-144,302,-286
-92,252,-288
140,155,-164
429,40,-139
431,-102,-50
401,-330,-132
507,-461,-248
585,-326,-162
236,-19,139
-131,19,374
-266,-10,484
-194,-89,409
-46,-123,382
70,-61,451
65,-85,409
25,-138,394
-4,-213,321
106,-357,190
117,-471,150
60,-514,51
153,-698,-106
371,-791,-291
271,-811,-455
185,-910,-712
374,-1022,-781
453,-1199,-959
521,-1140,-776
585,-695,-367
160,-259,58
-230,-363,350
28,-692,515
433,-923,534
378,-1152,453
332,-1142,389
22,-849,305
-431,-527,256
-392,-338,127
-199,-244,-42
-141,-203,-168
-163,-47,-271
-316,66,-297
-298,33,-404
-345,-167,-471
-72,-344,-446
605,-322,-579
474,230,-393
-864,886,-62
-1601,1404,293
-1686,1749,455
-1875,1952,562
-2412,2105,736
-2873,2205,912
-3325,2477,1124
-4134,2801,1380
-5296,2582,1630
-5861,1736,1703
-4689,845,1524
-2541,133,1374
-1020,-537,1095
-307,-956,676
-95,-1297,619
222,-1124,279
343,-681,-155
173,-57,-115
-144,301,-64
-488,690,-52
-692,975,-202
-525,1047,-206
-235,927,-162
-106,715,-183
142,528,-201
362,517,-265
142,645,-471
91,805,-554
-44,855,-403
-206,1584,-839
-3260,1012,623
-691,184,295
1726,87,232
741,118,334
86,-30,423
785,-620,706
1326,-1097,929
1366,-1086,1108
738,-771,1143
-655,-625,1176
-1007,-650,1193
-195,-427,1072
388,-111,784
271,115,186
229,201,-728
436,235,-1743
815,242,-2514
1391,-55,-3182
1938,-737,-3730
2390,-1296,-4147
3089,-1790,-5086
3483,-1926,-5799
3797,-1807,-6025
5085,-1977,-6159
6713,-2222,-5604
6897,-2410,-4271
5807,-1948,-3013
3720,-1385,-1884
1911,-850,-1319
956,-449,-870
658,-291,-354
675,-224,108
897,-364,216
1146,-476,592
1323,-522,740
1381,-512,770
1352,-483,908
1335,-443,1138
1152,-464,1245
844,-439,1194
463,-383,1247
-48,-302,1295
