-10,39,12
-1,-19,1
46,13,1
-6,-14,-10
-8,45,-16
-5,42,14
-23,74,9
-50,110,3
-21,49,-11
-30,72,10
-89,114,44
-133,166,54
-179,229,68
-145,196,16
-114,109,43
-113,170,68
-84,278,201
229,371,347
509,544,763
755,10,1117
935,-315,1017
1061,44,860
929,324,362
1076,582,-106
1187,626,-495
1122,643,-626
1191,565,-708
953,443,-724
417,279,-615
202,168,-433
24,80,-367
209,14,-313
609,13,-352
164,13,-262
-311,-189,-132
248,-211,-39
252,-233,-20
-8,-173,-13
14,-44,91
132,-13,141
247,-19,109
258,12,120
352,-47,121
434,-159,115
503,-86,46
605,-62,18
859,-109,-2
797,-152,46
892,-105,20
707,-178,26
590,-94,50
567,-102,100
418,-33,135
183,-14,232
128,-16,305
250,-33,493
231,-47,586
-33,-24,650
-184,-55,774
-124,-127,892
-245,-121,956
-241,-121,941
-252,-78,914
-150,-86,785
-1,-31,624
-25,58,509
116,20,429
201,17,337
262,30,266
242,109,146
252,85,92
420,75,-17
258,101,-88
214,81,-166
246,98,-140
54,54,-104
73,61,-112
164,52,-213
116,61,-265
283,65,-301
525,-71,-291
444,-168,-329
264,-330,-320
-374,-309,-187
-834,-280,-76
-1352,-499,29
-1903,-526,37
-2073,-344,23
-1913,-459,13
-1021,-596,-39
-976,-276,4
-1768,-119,-13
-2047,-181,49
-1474,-117,220
-782,-6,339
-464,98,507
-29,257,482
545,504,397
643,656,417
239,435,337
548,111,235
346,-97,348
-137,-218,197
-218,-227,121
77,-6,233
-36,133,382
-112,361,543
-24,233,519
163,305,554
256,375,721
-365,535,860
-291,254,999
388,-147,834
699,-698,655
47,-1214,101
-1166,-1417,-332
-2063,-1067,-1279
-2571,-33,-1784
-2122,1380,-2023
-1658,2380,-2107
-1650,2741,-1946
-1232,2386,-1671
-392,1669,-1472
474,1125,-1312
322,846,-1037
-16,830,-664
-12,769,-662
-113,950,-581
426,717,-371
216,125,-419
111,-516,-775
181,-709,-1061
-212,-571,-1311
-606,-334,-1522
-765,293,-1776
-921,894,-1472
-916,1325,-1071
-797,1543,-897
-471,1538,-864
108,1307,-747
214,996,-501
-482,544,-125
275,391,0
619,251,-60
306,235,-14
339,162,83
46,68,66
28,-43,85
146,128,-67
-82,297,-217
-37,300,-287
276,137,-219
-368,317,-190
-455,264,-396
104,186,-317
442,-135,-73
435,-316,155
369,-562,418
567,-1026,587
839,-1321,747
1170,-1344,839
1749,-1208,864
1802,-1092,896
1377,-1255,808
1234,-1407,604
1078,-1517,476
879,-1580,264
681,-1494,166
480,-1320,61
242,-1172,-109
-231,-871,-222
-318,-672,-300
32,-847,-510
441,-1066,-722
286,-1219,-842
436,-1519,-1010
920,-1673,-1088
737,-1762,-1156
884,-1765,-1160
519,-1760,-1210
688,-1682,-1018
530,-1744,-854
450,-1601,-738
392,-1575,-624
166,-1582,-649
172,-1494,-630
266,-1600,-598
450,-1779,-604
558,-1917,-614
426,-1890,-615
173,-1967,-578
234,-2012,-733
198,-1956,-806
325,-1863,-833
470,-1766,-823
271,-1761,-712
183,-1756,-739
329,-1596,-667
122,-1604,-548
-320,-1539,-515
-438,-1475,-514
-442,-1458,-514
-429,-1383,-509
-482,-1503,-553
-363,-1577,-745
-322,-1484,-638
-337,-1487,-517
-215,-1703,-357
-252,-1719,-376
-212,-1918,-561
143,-1876,-470
262,-1929,-404
180,-1686,-245
-65,-1592,-259
13,-1440,-294
12,-1288,-299
40,-1142,-295
34,-1111,-369
-47,-1105,-244
-219,-968,-191
40,-1002,-219
18,-893,-128
147,-830,-127
524,-864,-166
645,-845,-218
627,-643,-311
539,-389,-399
293,-51,-308
133,-161,-97
158,-82,153
444,-38,171
675,128,162
314,393,16
-139,399,-50
56,350,-1
159,435,76
176,343,144
52,168,102
-99,129,146
132,-61,136
230,-162,54
154,-125,-4
71,-144,-48
46,-209,-80
91,-328,-240
94,-284,-330
50,-275,-304
-18,-230,8
-40,-292,145
-72,-406,66
-177,-433,-65
-148,-378,-106
95,-220,-139
-2,-197,-177
113,-43,-228
140,77,-174
56,94,-110
-7,183,-55
-9,209,-83
84,189,-104
-112,210,-68
-155,317,15
-165,388,33
-108,427,33
0,507,81
67,561,30
271,657,-70
526,745,-90
208,767,-123
53,844,-31
77,830,50
-124,844,121
-290,851,133
-408,761,113
-451,807,133
-211,683,97
7,500,161
-8,362,123
29,197,138
104,92,202
53,45,225
150,-16,214
152,-68,101
197,-115,37
233,-166,6
103,-259,-48
43,-288,-191
-45,-341,-404
-128,-258,-416
-52,-160,-441
-5,-137,-486
-42,-81,-435
107,-131,-336
147,-184,-331
185,-120,-253
-28,-9,-145
32,45,-105
80,76,-26
-44,34,12
-100,61,98
-302,0,146
-199,-118,101
-85,-76,2
-99,-68,-90
59,-174,-140
120,-135,-105
89,-136,-107
88,-152,-67
118,-92,-25
111,-140,-14
134,-72,14
92,-50,13
33,-66,65
94,-102,71
13,-129,125
-54,-79,157
-26,-82,104
-49,-125,6
-55,-167,-58
11,-170,-142
68,-167,-164
73,-212,-242
74,-236,-216
133,-284,-240
51,-206,-228
53,-163,-149
58,-135,-146
-17,-79,-69
61,-99,-36
39,-88,13
4,-29,4
53,-37,76
-70,33,60
-194,-34,-8
-27,-189,-84
-82,-274,-183
-135,-458,-318
-132,-567,-331
-209,-694,-337
-218,-823,-340
-239,-902,-313
-79,-941,-343
-93,-868,-358
-32,-890,-353
159,-910,-289
236,-798,-215
270,-735,-81
285,-652,4
332,-586,62
411,-528,125
489,-477,185
595,-379,192
648,-247,291
738,-99,304
693,96,379
481,286,486
386,444,608
372,649,672
294,706,642
252,817,602
92,971,593
-308,864,506
-310,893,520
-467,772,550
-492,587,466
-272,422,338
-220,431,188
-146,415,71
254,441,55
149,517,6
-57,528,36
-84,716,156
-93,811,158
151,890,-38
341,1063,-152
225,1284,-115
166,1308,-173
567,1229,-251
609,1253,-281
700,1351,-245
766,1372,-228
719,1200,-283
575,1042,-300
321,808,-307
50,615,-251
-127,645,-98
-454,497,-68
-348,270,-207
-141,103,-383
-150,-79,-387
-92,-225,-298
114,-387,-199
18,-439,-142
-191,-547,-65
-449,-654,31
-554,-784,152
-488,-906,254
-379,-935,322
-188,-1071,301
14,-1097,330
-8,-1090,397
-166,-1088,466
-81,-1109,453
-102,-1160,458
-241,-1216,516
-90,-1269,537
-193,-1202,539
-255,-1051,513
-86,-1139,386
-71,-1192,276
-9,-1167,203
-467,-1161,121
-894,-1288,67
-567,-1417,-90
-269,-1443,-426
-288,-1351,-627
-290,-1549,-780
-260,-1601,-795
-479,-1647,-562
-718,-1601,-514
-821,-1580,-402
-726,-1636,-318
-451,-1663,-363
-225,-1768,-388
140,-1798,-568
456,-1732,-578
670,-1468,-566
406,-1054,-471
169,-657,-383
105,-447,-423
-49,-465,-404
-138,-513,-383
43,-465,-424
-47,-455,-512
-87,-106,-531
-415,-35,-584
-252,-72,-673
-39,-128,-661
-87,35,-256
-250,23,117
-41,-298,200
511,-537,265
302,-508,132
155,-281,177
241,25,124
257,411,130
72,827,106
-6,1287,44
62,1745,-59
103,2096,-245
431,2211,-431
445,2415,-428
181,2466,-304
-86,2204,-86
-19,1941,-94
-189,1785,-215
-230,1832,-266
-455,1837,-180
-538,1718,-127
-456,1515,-73
-411,1305,30
-511,1206,102
-548,1031,127
-364,844,107
-342,729,154
-416,662,239
-377,529,240
-383,293,145
-330,100,27
-237,14,-83
-241,36,-164
-193,-63,-230
-301,-106,-331
-233,-134,-452
-248,-151,-456
-307,-230,-385
-172,-406,-456
-120,-400,-535
141,-446,-523
390,-352,-452
443,-195,-256
348,74,-95
212,311,21
51,380,166
-55,383,205
44,404,231
-139,470,220
-186,471,185
-200,480,79
-281,480,35
-379,492,-37
-369,452,-130
-418,518,-213
-424,594,-357
-501,624,-438
-462,638,-475
-398,614,-501
-444,626,-427
-341,652,-408
-329,720,-315
-300,832,-204
-206,866,-148
-319,915,-137
-257,822,-116
-314,629,-141
-500,434,-139
-546,305,-162
-621,233,-139
-709,190,-271
-607,152,-348
-732,99,-280
-834,-6,-247
-807,-60,-273
-686,-73,-314
-583,-38,-316
-431,136,-264
-383,313,-252
-318,476,-186
-29,389,-120
-41,380,-53
104,312,-17
243,271,-58
131,211,-84
53,149,-105
-77,94,1
-31,24,79
35,-29,134
-32,-3,184
245,-6,212
232,-19,201
334,52,153
271,84,54
173,45,-54
193,-13,-130
115,-80,-187
51,-115,-232
109,-149,-276
315,-292,-422
490,-387,-370
269,-408,-213
183,-433,47
1009,-364,175
812,-263,179
296,-137,228
463,-116,153
675,73,150
512,274,203
374,373,309
262,431,387
488,530,318
360,637,319
-81,609,426
-92,383,366
-334,381,366
-774,303,538
-934,288,592
-857,258,436
-664,96,201
-473,-45,-84
-348,-61,-215
-198,-66,-260
-19,-92,-352
-72,-154,-321
-83,-175,-312
-19,-72,-300
104,93,-376
17,135,-287
84,235,-191
78,287,-247
-28,442,-240
-197,599,-175
-249,558,-108
-176,510,-87
-364,423,-85
-425,420,-101
-411,374,-61
-581,399,-13
-674,408,-58
-492,334,-44
-395,212,-6
-391,114,-32
-497,146,-129
-569,181,-185
-227,213,-220
-129,277,-168
-420,208,-170
-350,66,-151
-118,110,-119
-30,160,-167
-227,283,-196
-340,416,-161
-109,493,-50
-165,499,86
-230,404,55
-80,322,90
-166,510,155
-474,695,95
-506,1005,88
-125,1159,-95
96,1205,-43
22,1138,-117
-90,1093,-76
196,930,-5
347,796,119
-362,611,151
-179,389,187
149,276,129
-116,294,24
-289,151,-101
-387,88,-81
-157,45,-130
-55,-224,-313
-62,-252,-68
-209,-246,83
-185,-390,85
171,-618,122
355,-631,203
-9,-715,302
-272,-818,389
-9,-853,386
309,-781,372
442,-714,356
354,-337,486
100,-130,342
-309,50,244
-463,263,371
-152,52,388
231,35,337
-184,331,460
134,230,419
192,248,351
-479,333,274
-1158,395,149
-1844,669,99
-2504,945,146
-2393,1023,223
-1844,926,333
-1107,800,418
-211,419,469
306,223,472
571,174,416
971,21,138
760,5,258
238,43,256
245,195,218
40,213,137
-306,65,-116
-108,111,-257
381,97,-367
252,127,-326
-199,228,-212
169,206,-89
473,71,-11
483,-193,-11
209,-121,110
-205,-38,191
-258,-367,281
276,-575,211
565,-672,47
802,-618,-78
897,-354,-187
375,-213,-217
-154,-244,-319
86,10,-538
422,3,-711
366,72,-565
458,302,-374
413,152,-178
373,115,7
336,275,189
95,273,374
61,171,293
109,120,302
467,146,44
341,78,-200
-73,169,-279
-190,192,-311
529,104,-358
483,10,-452
87,149,-537
-62,200,-485
256,96,-368
450,-18,-213
-68,6,-179
-61,-72,-10
183,-81,166
-74,-75,184
-3,-40,181
-242,-1,113
-403,-38,280
-349,-102,262
-222,-195,214
-297,-182,607
-432,-38,555
-660,18,826
-785,66,543
-985,50,213
-1454,-161,-169
-1507,-433,-505
-1454,-591,-674
-1137,-778,-979
-590,-1201,-1315
76,-1627,-1421
673,-1852,-1435
871,-1757,-1357
823,-1489,-1246
670,-1145,-1146
219,-693,-1114
-234,-326,-1191
-639,-44,-1143
-1012,262,-1099
-1179,541,-1267
-833,755,-1284
26,810,-1283
-51,606,-904
-386,564,-382
-402,634,67
-450,762,287
-458,781,628
-608,773,886
-838,746,1114
-1013,728,1243
-1081,759,1295
-1288,640,1104
-1127,502,862
-915,366,775
-1105,322,875
-1576,576,1028
-1764,623,1114
-1480,459,960
-1133,388,816
-927,315,719
-792,348,612
-706,375,526
-721,464,412
-738,527,347
-721,573,361
-645,583,421
-715,642,454
-928,694,499
-1069,682,516
-947,590,554
-725,574,425
-556,494,375
-393,365,363
-279,342,237
-314,398,47
-386,444,-266
-409,322,-551
-323,244,-766
-194,116,-989
-251,-22,-1074
-232,-156,-1269
-140,-303,-1180
-117,-339,-847
1,-377,-570
180,-487,-255
131,-482,263
133,-356,716
130,-150,1038
-27,46,1233
-88,-4,1363
24,-166,1380
91,-162,1266
227,-67,1000
247,84,621
25,270,199
5,412,-180
-21,448,-577
-185,553,-926
-352,622,-1220
-398,608,-1431
-427,468,-1389
-224,201,-1226
554,-55,-900
756,-135,-605
248,-154,-39
-35,-224,521
-542,-27,887
-1192,163,878
-1660,171,970
-1656,129,1144
-1537,57,1401
-1179,39,1538
-743,51,1626
-532,-46,1662
-360,-149,1598
-179,-128,1418
-31,-78,1092
-94,-4,704
-208,158,318
-481,349,73
-676,414,202
-504,479,139
-344,477,106
-534,540,150
-774,501,257
-1169,441,339
-1262,334,431
-940,48,627
-334,-225,513
329,-472,203
512,-507,-72
474,-452,-422
580,-344,-554
500,-389,-594
317,-448,-656
296,-481,-738
466,-434,-800
463,-344,-721
257,-229,-715
7,-64,-569
-50,21,-380
-55,64,-207
-149,63,-15
-383,84,287
-540,94,661
-442,155,1042
-152,193,1414
87,256,1758
170,354,2075
113,466,2344
-78,673,2658
-464,928,2807
-735,973,2724
-811,907,2663
-774,788,2490
-532,585,2244
-353,362,1739
99,232,1246
548,402,820
544,434,367
938,72,-147
1063,-64,-428
511,-204,-529
429,-346,-688
558,-416,-765
532,-487,-746
215,-361,-712
234,-336,-657
403,-377,-642
35,-446,-607
-134,-462,-589
61,-506,-549
363,-512,-450
446,-489,-491
635,-449,-484
1016,-406,-415
858,-389,-300
421,-321,-307
407,-185,-243
367,-70,-163
81,43,-108
-142,176,-48
-266,261,-3
-309,307,111
-434,240,177
-537,133,199
-263,0,186
-36,-84,97
-93,40,139
-24,109,79
30,210,13
-182,230,-68
-184,214,-59
-46,186,-71
-9,159,-79
-34,108,-51
-23,-1,-58
-43,-110,11
11,-25,3
9,73,0
-86,132,0
-131,185,59
-167,304,201
-489,400,310
-843,418,294
-823,307,293
-448,68,224
-85,-166,247
285,-303,237
633,-336,157
826,-272,30
774,-201,-176
362,-61,-293
-18,1,-333
-127,22,-383
-109,41,-381
32,6,-366
140,-27,-434
236,-116,-361
269,-140,-266
243,-203,-224
287,-159,-169
280,-145,-155
188,-87,-111
59,36,-69
-33,43,-24
-25,52,-41
-29,43,-4
-59,78,22
49,133,18
93,94,52
-55,71,44
-47,45,68
-36,133,119
-17,178,128
-77,247,154
-142,356,232
-176,315,299
-255,118,387
-130,115,396
-32,134,312
32,122,270
-36,126,209
-106,58,160
-60,49,120
-49,-1,87
-74,-19,25
-27,-27,-30
-63,-29,-33
-17,-28,-66
40,-43,-74
122,-56,-100
136,-78,-21
58,-16,-18
29,3,3
-37,-29,77
-13,10,66
9,-42,115
19,-59,163
35,-47,287
-21,10,399
14,31,371
-74,29,306
-320,78,290
-396,57,254
-259,-43,284
-43,-30,330
-26,163,419
-17,503,485
-19,738,584
-73,867,639
-86,895,644
-42,794,602
-172,776,529
-78,827,364
-69,818,407
-473,762,402
-380,820,353
-295,1005,470
-102,927,441
247,899,425
-12,699,468
-340,358,327
-314,127,269
-558,114,221
-349,21,119
-38,1,-18
-299,74,33
-617,-152,40
-699,-466,-17
-900,-488,-348
-361,-692,-728
525,-760,-1299
919,-731,-1784
1164,-784,-1821
345,-1161,-1361
-1706,-1032,-1022
-1811,-301,-828
-341,-419,-710
419,-505,-592
1484,-353,-293
1546,-281,-86
486,169,-162
-1241,407,-390
-1806,700,-392
-1616,688,-237
-1195,357,2
-470,13,103
-147,-129,122
64,-190,46
737,-374,22
1429,-630,192
2079,-375,345
1893,-747,-242
2827,-1327,-1048
4523,-708,-849
4342,-9,246
2124,-57,635
1649,-148,1586
2233,-347,2167
1969,-353,2416
1199,-507,2456
148,-689,2362
-560,-823,2132
-557,-1006,1951
-1524,-888,1790
-1447,-869,1481
-392,-1080,1297
-603,-1139,1041
-375,-1233,664
281,-1551,321
48,-1853,134
-505,-2110,148
-765,-2572,99
-944,-2593,-154
-911,-2473,-333
-798,-2556,-467
-681,-2813,-707
-724,-2790,-684
-545,-2753,-599
-119,-2936,-607
442,-3041,-557
292,-2830,-313
126,-2671,-252
244,-2545,-300
270,-2334,-248
130,-2256,-302
241,-1891,-344
428,-1519,-316
534,-1320,-226
312,-1213,-141
69,-1012,-329
41,-843,-482
-248,-982,-761
-4,-859,-714
321,-659,-480
-5,-372,-82
-763,-58,26
-668,237,243
-361,-120,197
-152,-351,131
-267,-504,196
-491,-664,201
-760,-274,172
-917,16,250
-247,29,212
294,17,338
-467,130,572
-1097,-29,739
-1520,-112,976
-1549,-41,1020
-1217,-62,971
-491,259,668
-472,468,830
-874,528,903
-844,680,1029
202,984,1010
914,717,559
1539,315,369
690,-167,237
224,-296,489
826,-518,805
948,-530,878
-311,76,376
-1082,441,175
-495,-10,-39
129,-206,281
221,-503,517
-88,-636,382
-341,-56,-258
-166,479,-871
161,443,-1129
256,85,-863
281,-299,-605
461,-291,-545
719,-14,-637
918,294,-962
1155,461,-1241
838,70,-1031
104,-135,-400
-73,-179,70
272,-286,12
514,-124,-412
737,-63,-764
848,-226,-1130
873,-553,-1563
557,-711,-2093
-703,255,-1929
-2764,460,-1650
-3855,1404,-1267
-5264,1913,-599
-5538,1614,-533
-3555,1067,-713
-1499,581,-491
-517,225,-505
-362,64,-495
2,-37,-554
861,-187,-657
884,227,-490
-598,366,-272
-360,238,-115
70,11,-72
27,38,260
-334,24,569
105,-79,409
224,34,375
-219,-20,263
13,-97,250
-40,58,234
-329,91,202
-216,1,108
115,109,123
-108,534,47
-29,682,170
60,827,247
-240,608,495
-75,313,879
-1,448,887
-421,674,878
-625,717,925
-646,800,857
-777,493,381
-96,91,-37
627,-173,-152
538,-145,21
445,-114,20
698,-532,-116
800,-857,295
888,-244,905
321,270,1039
-383,561,1147
-78,540,1514
-375,575,2089
-750,590,2252
-408,648,2081
-197,789,1551
-367,968,1042
-1134,1234,517
-1622,1579,135
-1698,1921,356
-2429,1907,711
-2818,1360,594
-1863,591,603
79,125,894
467,-23,808
-77,162,478
-121,433,317
-207,464,213
-299,503,-9
97,385,-143
267,170,-102
523,-124,16
476,-122,147
-60,182,105
-21,326,-77
465,50,-247
585,-265,-405
818,-756,-527
1233,-709,-359
763,-944,196
1078,-1249,274
1726,-1579,-283
1784,-1792,-790
1527,-1799,-1304
1158,-1923,-1647
822,-1895,-1881
563,-1821,-1827
304,-1675,-1533
-8,-1341,-1209
-141,-935,-967
-173,-563,-870
-75,-272,-762
195,-4,-767
268,187,-788
194,255,-757
84,290,-645
135,342,-630
80,404,-440
45,511,-328
-96,583,-314
-407,560,-370
86,380,-313
449,362,-171
220,429,99
-66,542,281
52,558,353
106,485,328
43,397,274
-30,391,222
58,361,175
82,376,121
68,365,63
83,335,60
104,318,38
27,241,47
-99,211,143
-199,115,161
-123,47,90
-89,56,29
-34,11,-70
-24,4,-147
51,-4,-158
15,53,-86
-9,63,-11
-65,109,51
-110,144,86
-114,265,171
-6,375,327
-46,424,590
-228,438,813
-13,351,948
241,160,981
380,51,870
528,-5,739
666,-246,472
947,-424,344
847,-337,240
477,-420,96
328,-513,61
178,-346,151
8,-332,142
35,-346,109
73,-440,108
99,-796,70
234,-826,70
49,-864,87
-172,-941,95
-105,-1013,-6
47,-1104,-140
-17,-1113,-76
-269,-976,-49
-391,-680,72
-317,-180,257
-115,145,444
125,297,497
363,412,594
397,480,779
244,281,622
266,85,415
229,-31,226
154,-158,155
-21,-20,5
-212,105,-97
-401,281,38
-494,261,68
-362,166,76
-290,93,-60
189,-56,-211
253,-62,-173
206,-30,-128
253,4,-81
120,32,-54
-118,72,81
-386,60,100
-218,-104,85
-412,-181,85
-332,-371,-37
3,-484,-109
99,-457,-163
224,-230,-259
-102,97,-404
196,217,-416
351,348,-255
260,432,-141
199,184,-13
485,152,175
580,17,301
409,-133,439
209,-14,451
125,53,384
349,-114,459
651,-189,413
819,-125,405
-121,216,407
-607,489,596
-18,472,846
-339,112,1025
-379,536,322
115,877,-307
882,70,265
232,-592,619
-565,-484,815
-125,-429,816
116,-511,940
309,-551,865
502,-525,663
358,-504,354
-146,-601,17
-425,-415,-287
-452,-409,-506
-432,-461,-730
-809,-596,-1047
-1350,-523,-1605
-1185,-198,-2217
-62,191,-2385
477,385,-2331
647,1054,-2159
232,1222,-1606
-211,1329,-1037
206,1417,-989
513,1452,-728
595,1272,-652
767,1158,-563
781,915,-346
466,485,-168
-866,144,-86
-2093,468,12
-1977,432,-35
-1343,19,-45
-493,73,-135
-851,475,-45
-989,437,-105
-447,386,-146
-161,408,-199
-175,426,-311
-16,431,-375
408,436,-305
156,105,-264
-28,-220,-287
69,-262,-315
-25,-408,-312
60,-590,-157
89,-494,-31
178,-404,167
-137,-354,365
-456,-360,453
-75,-278,349
462,-435,357
297,-141,516
-734,-105,510
-713,-170,590
-1494,103,714
-2040,-168,475
-656,-383,167
-721,-462,-56
-752,-392,-146
-415,-462,-133
-281,-510,-98
-139,-546,-73
-95,-679,-81
-17,-757,-178
-217,-688,-300
-340,-481,-367
-445,-84,-460
-700,53,-504
-727,-80,-355
452,-312,83
155,-246,728
-653,-631,1258
-1397,-821,1458
-1951,-516,1369
-1928,-316,1327
-242,424,1172
261,1007,497
-1794,1211,207
-694,1158,529
1485,504,330
3370,-829,-259
2893,-1081,-713
-70,-227,-583
-363,-56,-354
824,-188,-204
847,-481,41
1127,-610,266
2122,-818,383
2497,-786,383
2215,-446,102
1381,-103,-155
274,100,-54
427,129,-190
526,92,-494
-428,300,-1041
-1553,590,-1386
-1273,663,-799
-96,-205,-422
671,-478,-223
-654,-176,-225
-615,47,-407
-78,258,-204
-680,425,-19
-491,427,56
86,212,102
904,-47,118
676,75,177
1093,648,301
852,1367,473
208,1950,473
-758,2562,526
-950,2373,521
-725,2045,561
-882,2031,578
-1020,2115,691
-464,2074,527
274,1906,400
745,894,150
1136,-172,-300
761,-1037,-571
686,-794,-372
817,69,-266
228,518,-239
-835,476,-67
-1167,-152,9
-861,-891,-227
-353,-1472,-589
-2,-2010,-987
-26,-2622,-1283
2,-3077,-1528
533,-3183,-1733
1289,-3036,-1700
1727,-2708,-1661
1717,-2215,-1581
1346,-1690,-1488
623,-1192,-1419
-64,-725,-1278
-150,-412,-1092
61,-242,-975
297,-293,-872
350,-281,-841
551,-299,-766
889,-392,-857
1037,-393,-871
1021,-326,-843
812,-197,-660
620,-70,-515
490,-24,-467
378,-89,-470
414,-186,-513
566,-254,-553
784,-285,-538
835,-238,-533
797,-117,-460
718,100,-410
635,187,-375
512,308,-448
317,335,-543
180,314,-550
330,121,-454
630,-102,-405
979,-284,-466
1286,-455,-539
1310,-529,-632
1186,-616,-764
1107,-640,-836
1002,-615,-857
925,-585,-910
933,-599,-876
1007,-636,-762
1059,-644,-651
1054,-688,-595
1134,-746,-587
1178,-784,-637
1219,-705,-663
1074,-530,-589
871,-349,-474
701,-239,-391
646,-260,-334
787,-350,-431
923,-473,-361
995,-513,-200
1059,-574,-175
1195,-587,-323
1332,-520,-447
1291,-250,-581
1091,128,-738
960,227,-912
929,189,-1013
890,112,-975
1121,-180,-809
1664,-514,-639
2345,-800,-663
2695,-978,-764
2637,-1054,-992
2381,-1045,-1173
2075,-923,-1172
1881,-853,-1125
1914,-803,-943
2109,-857,-731
2227,-854,-522
2208,-781,-474
2123,-774,-520
2112,-738,-655
2211,-631,-761
2190,-454,-869
2002,-465,-1009
2222,-547,-1022
2515,-642,-1318
2612,-649,-1356
2237,-598,-1190
1655,-581,-928
1965,-991,-436
2247,-1300,-49
2173,-1175,162
1745,-779,308
1205,-395,581
730,-51,717
476,11,687
536,56,860
594,244,1030
181,431,997
-326,455,968
-527,415,932
-486,441,792
-358,477,701
-282,505,623
-316,512,558
-462,528,431
-554,451,291
-565,281,182
-449,64,87
-299,-155,-48
-292,-171,-178
-305,-12,-400
-495,300,-632
-743,622,-714
-1075,698,-174
-1069,372,613
-890,2,733
-464,-232,541
19,-183,399
-106,-1,335
-537,156,316
-667,143,494
-616,73,678
-345,27,760
-91,-64,772
0,-93,654
-56,-58,489
-84,51,436
-63,93,461
-37,105,462
-29,38,440
-21,-127,445
126,-251,458
475,-368,380
804,-335,88
746,-152,-302
379,-67,-537
-188,16,-267
-428,-24,59
-94,-156,269
-24,-180,193
-279,-249,1
-565,-257,-262
-658,-377,-356
-330,-450,-298
299,-517,-278
723,-600,-225
726,-676,-92
424,-608,-77
210,-505,-66
62,-335,-107
-538,-238,15
-1354,-252,-22
-1394,-219,-20
-1278,-145,-63
-1168,-146,-80
-976,-86,-89
-1438,-35,-7
-1649,4,89
-1354,11,21
-1052,29,-49
-1004,48,-27
-598,157,-110
-52,290,-187
19,317,-168
73,353,-49
262,361,-70
376,406,-159
345,248,13
384,81,155
562,40,45
688,48,2
640,81,-19
683,129,-41
686,197,-33
572,328,-30
556,381,-29
667,436,-11
635,454,40
557,525,73
643,579,153
668,578,132
491,522,126
383,517,223
328,439,284
153,331,241
182,183,235
40,312,206
-487,367,251
-517,-8,381
131,-397,443
428,-632,246
634,-883,34
1084,-1061,-69
1261,-1266,-78
1065,-1561,-79
704,-1620,94
505,-1447,195
485,-1303,295
479,-1136,305
407,-928,68
620,-694,-101
842,-532,-17
1026,-260,43
675,-34,111
45,96,69
-172,346,13
-109,395,18
31,431,-26
13,418,-44
182,313,-30
323,174,-108
281,86,-69
411,51,-95
573,110,-141
278,93,-202
154,-153,-195
553,-164,-86
473,-39,-11
296,-14,29
293,-124,89
384,-154,285
399,-251,527
562,-332,846
353,-416,1158
-52,-542,1380
-249,-656,1366
-206,-711,1364
-160,-645,1345
-348,-652,1291
-501,-601,1179
-431,-590,924
-342,-583,624
-373,-520,338
-363,-549,90
-182,-620,-136
-47,-788,-335
-278,-850,-515
-227,-1012,-671
-5,-1150,-783
50,-1252,-903
100,-1354,-1058
294,-1393,-1185
567,-1398,-1090
597,-1430,-955
555,-1423,-887
839,-1385,-881
868,-1292,-921
832,-1132,-905
946,-1045,-893
805,-970,-840
439,-1011,-717
361,-1077,-582
331,-1110,-486
255,-1157,-405
306,-1252,-315
365,-1361,-258
394,-1437,-182
441,-1451,-141
464,-1449,-154
448,-1504,-204
393,-1562,-164
262,-1577,-140
152,-1587,-125
83,-1514,-123
76,-1510,-84
150,-1574,-79
112,-1587,-113
49,-1563,-79
-10,-1516,-45
32,-1446,-19
-101,-1397,41
-347,-1335,48
-578,-1398,-47
-565,-1488,-190
-364,-1498,-268
-108,-1454,-469
120,-1464,-537
106,-1506,-462
18,-1536,-452
-52,-1582,-422
-30,-1546,-508
-4,-1403,-481
-201,-1306,-413
-249,-1274,-360
-277,-1231,-260
-410,-1216,-183
-458,-1150,-154
-523,-1102,-189
-483,-1085,-303
-418,-1034,-690
-187,-892,-777
-89,-715,-425
-111,-683,18
-190,-691,49
-182,-807,39
12,-904,92
35,-856,94
-18,-826,165
-206,-703,332
-368,-595,361
-354,-571,243
-370,-538,153
-493,-413,121
-434,-308,77
-295,-274,89
-147,-208,106
-74,-221,152
-118,-249,65
-151,-199,89
-286,-132,32
-426,-161,-232
-579,-39,-232
-840,170,-406
-828,510,-670
-965,766,-791
-1011,1011,-927
-1081,1190,-1082
-1193,1440,-1180
-1042,1480,-1290
-738,1286,-1253
-586,1115,-1138
-867,1117,-1062
-1193,1039,-769
-1399,943,-474
-1344,894,-381
-1341,719,-224
-1340,703,42
-1193,576,186
-903,790,338
-842,724,366
-903,704,374
-1085,711,440
-1273,761,542
-1429,807,570
-1456,730,555
-1610,699,558
-1568,740,548
-1307,737,437
-1169,736,414
-991,780,369
-1098,712,301
-1023,658,342
-1013,644,393
-914,675,327
-1182,733,495
-1208,742,546
-875,586,502
-685,466,276
-365,326,189
-246,304,71
-87,226,-76
-92,197,-100
-83,132,-127
392,-341,-380
1085,-899,-623
1474,-1191,-822
2175,-1669,-1151
3469,-2045,-1351
4862,-2242,-1422
5706,-2336,-1478
5862,-2458,-1617
5775,-2039,-996
4987,-1552,-696
3507,-1249,-308
2477,-711,-78
2099,-354,258
1356,-52,288
413,279,625
322,229,612
406,164,601
456,378,826
145,201,203
-211,136,-155
-351,475,629
-182,334,632
87,-26,190
202,144,254
-112,252,403
-320,217,611
-363,41,650
-123,-147,576
41,-250,442
85,-192,341
222,-303,250
175,-372,271
-265,-398,272
-679,-243,229
322,-36,125
327,127,212
-137,103,346
-218,-359,491
-240,-264,641
-195,-460,461
-57,-584,241
-201,-410,188
-470,-274,183
-411,-362,-97
79,-311,-330
223,-232,-344
274,-125,-422
584,-56,-377
622,-15,-400
546,-44,-438
527,-98,-414
339,-153,-421
203,-212,-484
234,-227,-415
199,-162,-272
170,-114,-163
210,-128,-85
386,-220,-148
494,-320,-223
572,-255,-192
647,-136,-155
566,-220,-112
448,-392,-23
269,-576,33
220,-626,101
193,-650,94
204,-719,141
135,-802,83
137,-831,11
143,-866,43
227,-895,25
213,-875,-56
227,-815,-195
157,-768,-232
66,-709,-289
-14,-668,-217
-1,-633,-230
111,-632,-323
152,-572,-402
151,-429,-373
-26,-250,-289
-124,-242,-201
6,-315,-176
-6,-190,-110
-22,-142,-34
118,-90,47
84,-88,24
138,-63,44
35,73,31
-133,98,28
-137,13,33
18,-138,-54
256,-394,-181
347,-661,-353
202,-857,-404
57,-951,-568
60,-892,-800
-34,-748,-889
-185,-569,-787
-262,-477,-630
-337,-411,-480
-76,-240,-351
365,-99,-191
560,75,-1
455,239,249
277,339,304
-342,399,413
-1017,45,521
-783,-80,206
-549,67,313
-653,269,475
-422,422,292
-23,495,246
295,292,45
990,16,-301
1979,79,-632
3040,170,-772
4251,-220,-1185
5074,-813,-1357
4840,-903,-1153
2665,-30,-589
1396,311,120
1168,43,642
673,-131,540
508,-208,338
688,-258,152
411,-481,182
-140,-511,214
-358,-571,109
-129,-547,-28
-198,-453,-31
-231,-479,-12
-145,-516,-149
-268,-492,-195
-468,-405,-178
-500,-381,-302
-427,-266,-415
-301,59,-491
-412,186,-501
-488,116,-508
-451,169,-402
-260,318,-242
47,393,-158
-120,463,-45
-291,550,99
-226,653,87
-248,717,66
-558,634,103
-703,532,212
-666,398,267
-586,339,270
-630,311,251
-726,319,137
-708,389,-19
-680,405,-122
-672,308,-209
-622,206,-172
-574,111,-314
-527,42,-416
-447,55,-497
-540,4,-640
-789,32,-537
-853,-79,-516
-849,-121,-441
-972,-52,-302
-1102,4,-180
-1411,43,116
-1898,51,339
-2459,30,283
-2897,374,545
-3334,673,561
-3426,934,572
-2980,1094,436
-1760,1226,185
-1600,1449,67
-1579,1323,-50
-1045,1158,-217
-776,938,-442
-46,591,-786
633,281,-597
-177,282,-67
-150,-39,3
441,-137,-191
356,-141,-139
21,-668,25
713,-1122,47
639,-1212,-111
447,-1159,284
705,-1380,434
900,-1444,431
921,-1346,314
1034,-1134,5
930,-876,-425
917,-840,-870
765,-939,-1357
784,-1109,-1857
1179,-1400,-2277
1593,-1886,-2431
1934,-2324,-2417
2098,-2475,-2369
1897,-2539,-2359
1501,-2321,-2209
1746,-2261,-2132
1935,-2224,-1932
1850,-2203,-1823
1887,-2274,-1884
2150,-2282,-2159
2245,-2350,-2426
2145,-2274,-2412
1883,-1952,-2424
1713,-1503,-2509
1429,-1089,-2343
874,-612,-1898
407,-19,-1415
-31,498,-1073
-326,554,-583
-443,706,-63
-594,1060,370
-608,1047,1027
-741,1001,1492
-730,794,1809
-631,689,1855
-458,542,1577
-192,433,1198
-52,344,791
32,145,506
133,-32,413
213,22,146
97,179,-248
-471,129,-623
-409,-5,-655
243,62,-651
595,197,-660
176,416,-562
-582,588,-351
-836,615,-228
-627,480,-65
-389,415,155
-254,498,427
-576,749,610
-1163,1028,494
-1614,1132,483
-1656,1049,650
-1493,955,819
-1425,842,872
-1396,555,860
-1290,345,835
-942,32,800
-444,-187,1028
-355,-268,922
-369,-267,670
-591,-105,148
-530,-92,-61
-239,131,-44
-275,433,-255
-573,566,-409
-745,482,-264
-504,383,-217
-182,242,-287
-187,187,-279
-298,177,-242
-313,301,-316
-286,426,-358
-472,581,-198
-762,577,38
-772,390,174
-504,175,226
-209,-123,217
-58,-288,220
54,-339,172
218,-262,-5
199,-99,-191
68,42,-353
-62,150,-560
46,190,-586
180,348,-771
40,511,-787
-94,657,-402
-417,748,-78
-627,637,52
-412,532,210
-117,503,352
-3,376,501
-141,288,622
-225,194,639
-40,23,539
152,-37,432
208,-73,252
117,-65,68
20,-62,-142
67,-128,-294
188,-152,-414
343,-191,-398
332,-173,-331
249,-172,-286
224,-255,-272
336,-343,-221
534,-444,-159
714,-480,-102
774,-374,-193
675,-267,-327
571,-246,-438
570,-317,-442
694,-415,-408
836,-490,-353
1084,-691,-361
1405,-749,-434
1573,-800,-311
1593,-768,-204
1606,-673,-104
1651,-610,26
1651,-512,142
1589,-498,226
1537,-429,179
1522,-465,117
1606,-598,60
1762,-780,82
1819,-925,-84
1761,-1081,-219
1519,-1270,-215
1253,-1345,-281
1143,-1363,-425
1068,-1442,-622
1084,-1545,-838
1327,-1576,-876
1553,-1542,-835
1489,-1456,-684
1250,-1316,-604
1018,-1139,-590
960,-1021,-577
910,-845,-609
911,-747,-625
878,-618,-676
812,-448,-776
585,-244,-737
408,-60,-665
207,82,-651
-22,183,-680
-169,280,-714
-234,409,-797
-27,510,-716
-141,541,-417
-527,129,101
-687,-443,577
-222,-869,646
830,-1183,522
1752,-1212,323
2067,-1070,189
1778,-824,122
899,-520,-39
-1,-180,-164
-410,71,-282
-465,256,-436
-292,352,-407
-168,516,-355
-187,580,-265
-389,611,-159
-572,485,-122
-457,467,-122
-193,495,-115
-299,462,100
-884,503,280
-1250,418,610
-1313,318,875
-1356,217,954
-1188,54,1044
-1034,25,1310
-848,99,1522
-705,251,1789
-942,484,1926
-1253,655,2121
-1403,737,2240
-1289,815,2307
-1089,853,2254
-1030,854,2117
-992,859,1966
-858,834,1790
-821,910,1670
-855,1048,1530
-844,1245,1346
-569,1330,955
-196,1445,778
-93,1501,732
-171,1438,1068
-421,1320,1212
-681,959,1089
-284,525,1003
292,118,834
735,86,720
964,194,569
660,243,312
416,283,-10
685,214,-342
655,112,-608
579,274,-720
811,442,-613
872,293,-451
713,496,-210
377,611,-255
-193,628,-309
-45,571,-395
351,320,-359
640,89,-140
179,62,11
-359,39,68
219,-67,-36
576,-260,-13
36,-410,245
-209,-624,982
-118,-597,1743
-319,-591,2092
-672,-512,2267
-711,-143,2349
-400,-80,2324
271,-137,2119
768,30,1806
588,298,1617
602,223,1328
744,-191,1062
480,-280,968
266,-351,761
478,-435,445
537,-454,275
259,-341,78
185,-275,-128
529,-301,-549
242,-305,-861
146,-228,-1142
273,-359,-1400
534,-132,-1270
530,-409,-1309
868,-607,-1153
807,-658,-937
516,-785,-743
241,-743,-607
102,-693,-510
-33,-648,-485
-81,-662,-465
-146,-517,-389
-214,-358,-442
-238,-311,-462
-356,-282,-663
-255,-389,-916
-156,-539,-1242
-140,-611,-1176
-21,-685,-1181
88,-894,-1197
43,-937,-1136
84,-739,-987
176,-510,-917
138,-291,-775
-61,-134,-610
-112,-49,-519
-221,-58,-502
2,-106,-534
129,-232,-521
-5,-246,-358
-51,-243,-298
-145,-223,-177
-46,-211,-177
8,-195,-162
-23,-226,-113
67,-176,-185
58,-193,-164
28,-186,-180
57,-222,-181
104,-228,-183
121,-183,-183
80,-107,-100
-21,4,9
18,-3,81
-11,65,62
4,144,86
59,216,96
1,274,195
-11,276,197
-51,233,186
-48,175,273
-25,176,216
-12,177,267
-70,197,299
-87,184,322
-188,189,317
-266,135,384
-266,153,452
-212,93,490
-179,94,563
-103,74,533
-82,28,570
-58,73,614
-22,73,618
-69,250,635
-38,386,623
64,470,681
42,522,806
7,591,942
-2,609,1000
10,590,1031
-34,643,1101
-82,735,1139
95,843,858
305,1024,538
268,1317,354
142,1506,254
64,1506,261
167,1478,220
131,1519,280
-145,1366,262
-202,1133,263
-88,906,373
-118,835,445
-112,776,387
88,804,228
84,885,199
-297,1022,41
-385,1228,49
-768,1265,59
-959,1407,57
-816,1686,128
-82,1610,-7
236,1464,-45
283,1496,158
791,1246,128
753,1349,262
632,1513,384
1021,1700,546
764,1703,632
155,1577,562
-76,1481,591
-155,1341,536
-295,1074,404
-283,930,314
-194,698,270
-191,528,172
48,508,21
308,438,-203
503,400,-291
511,379,-274
478,333,-161
307,285,-101
283,354,-2
552,253,92
293,204,48
-34,407,9
-472,630,112
-725,692,407
-723,545,362
-354,443,300
-683,405,137
-721,379,32
-365,362,6
-162,384,115
-206,426,220
-339,451,216
-160,384,150
-67,193,68
-208,68,36
-104,32,-207
3,9,-547
632,14,-724
991,44,-1036
767,98,-1151
602,283,-1036
359,560,-386
-24,395,-53
-170,208,132
405,25,180
1319,-302,-47
1298,-45,-296
544,-108,-233
-35,-271,-302
-1517,4,-381
-2188,188,-509
-2026,198,-683
-2266,414,-798
-2455,826,-827
-2846,876,-1040
-3075,1075,-1059
-2934,1574,-937
-3047,1692,-745
-3061,1855,-659
-2833,1936,-312
-2768,1909,-71
-2784,2030,161
-2692,1861,345
-1960,1397,505
-1319,1143,423
-1067,902,441
-691,599,554
-432,665,535
-440,644,274
-135,621,97
-142,592,228
-370,608,318
-324,271,405
23,608,97
-199,761,-256
312,657,-527
142,525,-260
-4,167,32
100,-82,30
350,-456,-35
613,-992,167
768,-1445,574
421,-1740,909
828,-1741,1043
2491,-1723,1342
4108,-1430,1673
5178,-1085,1643
5440,-739,1357
4728,-406,1058
2977,-76,612
627,-122,401
-497,-943,-152
-119,-1379,-206
469,-1849,-259
1098,-1664,15
686,-1805,75
52,-1627,-1
19,-1701,-374
675,-1639,-308
1237,-1344,-88
652,-1270,-42
476,-1468,-339
615,-1518,-341
820,-1371,-142
510,-1236,22
85,-1084,85
-140,-774,200
-144,-558,297
-338,-478,340
-249,-512,76
-351,-406,223
-980,-602,121
-805,-519,62
-170,-102,134
177,188,104
169,221,-64
172,259,-99
-87,246,-85
-35,22,36
-144,134,67
-119,173,6
16,102,-99
72,14,-226
-115,-41,-391
-254,-24,-427
-203,-62,-487
-551,112,-649
-993,311,-955
-1039,440,-1221
-1192,433,-1344
-1037,310,-1400
-373,249,-1099
717,124,-685
830,28,-409
106,-20,-381
396,-40,-309
230,207,-338
-263,337,-402
-214,261,-386
-137,167,-113
-133,39,49
-268,-18,12
-47,4,-85
107,-3,-194
148,124,-339
204,76,-485
-183,148,-454
-633,286,-394
-424,371,-255
-34,269,-338
27,115,-374
196,-63,-448
656,70,-639
479,119,-902
132,134,-1146
526,-44,-1262
1055,-102,-1133
572,-65,-1026
-268,39,-854
-45,82,-602
261,61,-196
100,271,23
-473,436,306
-624,506,622
-55,29,244
803,-242,198
583,-108,157
49,-9,61
352,-89,-17
774,-89,37
196,44,112
-102,90,97
175,80,224
328,-14,210
662,-146,-16
954,-89,-81
655,-48,-78
354,-16,-130
298,109,-11
-105,156,226
-12,-9,152
41,-1,132
-82,86,51
-5,101,75
138,21,60
148,87,-13
-6,137,-50
-166,274,6
-238,295,120
-279,257,216
-181,279,100
-223,294,66
-185,276,139
-187,254,70
-200,194,-23
-173,130,-105
-148,-106,-232
7,-136,-173
-120,-165,-94
-161,-98,-194
33,-303,-208
104,-370,-369
-130,-287,69
-151,48,315
-846,353,122
98,103,86
816,-253,314
274,-60,160
156,109,-47
-530,314,84
-759,12,-354
474,-296,-419
1709,-676,172
286,-537,321
-119,-281,194
-327,-131,227
-257,55,285
-213,-93,-26
-8,-84,-131
-388,7,117
-293,198,-128
-184,-102,-9
-34,-238,53
-800,414,-24
-1090,419,-62
-367,56,92
-528,152,-95
-718,204,-110
-182,-29,-171
-64,-130,-219
-525,-27,-124
-671,-151,46
-441,-358,19
15,-787,20
32,-929,193
-394,-978,259
-761,-956,360
-890,-1004,493
-959,-1002,691
-994,-956,782
-989,-933,731
-921,-767,769
-934,-543,775
-930,-217,510
-1054,35,215
-1254,238,86
-1128,240,28
-849,262,216
-655,320,442
-684,411,480
-512,562,528
-115,692,522
37,795,481
-136,965,370
-358,869,488
-42,589,680
452,385,782
364,334,880
31,381,751
-110,472,813
-28,281,674
-187,375,496
-644,640,542
-333,872,239
18,699,188
568,495,254
612,-281,-74
1478,174,21
142,88,114
1302,-135,249
356,93,254
133,79,139
683,7,88
191,-53,87
83,-241,136
129,-263,312
306,-292,334
207,4,150
188,77,-43
53,58,99
-162,-133,161
-89,-330,199
-82,-29,-31
337,215,-126
138,217,-422
-114,139,-149
-990,344,-123
-550,315,-433
-672,423,42
-652,142,235
-240,204,34
-575,187,-191
-600,327,-372
-436,276,-552
-283,229,-839
-243,315,-780
-548,358,-698
-518,294,-648
-192,237,-601
-180,198,-356
-282,222,-294
196,296,89
685,467,271
1022,460,200
1438,517,162
1223,754,138
578,951,222
344,998,342
13,1057,737
-493,833,1021
-30,390,1294
998,127,1364
1185,50,1563
1108,-275,1231
707,-458,770
322,-715,640
393,-842,798
506,-649,806
-16,-324,267
-487,-197,-128
-781,-360,29
-813,-538,-268
-279,-855,-785
257,-1083,-1391
332,-1092,-1859
390,-1060,-2164
505,-794,-1928
609,-698,-1630
1068,-753,-1224
1597,-754,-1071
1931,-791,-933
1989,-841,-946
2048,-1028,-890
2622,-1019,-695
2428,-692,-527
1716,-262,-461
1227,182,-153
946,401,13
1072,180,-7
1265,18,2
1072,388,220
561,-58,203
1237,-190,271
346,-379,125
-178,-336,-160
-80,-348,-463
328,-568,-521
397,-464,-464
-262,-4,-354
-543,-102,-529
-19,-222,-656
-352,-240,-539
-950,69,136
-408,171,222
-552,448,84
-1027,676,101
-1029,677,24
-1040,612,-11
-972,497,74
-1080,574,3
-1539,675,-39
-1787,731,48
-1661,767,140
-1420,817,246
-1351,861,610
-1051,789,998
-914,621,989
-1046,631,1044
-1718,604,1078
-2087,350,782
-1355,-190,787
-334,-445,842
62,-631,846
901,-814,717
897,-749,789
346,-470,689
-1143,-154,644
-1067,71,534
-25,167,542
463,487,363
321,371,-141
809,-104,-379
2385,-242,-185
2080,-588,-320
-505,-397,-552
-525,-210,-1280
-1172,333,-1179
-3491,1330,-512
-2758,2567,538
-1219,1597,-226
-1932,1403,-374
-1283,636,-418
-309,226,-244
-1159,425,239
-503,682,777
-226,807,746
-202,632,745
-365,273,775
-3,-85,792
-317,-211,556
-869,-269,542
-433,-162,582
-657,-264,666
-822,-309,551
-239,-385,494
-459,-347,326
-420,-208,-127
-308,-767,9
1023,199,849
-211,67,558
475,-540,339
656,-347,453
-371,-513,274
-397,-609,321
-1490,-366,230
-3505,157,296
-2956,797,489
-2302,1620,743
-3107,2482,379
-4055,3101,-73
-4821,3536,-164
-5364,3910,27
-5832,4032,549
-6225,4007,1056
-6530,3739,1779
-6896,3177,2710
-6680,2451,3207
-5740,1718,3169
-4282,1003,2882
-2519,418,2442
-1194,123,2131
-611,275,1744
-751,515,1353
-1227,763,888
-1680,935,423
-1735,985,75
-1899,1203,-176
-2676,1480,-213
-3353,1756,-108
-3374,1641,252
-2341,1223,383
-465,944,550
550,820,508
226,630,777
-758,516,1288
-1619,537,1478
-1832,368,1333
-1468,33,1098
-939,-240,892
-401,-468,875
-11,-522,938
152,-521,1179
35,-383,1408
-86,-306,1483
-77,-223,1344
-68,-120,1014
-234,118,697
-345,348,415
-303,654,37
-324,1063,-473
-603,1191,-274
-1128,1028,461
-1423,583,803
-681,12,612
707,-370,316
1647,-567,94
1800,-639,-17
1471,-621,-34
907,-510,-11
380,-360,-137
83,-204,-235
-33,-88,-238
-77,-14,-145
-26,6,-72
-38,-106,-108
54,-402,-159
731,-572,-269
1183,-541,-408
846,-488,-217
216,-477,40
-170,-382,-41
-254,-395,-181
-281,-378,-94
-222,-395,152
-95,-379,356
-2,-431,468
48,-457,482
75,-474,377
115,-480,164
107,-444,43
170,-381,-133
240,-198,-456
152,181,-859
-264,352,-1092
-697,314,-1373
-382,205,-1048
5,8,-280
-11,-462,72
134,-1051,-45
913,-1398,-136
1508,-1282,-250
1638,-1155,-221
1240,-1014,-87
506,-799,-85
-66,-585,-112
-349,-303,-251
-454,-16,-141
-492,365,73
-657,584,250
-754,655,328
-754,642,187
-445,501,68
0,535,216
-107,367,746
-472,406,1288
-1032,440,1624
-1410,402,1966
-1692,224,2127
-1564,55,2353
-1386,-158,2541
-1442,-352,2633
-1585,-539,2773
-1580,-696,2688
-1633,-912,2510
-1543,-1237,2247
-1079,-1484,1905
-381,-1530,1509
180,-1394,938
368,-899,292
345,-303,160
153,-221,408
257,-193,425
315,492,793
-267,1185,848
-878,2515,1466
-2030,2085,1377
-906,734,497
9,403,418
-206,248,882
253,230,1308
430,180,1373
-142,83,1433
93,27,1443
629,12,1317
248,128,1058
-571,194,758
-877,-181,773
223,-643,591
498,-379,144
-804,285,375
-649,190,617
567,2,603
-72,172,908
-223,275,797
77,28,761
428,-114,602
340,-88,396
-135,32,311
-42,-68,222
28,223,96
-463,375,-114
-685,61,-203
-115,-107,-173
69,-170,-327
-339,-52,-539
-338,4,-695
-225,124,-750
-204,246,-811
-144,137,-911
-137,179,-633
-6,215,-678
148,-40,-917
378,-87,-1039
538,82,-1131
399,306,-1210
127,275,-1442
190,294,-1251
189,239,-1179
54,182,-945
85,159,-833
66,207,-809
-184,49,-673
-12,10,-610
55,-58,-444
-51,-67,-217
1,-37,-151
41,190,-48
46,640,-229
-598,468,-169
-55,68,86
721,-37,86
-126,113,-38
-661,196,53
-638,273,136
-1099,217,177
-588,30,310
-4,-55,252
-545,255,35
-820,186,226
-132,103,95
-466,119,-122
-120,40,-221
409,146,-269
286,266,344
-311,-346,33
845,-599,67
486,63,-23
-346,62,49
292,-7,31
63,102,41
-157,174,-25
-74,27,42
84,50,5
320,281,-69
1978,313,-305
3424,106,-671
3346,-90,-529
2161,-103,-30
1207,-280,286
1589,-387,268
2246,-314,611
2187,-425,464
2350,-796,948
1682,-1455,1019
413,-890,773
481,-47,670
-90,352,363
-233,252,268
-157,199,-27
-131,172,-135
-22,142,-98
105,94,-407
484,49,-506
918,-28,-202
910,185,-58
757,325,-231
411,576,-515
-194,873,-732
-1820,689,-576
-926,225,-567
606,607,-517
578,1137,-849
-119,2219,-1532
-109,3527,-2426
-1533,4826,-3181
-5626,6015,-3617
-12209,6399,-1957
-15657,6389,2358
-12878,4892,5091
-7969,2831,5552
-4074,1405,4184
-1736,694,2607
320,14,1216
1784,-692,717
2472,-942,676
2183,-568,699
905,-73,790
-760,471,779
-2159,714,479
-2707,647,329
-2343,570,52
-1742,531,-49
-1224,538,-150
-474,444,-257
36,69,-323
793,-345,-276
1524,-579,-85
1576,-450,6
972,-130,-78
156,175,-214
-365,402,-445
-335,429,-580
187,388,-602
732,264,-559
811,236,-552
662,160,-482
321,235,-297
264,148,-100
1135,-59,1
1383,-80,-52
283,-34,-95
-1113,24,183
-1746,37,853
-2060,182,1017
-1973,95,936
-1571,-127,917
-1322,-153,981
-1097,-101,1196
-914,-31,1340
-935,44,1354
-1000,94,1222
-918,232,1015
-962,455,706
-1262,481,412
-1580,529,181
-1737,731,-170
-1655,1045,-720
-1557,1298,-1389
-1506,1272,-1574
-1391,957,-1064
-1255,484,-202
-911,91,184
-146,44,197
646,32,292
874,-1,421
579,114,633
-27,248,861
-741,419,993
-1174,537,983
-1317,505,893
-1260,465,649
-997,447,572
-688,470,497
-526,469,416
-474,508,285
-549,466,154
-365,513,53
-94,437,-185
77,258,-280
-480,146,-42
-634,239,149
-901,272,115
-1297,76,116
-1034,-121,192
-463,-238,396
82,-369,570
343,-475,844
686,-569,1084
1094,-720,1264
1294,-726,1171
1035,-606,1072
458,-361,885
-45,-84,499
-433,228,14
-880,455,-561
-1296,463,-933
-1067,394,-628
-302,84,391
244,-56,953
632,-447,958
1145,-776,917
1416,-931,895
1464,-949,933
1324,-948,1103
1033,-834,1101
787,-653,881
567,-509,678
331,-255,515
125,-52,348
81,83,329
-52,74,418
-72,-38,495
380,-9,189
782,-17,-385
182,-22,-104
-612,-36,210
-493,-103,-17
-99,-287,-174
152,-742,-362
362,-1145,-360
737,-1518,-412
1103,-1806,-464
1146,-1937,-383
702,-2069,-123
-14,-2187,-45
-504,-2057,-266
-581,-1815,-659
-286,-1564,-1140
245,-1425,-1633
706,-1392,-1869
734,-1467,-1887
400,-1494,-1551
-19,-1395,-1175
-25,-1038,-869
298,-732,-816
672,-715,-822
1167,-785,-673
1541,-998,-527
1958,-1325,-368
2520,-1428,-158
2609,-1522,33
2137,-1574,114
1681,-1454,125
1378,-1318,113
1273,-1280,70
1617,-1314,102
2439,-1218,198
2879,-1167,246
2235,-1098,286
1833,-1092,251
2089,-1018,138
1895,-1227,-271
1622,-966,-705
795,-775,-847
687,-894,-864
981,-961,-832
1017,-1025,-895
841,-1516,-941
885,-1752,-1121
616,-1410,-925
-475,-1283,-1005
-896,-1209,-912
-85,-1069,-942
149,-853,-619
18,-601,-172
268,-457,-22
381,-392,58
496,-103,261
234,-285,229
371,-130,303
620,182,713
145,630,1061
-773,1007,1265
-1271,1161,1045
-1169,1223,207
-783,1248,85
-721,1252,580
-1170,1368,836
-881,1675,945
-641,1808,800
-673,1865,687
-812,1684,496
-686,1477,422
-696,1210,132
-549,1043,-255
-88,1071,-354
33,1080,-221
-288,1025,-120
-113,997,73
190,987,120
100,1004,105
22,1016,117
-498,915,370
-889,482,559
-862,154,658
-491,-154,455
-263,-403,444
-279,-539,564
-83,-711,484
236,-918,332
641,-1079,312
446,-1285,302
347,-1239,418
552,-1153,312
834,-1233,174
429,-1023,18
-323,-1009,183
323,-1101,281
677,-960,99
154,-788,-217
-396,-696,-387
-174,-290,-309
575,17,-59
712,200,277
151,592,624
-40,824,705
47,309,443
545,-180,-73
974,-631,-280
697,-944,-250
443,-1036,-307
271,-819,-317
392,-936,-465
660,-889,-380
153,-547,-167
-420,-402,182
-541,-642,407
-218,-1174,600
131,-1349,536
172,-1215,492
251,-1316,360
413,-1070,267
365,-853,200
200,-745,131
405,-571,38
833,-578,-38
1059,-593,-54
787,-617,134
271,-804,312
128,-1060,300
-3,-1147,42
-294,-706,9
-896,-183,267
-989,72,252
-858,377,40
-1013,681,-166
-1349,833,-334
-1461,890,-277
-831,733,-46
-364,670,57
-232,835,141
-373,921,193
-20,825,119
541,298,-19
252,-144,-13
-286,-201,-55
-223,-90,-311
-1,114,-589
414,50,-683
394,24,-312
-580,4,333
-542,-286,417
-96,-623,282
388,-660,56
347,-476,-168
-193,-223,-242
-665,-61,-67
-439,-110,-41
-86,-112,-2
-275,-154,55
286,-33,-25
403,342,68
137,414,184
96,236,-10
-317,13,-82
273,313,-331
624,163,-540
-245,283,-206
-728,494,-116
-835,492,-163
-738,437,-232
-93,478,-394
249,611,-438
431,679,-360
569,692,-232
466,486,-164
235,335,-62
4,175,-42
-193,-55,-126
-427,-249,-227
-507,-407,-236
-421,-517,-266
-180,-606,-606
-137,-575,-843
-342,-372,-845
-397,-223,-674
-245,-349,-665
-86,-397,-566
160,-423,-718
281,-287,-773
154,-85,-668
192,-73,-586
186,-12,-615
203,140,-582
190,291,-526
131,294,-402
-17,322,-331
-144,368,-207
-204,430,-96
-341,455,13
-421,520,29
-379,461,-9
-386,464,-146
-499,551,-190
-552,671,-134
-445,761,-271
-465,874,-361
-606,921,-237
-749,759,-166
-658,537,-78
-447,530,-112
-359,769,-222
-441,975,-290
-724,1008,-264
-981,803,-113
-1048,608,-1
-956,470,1
-831,590,-81
-692,530,-117
-634,485,-190
-603,430,-229
-616,325,-240
-546,277,-261
-288,229,-321
-99,230,-295
-94,293,-272
-78,351,-331
-202,449,-259
-317,506,-166
-404,432,-100
-368,344,-87
-208,311,-54
-85,326,-71
-110,326,-32
-173,328,15
-89,302,4
15,153,82
398,76,200
804,55,61
645,179,-11
84,128,116
40,-73,179
-131,-60,220
-355,-23,216
-326,-15,250
-298,-123,195
-216,-132,202
-167,-96,249
-96,-121,218
-257,-95,171
-413,-170,199
-419,-231,349
-459,-122,389
-439,60,432
30,206,384
339,214,299
232,240,300
-273,53,452
-108,-62,628
266,-71,686
273,-268,269
413,-464,234
274,-643,172
-24,-583,-352
332,-355,-732
383,-92,-772
-152,-49,-792
-226,-66,-674
212,29,-400
612,-124,-257
1206,-208,185
1542,-157,366
1063,28,290
313,618,384
-527,824,363
-520,603,307
239,382,124
-14,410,46
-752,337,-42
-844,369,-41
-601,286,7
-208,-38,-36
-54,-197,51
26,-35,97
-140,87,69
-265,-153,-223
-35,-208,-276
-71,-95,-127
-464,-52,-196
-562,-198,-380
-636,-105,-538
-982,75,-646
-885,-147,-717
-175,-442,-697
395,-761,-623
170,-347,-348
-305,171,-172
-257,155,-192
63,-103,-285
284,-355,-222
182,-225,-209
-439,45,-624
-868,155,-583
-798,-1,-25
346,-188,276
295,19,414
-212,-42,387
-92,-193,352
-214,-175,270
-679,90,208
-787,57,328
-653,37,300
-624,-93,322
-370,-4,404
-174,-10,572
-98,-17,631
14,-156,544
1,-195,553
-54,-84,400
34,-130,30
79,-221,-280
-162,-323,-455
-345,-468,-528
-138,-611,-665
356,-736,-684
816,-793,-809
843,-795,-820
648,-717,-745
490,-642,-673
300,-581,-620
254,-499,-658
436,-504,-669
728,-531,-530
1013,-546,-392
1037,-470,-290
871,-384,-296
650,-187,-318
545,36,-264
432,73,-281
343,93,-281
346,42,-191
289,-27,-147
246,-43,-82
137,-13,-35
29,-93,15
-119,-174,42
-105,-232,94
-102,-269,126
-249,-336,110
-406,-371,287
-520,-552,180
-445,-649,-8
-380,-686,24
-458,-698,134
-434,-697,160
-336,-560,-114
-314,-331,-168
-156,-29,-38
-58,155,-25
-75,327,-53
-102,447,138
-272,493,368
-371,514,762
-306,583,1169
-342,661,1426
-523,751,1536
-792,873,1535
-1218,624,1483
-1403,344,1266
-1245,233,1012
-868,161,606
-548,50,304
-391,-21,-92
-96,-166,-498
294,-225,-1041
690,-256,-1593
919,-253,-1853
936,-153,-1881
807,-63,-1909
455,33,-1809
52,109,-1699
-220,171,-1336
-243,224,-876
-202,212,-441
-50,65,-56
245,-143,273
483,-326,506
516,-471,766
468,-610,905
406,-720,958
499,-835,768
674,-881,505
743,-912,258
877,-813,-90
998,-554,-428
918,-180,-762
473,217,-1094
-93,497,-1358
-351,561,-1569
-155,590,-1821
444,625,-2031
830,528,-2024
920,370,-1286
794,258,-251
383,206,640
189,85,1060
689,-226,1394
1269,-614,1362
1508,-917,1204
1553,-1158,1258
1633,-1273,1407
1684,-1254,1291
1770,-1168,907
1861,-1179,388
1653,-1513,53
1304,-1795,-42
1556,-1914,-499
2323,-2044,-1073
2948,-2237,-1399
2633,-2230,-1446
1696,-2059,-1338
1091,-1741,-1009
970,-1423,-684
879,-1117,-440
976,-797,-143
879,-642,63
432,-451,193
61,-363,336
58,-334,385
218,-370,314
331,-471,193
357,-611,7
548,-702,-353
846,-704,-924
965,-539,-1703
973,-296,-2764
847,-90,-3477
567,293,-3769
115,217,-3613
-174,-257,-3090
323,-684,-2477
1207,-952,-2057
2046,-1083,-1621
2750,-1169,-1234
2929,-1215,-796
2507,-1097,-432
1678,-687,-160
681,-219,-19
-189,145,0
-634,426,-4
-860,651,-76
-777,736,-119
-653,801,-33
-649,745,34
-720,741,122
-831,627,35
-647,594,-54
-719,475,-165
-1174,271,86
-1550,-40,607
-1638,-69,1025
-1587,96,1255
-1822,201,1723
-2243,120,2192
-2226,-81,2422
-1475,-106,2468
-581,-35,2266
-51,-12,2089
-116,42,1721
-576,172,1408
-1228,312,1042
-1696,391,852
-1676,431,523
-1221,359,40
-512,444,-504
-82,521,-1019
-29,584,-1582
-140,649,-1812
-407,545,-1667
-604,496,-861
-890,570,-502
-1073,303,-193
-557,15,57
267,-110,181
786,-129,355
787,-89,500
355,54,656
-299,225,801
-1097,538,831
-1685,719,715
-1901,799,696
-1889,868,809
-1738,848,824
-1301,674,711
-727,440,581
-277,341,443
-314,364,212
-941,263,350
-1611,308,445
-2054,257,409
-2066,-84,525
-1351,-559,960
-531,-868,1422
34,-1043,1655
347,-1217,1750
239,-1342,1852
-124,-1417,1883
-318,-1471,1784
-282,-1572,1778
-101,-1475,1745
328,-1273,1664
766,-1083,1595
455,-861,1497
-404,-667,1467
-839,-512,1412
-1023,-623,1495
-1320,-900,1784
-1375,-1297,1604
-830,-1794,1186
-156,-2225,736
369,-2410,406
623,-2291,251
451,-1796,70
145,-1363,-214
24,-1066,-483
176,-759,-797
372,-496,-965
301,-119,-827
65,245,-693
314,1004,-429
783,1939,-63
-780,748,470
-1190,-476,485
68,-699,1050
927,-180,1032
742,397,597
-41,866,120
-87,905,18
464,716,120
1015,504,192
974,322,188
316,268,23
-58,648,70
62,836,228
117,877,311
-39,640,285
-46,274,126
-534,64,-52
-227,-313,-21
-416,-44,46
-380,505,92
-275,615,323
-554,357,429
-205,376,546
-175,523,526
-132,471,438
-184,221,433
-146,299,481
-318,282,329
-118,32,197
43,126,243
152,16,227
-1,40,135
-290,15,-104
-987,-99,-389
-1213,-8,-430
-1558,43,-449
-1874,-36,-730
-2050,200,-903
-1567,422,-786
-500,769,-480
111,669,-406
407,133,-77
-230,-233,238
-511,-159,327
-624,-133,249
-860,-113,27
-1401,7,155
-1326,-372,59
44,-821,-240
1390,-334,-343
-7,260,-592
-1510,306,-65
-474,129,-115
236,75,-149
23,7,95
19,194,132
-189,534,230
-332,353,331
-42,200,287
160,58,267
114,-127,226
-59,-21,231
-249,-21,259
5,15,268
331,365,86
-611,100,-74
-346,174,-221
-883,266,-597
-988,-124,14
172,-265,427
351,-195,657
192,-11,443
-93,-97,-6
211,-359,-279
917,-523,-441
1287,-535,-354
2800,-25,-143
4408,-382,-341
3934,-432,57
3851,-960,-728
6416,-2086,-603
9359,-2316,-577
6545,-1551,344
78,-405,326
-914,358,251
46,890,173
-470,637,-154
-661,415,-34
-595,474,179
-374,308,281
-172,221,341
-164,196,250
32,266,255
172,418,313
117,433,84
67,472,-22
73,973,-396
-535,778,-388
-858,875,247
219,1003,0
60,895,42
-449,1038,101
-571,1053,84
-558,821,133
-411,550,102
-426,385,99
-375,349,223
-69,247,255
395,-57,10
-49,-132,-123
-402,-350,-232
43,-314,-242
-188,-137,-299
-164,-150,-357
227,-203,-316
424,-173,-260
506,-84,-199
300,-212,-288
-231,-166,-643
-773,402,-828
-905,1364,-1190
-1963,1383,-1520
-4376,1622,-1730
-1997,2280,-2307
1274,2816,-2292
454,3694,-3224
-3404,4459,-3732
-8678,4792,-2460
-12309,5130,2096
-12041,4994,5929
-9117,3510,6600
-6476,1604,5600
-3998,129,4318
-1495,-650,3140
1192,-1069,2309
3274,-1091,2023
3905,-478,1689
2440,667,1215
-664,1790,656
-3117,2593,43
-4253,2829,-398
-4465,2665,-840
-3869,2267,-1285
-2192,1943,-1758
-11,1621,-2266
1579,1310,-2600
1844,746,-2509
862,497,-1637
-169,497,-746
-1083,501,-141
-1671,460,231
-1237,226,309
-373,-112,249
43,-389,132
513,-645,27
1014,-838,-73
1239,-854,108
1036,-781,355
529,-670,784
-29,-430,1224
-572,-5,1438
-927,447,1123
-1354,548,576
-1771,439,416
-1874,320,428
-1495,244,593
-951,167,720
-498,91,697
-399,110,559
-451,129,318
-493,99,116
-606,155,134
-771,152,163
-743,195,108
-502,108,-15
-292,145,-215
-133,237,-586
100,379,-741
-182,680,-800
-1072,550,-444
-1591,-143,417
-1025,-685,1101
165,-882,1446
1338,-866,1421
2015,-820,1195
2074,-587,1070
1469,-273,801
302,22,394
-837,302,-40
-1237,588,-430
-1229,838,-676
-951,947,-837
-502,981,-928
-218,922,-1198
-82,816,-1445
-112,609,-1594
-23,376,-1409
465,302,-1408
276,132,-1276
-609,-84,-502
-1161,-198,314
-1579,-120,928
-2018,-237,1281
-1994,-477,1554
-1462,-773,1815
-808,-967,2049
-237,-926,2175
80,-801,2160
113,-689,1987
84,-630,1727
48,-422,1360
-88,-90,950
-361,296,471
-826,655,-75
-1152,1019,-757
-1459,1368,-1554
-1562,1632,-2012
-1384,1642,-1902
-1102,1185,-1104
-698,544,-319
-308,171,121
485,-60,334
1003,-45,352
1072,-117,383
726,-115,399
79,116,355
-715,295,282
-1043,353,259
-1005,372,281
-765,385,311
-640,372,292
-623,403,227
-702,415,67
-790,366,-113
-573,310,-308
-293,282,-428
-346,216,-309
-807,282,-48
-1518,538,66
-2212,538,170
-2395,289,534
-2245,138,947
-1857,-43,1267
-1606,-129,1471
-1382,-292,1568
-1120,-477,1640
-877,-553,1674
-763,-507,1685
-733,-477,1662
-886,-365,1544
-1217,-240,1365
-1425,79,996
-1252,671,509
-1379,1446,183
-2351,1807,240
-3660,1604,733
-4404,1067,1088
-3777,353,1011
-1503,-575,1078
1103,-1367,1569
2598,-1765,2095
2365,-1953,2627
1030,-1828,3044
-411,-1814,3169
-978,-1852,3096
-1034,-1821,2902
-919,-1717,2408
-441,-1596,1903
-176,-1313,1543
-242,-880,1050
130,-534,521
643,-113,275
1111,388,103
1447,761,482
1271,1187,437
-101,1217,281
-2771,883,-245
-2844,1055,337
-867,1145,1032
-689,746,920
-1551,30,604
-2843,755,1068
-1202,103,1185
-531,-728,997
-1647,-596,1301
-177,-88,1006
-5,-411,625
-2372,-1789,1164
-2489,-2758,2151
398,-1671,1901
761,196,731
-558,743,154
-86,800,-344
755,634,-888
-38,79,-995
-480,-529,-737
632,-913,-566
468,-1195,-698
763,-1448,-714
1454,-1427,-967
1181,-1101,-1073
248,-576,-997
-196,-444,-1007
-121,-550,-1180
-200,-605,-1296
-176,-465,-1087
-172,-37,-917
-429,418,-565
-929,260,-275
-159,-224,33
230,-245,543
328,19,846
212,247,1059
155,366,1220
24,269,1040
-525,212,935
-907,186,877
-881,90,652
-730,182,256
-827,360,88
-746,377,-13
-236,280,-79
252,398,-7
395,712,103
313,590,31
774,281,-130
982,317,-209
664,417,-192
525,326,-448
429,417,-588
160,384,-631
17,-149,-241
859,-475,10
975,-339,-108
178,-318,-146
252,-406,-110
541,-413,-211
395,-412,-254
205,-355,-244
212,-388,-376
180,-423,-441
127,-521,-408
32,-434,-572
-181,-336,-702
-148,-395,-703
-46,-303,-728
-259,-220,-889
-294,-188,-966
-236,-120,-1111
-296,-146,-1213
-392,-156,-1313
-312,-231,-1399
-294,-315,-1442
-215,-564,-1371
-175,-584,-1518
-96,-509,-1622
-55,-911,-1792
198,-1030,-1607
209,-993,-1583
-178,-1088,-1426
-335,-867,-1161
-314,-830,-1041
-211,-1052,-1093
-134,-817,-987
-303,-623,-831
-585,-662,-863
-762,-511,-808
-548,-340,-584
-128,-358,-489
-22,-363,-352
-90,-77,-178
-126,148,-8
-278,98,-206
-457,201,-206
-317,91,-50
-33,-90,-125
-14,-30,-72
-54,36,-80
-112,147,18
-82,171,41
-97,216,36
-93,162,45
-76,94,56
38,45,2
103,-16,10
135,10,52
52,78,123
12,217,180
258,610,62
394,869,-362
528,1211,-1166
108,1492,-1721
-111,1824,-2275
728,2033,-2873
1410,2301,-3579
1959,2539,-4564
2374,2692,-5774
2277,2712,-7018
2066,2816,-8158
2757,2027,-6366
2677,616,-2223
2724,514,86
2620,434,40
4097,166,-143
5154,-512,-161
5340,-1050,239
4787,-1360,245
4079,-1354,53
3350,-1202,17
2656,-957,-22
1973,-707,-12
1301,-440,108
916,-302,46
923,-193,-196
1098,-220,-462
1200,-279,-709
1364,-349,-853
1676,-405,-1024
1855,-380,-1041
1785,-306,-1003
1592,-205,-925
1487,-166,-876
1475,-156,-906
1541,-169,-917
1539,-139,-963
1386,-53,-902
1129,-24,-863
839,-8,-918
737,-60,-863
766,-89,-798
599,-101,-651
303,-65,-361
-39,-268,179
-19,-463,794
435,-534,1056
1095,-666,1063
1595,-733,1088
1742,-662,962
1590,-538,731
1247,-519,391
946,-359,-40
792,-251,-396
1108,-130,-662
1358,16,-794
1317,95,-969
761,265,-1111
232,326,-1227
164,242,-1228
676,116,-1080
1095,14,-902
700,-121,-397
506,-304,270
249,-364,771
-11,-422,831
-134,-716,867
-41,-880,906
167,-843,1044
307,-780,1164
271,-729,1248
89,-648,1158
-153,-504,957
-388,-401,641
-335,-363,298
-68,-259,-49
280,-163,-426
625,161,-837
573,571,-1512
51,853,-2224
-469,1010,-2506
-619,932,-2122
-643,465,-1180
-607,69,38
-45,-86,736
728,-262,1098
1321,-371,1186
1587,-533,1174
1675,-650,1183
1512,-555,1161
774,-248,922
-224,145,625
-661,424,245
-518,535,-4
-212,544,-329
57,547,-643
308,160,-1119
453,29,-1307
595,82,-1484
147,53,-1309
-426,-61,-780
-631,-19,-394
-960,-96,-110
-1125,-277,239
-912,-431,516
-664,-504,841
-411,-539,1083
-202,-518,1256
-198,-492,1332
-242,-429,1239
-376,-345,1004
-446,-333,704
-341,-333,529
-246,-208,324
30,63,-99
110,329,-719
-18,530,-1214
-78,718,-1408
-324,721,-996
-491,381,-314
-402,80,241
152,-137,391
780,-279,442
1101,-327,401
1139,-273,294
1035,-174,237
811,-37,99
395,222,-78
-171,536,-108
-501,720,-153
-599,835,-238
-472,835,-320
-427,848,-406
-532,755,-448
-197,341,-236
543,295,-158
437,510,-399
-199,641,-554
-1378,593,-626
-2494,371,-402
-3101,164,66
-2774,-283,606
-2064,-599,1040
-1521,-758,1334
-890,-880,1497
-385,-836,1543
-123,-807,1527
-81,-747,1514
-317,-492,1432
-651,-267,1386
-754,-82,1371
-604,136,1109
-501,483,702
-692,830,313
-1073,1128,-81
-1404,1325,-337
-1539,1135,109
-1244,1174,1049
-940,1510,2154
-627,687,2623
291,385,3543
1904,146,3968
4218,-210,4173
5721,20,4297
3400,644,4055
-532,1085,3786
-2151,876,3234
-1452,470,2491
-705,435,1986
-318,451,1714
-190,195,1443
920,-318,1099
2092,-591,1307
1273,-411,1387
-1877,288,1599
-4252,479,1000
-4998,551,367
-3960,830,-281
-1675,949,-821
717,612,-1170
1190,229,-1259
100,319,-1279
-1091,658,-1152
-1591,673,-963
-1192,740,-962
-229,815,-1025
-479,676,-833
-1938,449,-466
-2865,400,-187
-2767,424,-404
-1958,290,-875
-1131,18,-1202
-390,-3,-1446
286,61,-1461
657,214,-1172
432,225,-935
-182,-29,-966
-310,-341,-797
-35,-564,-853
-64,-576,-823
255,-577,-741
73,-409,-817
-405,138,-1390
-125,629,-2186
399,585,-2881
1371,459,-2966
150,-180,-664
629,-136,-1347
1499,430,-1580
-504,61,-1886
-508,-848,-1098
4043,-2499,-44
6399,-2765,2458
729,-1983,5537
-2244,-372,5667
-1800,264,5476
-753,363,5384
693,676,4855
1391,1137,4375
1858,1721,3700
2523,2204,2654
2458,2551,1683
2266,2793,690
2458,3310,-362
2469,3866,-955
2285,3970,-790
2574,4223,-317
1815,4230,361
868,3660,698
1146,3012,642
1279,2549,533
1003,2206,466
628,1985,565
-436,1619,807
-1095,1002,843
-799,457,654
-358,623,604
-1057,755,347
-1376,903,273
-643,776,188
285,531,-129
656,116,-508
1716,-199,-420
3102,-184,-570
4033,-65,-880
3110,-357,-607
249,-654,-179
-491,-354,-127
-1210,202,4
-1436,364,247
-1635,629,279
-2126,614,256
-1563,512,198
-543,371,140
-114,167,-83
56,64,-155
227,38,-95
194,23,-75
129,-28,-179
19,-58,-459
79,54,-617
448,86,-961
880,231,-814
238,360,-107
-1072,429,283
-2102,99,514
-1124,-557,289
446,-815,61
944,-611,72
613,-233,36
-15,251,-195
-372,605,-292
-191,900,-420
-320,1223,-462
-569,1454,-512
-703,1465,-585
-621,1545,-748
-43,1708,-1298
396,2050,-1281
-198,1941,-638
-1534,1766,11
-2353,1394,314
-2475,1277,630
-2555,1256,795
-2773,1186,992
-2890,1037,1003
-2848,662,1015
-2668,365,1191
-2111,90,1267
-1641,-89,1252
-1598,-287,1119
-1347,-385,726
-1050,-190,381
-1038,254,126
-898,957,-59
-806,1386,-25
-1079,1263,-717
-1054,1158,-857
-218,1242,-815
641,2074,-831
-1804,1998,-252
-1812,1085,689
359,1206,1846
762,1979,1654
-682,2481,1267
-1229,2584,1224
-733,2031,1587
-948,1488,1841
-1201,1184,1969
-1305,548,1802
-850,-662,1400
934,-2321,748
2107,-3233,-24
1227,-3306,-624
-337,-2622,-1118
-779,-1441,-1442
-904,-455,-1384
-1178,780,-1353
-362,829,-81
1111,-27,1083
1770,544,1582
-298,1751,1748
-2522,2284,1893
-1597,1973,1671
-47,1385,1294
274,1221,1029
398,1300,616
112,1418,144
490,1454,-277
1148,1462,-641
2031,1135,-733
2331,664,-559
2567,300,-283
2617,135,154
2288,116,274
1315,175,331
620,-57,249
714,-526,317
1125,-1143,508
806,-1515,545
-96,-1696,443
-222,-1650,411
-272,-1502,481
-713,-1300,306
-812,-1253,290
-494,-1100,213
-517,-1061,53
-910,-696,-60
-822,-759,-281
-471,-708,-239
-158,-587,-49
-512,-420,23
-778,-365,172
-134,-292,236
129,-446,208
737,-623,4
1418,-875,-343
1586,-1022,-608
532,-1184,-72
567,-1774,129
858,-1883,91
-401,-1643,-446
-1873,-1142,-951
-1975,-481,-1258
-1094,-169,-1684
-886,-116,-1636
-762,204,-1198
-379,813,-275
-287,1189,124
953,1382,483
781,1735,853
340,1829,1014
43,1760,1155
150,1571,1143
452,1159,1001
336,769,931
286,730,843
-366,781,640
-932,705,465
-785,619,389
-402,385,389
-248,273,358
-292,415,352
-959,667,430
-1273,510,497
-450,133,526
295,-387,499
199,-765,333
367,-702,380
235,-317,201
-495,50,143
-848,208,299
-1414,267,211
-2054,391,209
-2236,237,366
-2226,-28,216
-1845,-77,-156
-658,-137,-71
-301,-235,48
-899,-10,282
-248,-90,351
890,-297,427
1097,-30,464
-403,125,440
-291,170,572
-20,297,743
-780,720,694
-635,791,802
-890,785,919
-1182,1120,693
-991,889,450
-791,699,241
-499,904,-22
-518,982,-160
-614,905,-268
-41,693,-321
487,498,-322
251,521,-320
199,546,-148
339,541,-76
302,586,-85
210,474,-239
265,369,-341
465,201,-479
671,186,-741
618,189,-903
607,45,-1086
765,38,-1378
717,31,-1663
947,-235,-1769
2008,-889,-1748
3350,-1814,-1400
3686,-2696,-641
3727,-3200,28
3227,-3579,447
1675,-3754,597
159,-3166,298
-5,-2172,-244
61,-982,-928
-19,181,-463
-706,981,366
-1431,1754,908
-2372,2479,1155
-2187,1282,1111
467,80,942
1938,-429,287
2009,-914,-631
2017,-1703,-1696
2097,-2418,-2544
1893,-2292,-2800
1465,-1327,-2522
1664,3,-2000
-793,1566,497
-1847,1856,1052
167,1183,1627
1082,983,1746
-29,1271,1608
-827,1360,1447
-1173,1231,1179
-1355,725,1050
-662,485,1084
-814,763,1050
-1837,1348,833
-2711,1710,799
-2910,1664,609
-2908,1390,439
-2144,1254,396
-1572,1185,168
-1466,1027,-138
-850,640,-490
-100,231,-768
546,-133,-909
1191,-230,-1231
2096,-756,-1901
1274,-1231,-2147
1104,-1598,-2127
1766,-1950,-1801
1971,-1919,-1404
2400,-1514,-588
1813,-776,443
549,592,1095
-807,1658,1390
-2196,2558,1822
-1201,2466,2151
-2,2610,2281
-850,2662,2154
28,2175,2020
1091,1265,1835
1523,17,1609
1348,-542,1143
-493,-1351,-152
683,-2219,-1502
1490,-2220,-1918
1083,-679,-1566
466,816,210
-1693,1207,967
507,883,1513
1948,1417,1339
745,1000,1029
932,-227,447
2794,-233,272
3328,68,193
2660,462,107
479,1030,-152
-1673,1439,-255
-2012,1994,-374
-1264,2146,-336
-247,1996,-212
-421,2033,-76
-600,2139,16
-370,2231,57
-742,2241,179
-837,2440,277
-1104,2529,362
-1120,2446,535
-742,2133,610
-929,1611,635
-499,1273,780
598,1113,812
758,1068,906
704,923,1075
561,906,1263
140,1029,1390
-608,1211,1278
-883,1091,1127
-411,1009,896
-234,734,537
238,317,133
474,-51,-155
746,-372,-530
733,-482,-862
209,-630,-1209
-904,-559,-1254
-673,174,-1026
-3,215,-1082
343,-207,-952
267,-221,-667
-676,-223,-313
-331,-301,-133
93,-380,-79
-62,-241,24
-265,-137,66
-331,15,49
-343,-67,137
-286,-328,146
-201,-498,55
-211,-558,-5
9,-650,-161
302,-672,-482
261,-599,-844
477,-439,-922
-226,50,-631
-1715,478,-333
-2406,491,36
-2129,-9,104
-1003,-445,260
-155,-546,309
204,-568,375
175,-478,397
-207,-254,388
-507,30,511
-717,338,609
-1001,681,688
-1197,959,822
-1438,1329,962
-1742,1353,1054
-1453,1030,1002
-801,778,921
-929,749,908
-844,865,873
-779,1014,1005
-1244,1147,929
-1121,1058,879
-541,879,970
-230,690,1014
-594,762,1117
-1214,771,1111
-1995,810,1039
-2411,781,779
-2227,552,245
-1936,415,-651
-351,347,-1253
1851,-326,-1554
3677,-487,-1796
1617,102,-56
-1027,821,1330
272,1062,1661
1411,1472,1418
211,1439,379
-1780,780,-1308
-1834,605,-2012
-243,251,-1584
1398,-429,-1288
474,-599,-135
-97,-847,279
-57,-938,413
-52,-1139,-278
-270,-954,-729
-175,-424,-1084
-487,-15,-1207
-1237,431,-1137
-1278,668,-1294
-886,987,-1460
-683,1113,-1455
477,616,-925
792,143,-350
777,201,-368
126,48,294
-281,147,656
150,601,286
351,522,285
-32,447,534
328,188,560
464,-94,835
253,5,1263
-635,347,1560
-1402,372,1601
-1046,345,1418
-378,545,915
-69,531,256
212,452,21
383,-15,-288
474,-406,-283
234,-547,-360
755,-921,-892
1748,-1163,-1818
2667,-1541,-2841
3346,-2003,-3923
3714,-2549,-4990
4133,-3146,-6095
4685,-3529,-7291
4990,-3657,-7978
6019,-3576,-7479
6568,-3188,-5319
5790,-2336,-2938
3056,-1822,-1676
-415,-1239,-1082
-1788,-303,-521
-1689,274,-60
-881,365,-24
253,157,-472
1180,42,-968
1900,139,-1439
2175,300,-1773
1888,482,-1850
912,550,-1640
-149,619,-1274
-667,599,-738
-804,578,-89
-1030,607,453
-1395,526,919
-1552,333,1204
-1422,139,1250
