-106,117,-139
-156,158,-128
-57,0,-166
22,-17,-155
-151,73,-135
-166,116,-126
-126,163,-158
-231,161,-145
-172,146,-192
-149,99,-178
-187,-28,-162
-129,-125,-160
-92,-179,-123
-163,-121,-115
-200,-26,-157
-319,91,-178
-329,158,-216
-257,253,-215
-377,393,-115
-562,381,-7
-682,385,82
-725,248,182
-568,309,524
132,484,906
368,687,1279
137,762,1484
99,928,1611
290,1153,1741
395,1300,1616
235,1434,1379
-262,1574,1284
-715,1580,872
-991,1369,456
-1325,963,164
-1061,726,-229
-59,394,-796
928,134,-1083
1154,4,-1196
1105,99,-1178
1717,12,-1103
2038,-81,-794
703,-300,-37
-399,-329,581
-413,-276,1064
-92,-406,1200
451,-388,1344
552,-221,1452
548,-401,1432
689,-600,1712
1057,-454,1871
1693,-430,1552
1784,-301,1276
699,-24,940
-238,45,645
-161,-4,562
-101,-174,523
79,-435,411
-206,-703,496
-259,-848,411
389,-912,226
679,-701,112
432,-470,65
56,-158,77
64,128,29
54,41,-43
122,63,-109
313,260,-160
283,285,-124
87,411,2
106,497,97
79,398,127
206,379,105
328,370,98
33,634,12
699,575,-140
611,503,48
236,327,113
289,488,54
309,711,-51
-43,493,-71
-319,377,-382
117,488,-710
257,411,-776
506,262,-907
514,274,-1050
791,185,-1362
882,-38,-1388
739,65,-1127
408,320,-921
528,498,-895
442,700,-786
46,701,-693
339,355,-781
690,83,-824
669,-14,-829
781,-108,-757
906,-257,-666
867,-135,-826
1300,234,-929
1824,474,-787
1811,557,-640
888,352,-430
146,230,-277
397,158,-99
244,114,-1
-74,210,35
-292,383,201
-197,232,168
-330,186,296
-54,-43,-18
272,59,-168
207,91,-194
56,111,-276
89,149,-280
84,168,-353
146,187,-451
381,86,-568
790,-169,-826
1096,-231,-758
921,-332,-709
344,-449,-642
-755,-265,-198
-2265,123,428
-3862,712,564
-4844,1145,334
-5547,1251,-164
-5092,1145,-695
-3145,953,-1056
-1058,642,-1226
93,30,-1418
216,-334,-954
29,-114,-579
-755,79,-371
-1226,363,-575
-1208,588,-768
-1342,656,-952
-1122,638,-1379
-866,767,-1500
-913,650,-1471
158,494,-1528
492,414,-1156
-644,383,-524
-1403,486,32
-1498,501,750
-1409,394,1154
-937,278,1544
-493,204,1815
-333,197,1981
-175,320,2229
-135,380,2488
-59,449,2691
-79,695,2854
-635,866,2963
-874,962,2942
-688,943,2897
-400,739,2804
-343,622,2675
-436,682,2579
-394,752,2571
-404,735,2455
-411,746,2323
-305,677,2220
-209,674,2087
-183,824,2087
-49,933,2164
-13,1061,2157
-31,1301,2015
-45,1444,1984
-82,1370,2100
-261,1233,2090
-177,1114,1681
38,973,1344
-66,827,1351
-53,797,1338
-104,757,1316
-230,688,1257
-167,485,1174
-180,382,939
-257,326,847
-212,192,906
-76,101,923
-93,94,729
-256,41,587
-246,-29,299
102,-44,205
74,100,202
-319,126,355
-438,-59,582
-397,-147,458
-195,-286,107
33,-339,-8
154,-339,-106
5,-264,78
-353,-50,270
-500,-24,273
-525,100,456
-698,128,637
-1030,49,726
-1099,-1,737
-939,7,631
-826,-80,359
-676,-98,49
-531,-70,-42
-405,48,-320
-202,242,-683
-135,310,-676
-172,87,-726
-208,-189,-817
-294,-245,-746
-183,-396,-683
119,-559,-811
295,-656,-725
36,-780,-574
-95,-902,-542
-37,-905,-492
-514,-663,-460
-1165,-424,-470
-1216,-159,-352
-1029,-19,-201
-642,-55,-122
-526,-181,16
-515,-260,197
-280,-404,421
-53,-495,626
35,-699,564
124,-728,578
156,-692,648
234,-583,728
-28,-407,755
-180,-348,564
196,-140,265
49,99,116
-300,105,26
14,-32,-67
-110,-68,16
-259,-25,98
-29,49,63
-106,43,7
-159,-15,-58
-336,140,-147
-456,-89,-270
-318,-123,-244
-702,206,-169
-1081,288,-162
-576,281,-112
-339,330,-136
-266,322,-120
272,21,133
164,-271,787
14,-263,1695
-810,-663,2475
-1197,-1132,2603
290,-1072,2068
2203,-355,1508
2997,972,865
3010,2192,-94
4067,3312,-1171
4673,3556,-2009
3631,3664,-2181
2396,3511,-1316
2649,2013,-1094
3896,1083,-1239
4001,1058,-1114
2584,728,-558
1956,650,-155
1855,1091,315
1780,1310,167
2211,1745,-276
2651,1817,-431
1641,1554,-682
92,1936,-663
-1545,2448,-416
-3517,2506,54
-5172,2241,469
-5575,1730,178
-4411,928,-288
-2964,597,-576
-1273,355,-823
-34,46,-1173
689,-198,-1305
86,-166,-896
459,-544,-394
875,-720,-756
1213,-1269,-1069
1029,-1120,-835
770,-800,-971
367,-840,-1003
194,-881,-662
523,-1037,-488
467,-578,150
-830,-102,181
-651,-376,-368
-311,-159,-228
-732,325,-327
-400,787,-176
-477,796,28
-611,850,435
-1053,1041,905
-2269,975,1323
-2762,710,2027
-2255,449,2263
-890,246,2043
-478,245,1876
-1296,297,1940
-784,324,1870
-39,173,1902
-206,85,1896
-9,87,1774
263,25,1636
55,-5,1337
15,82,872
106,94,277
189,436,111
90,600,-51
-251,466,116
-111,218,484
469,-496,711
1076,-858,646
1381,-900,386
838,-527,239
280,-227,82
553,-378,104
725,-679,149
739,-798,210
734,-584,148
829,-640,40
743,-883,-94
1352,-1180,-373
2387,-1574,-255
2448,-1576,254
2269,-1603,292
2413,-1884,337
2922,-2010,192
3497,-2053,-235
3188,-1900,-468
2544,-1567,-913
1465,-979,-1016
71,-244,-946
-118,25,-856
-450,-14,-734
-296,-520,-649
61,-640,-562
-161,-1125,-817
67,-1209,-704
-475,-1043,-162
-633,-856,60
-592,-733,271
-389,-314,386
31,-195,338
276,-206,221
344,-365,119
430,-410,93
217,-271,38
-81,39,-8
-399,248,-80
-344,146,16
8,-95,68
-160,-95,48
-362,-31,49
-563,85,-83
-696,198,-343
-671,353,-537
-658,547,-689
-932,565,-944
-1141,555,-843
-1240,741,-351
-1023,865,-429
-524,984,-683
1,921,-690
487,555,-667
372,215,-262
113,102,102
420,62,250
452,83,257
71,274,280
-416,144,330
-151,-123,266
271,-116,375
88,-15,436
-50,172,154
190,121,-198
521,131,-190
-548,115,222
-1085,-98,322
-369,-14,-37
-166,107,-242
-1065,327,-273
-1358,542,-446
-1263,456,-371
-1468,101,-20
-809,-133,177
225,-284,118
-177,-278,-46
-430,-41,126
-741,355,409
-984,791,654
-505,956,562
901,1251,493
2881,1606,533
4244,1236,-102
4224,1142,-514
1606,1478,-475
284,1385,-226
708,800,-157
510,136,307
-75,-700,137
1142,-1924,-376
1757,-1697,80
1023,-1512,148
343,-1370,-64
103,-1065,-210
-120,-787,-167
-42,-759,-83
-264,-856,-260
-882,-1131,-575
-1283,-1283,-921
-1230,-893,-1231
-1284,-840,-1334
-624,-960,-1298
-872,-976,-956
-1225,-1087,-504
-260,-771,-153
131,-708,425
103,-675,329
-158,-469,182
-1440,-289,355
-1532,-204,439
-911,-119,438
-1406,30,615
-1905,84,727
-1776,149,360
-1649,169,34
-1823,167,4
-1409,69,-197
-898,327,-198
-1960,944,-109
-2563,900,-203
-1047,520,-303
-19,567,48
1187,785,737
2109,495,801
2381,258,671
1757,399,657
1298,1071,792
1102,2090,1112
-62,2760,1238
-1462,3205,1636
-2666,3112,2382
-2841,2371,3222
-1732,1275,3883
-313,545,4428
433,0,4529
965,-176,4005
-205,90,3371
-1908,226,2379
-3337,-231,641
-4468,123,-685
-4557,1278,-1259
-3529,2132,-1682
-3042,2382,-1937
-1832,1835,-1880
-1721,917,-1232
-196,797,-1218
797,1106,-1579
498,1634,-1571
1214,1191,-1286
1327,714,-972
357,184,-690
1656,183,-371
1428,575,-543
-1141,527,-1099
-2467,379,-1480
-924,612,-1162
-30,421,-1425
-506,266,-1401
-369,471,-1382
-507,734,-1240
-1338,780,-1322
-658,584,-1384
313,475,-1500
226,418,-1519
1097,465,-1714
1604,247,-2113
577,523,-1793
-527,-96,-1644
-55,-177,-1126
1103,-379,-983
1811,-565,-766
1896,-1022,-818
2675,-964,-918
3111,-805,-980
1675,-757,-983
748,-618,-1030
2777,-1257,-1118
5182,-1014,-101
3206,-725,-34
354,-120,-41
92,526,-164
-542,625,-17
589,-243,155
2308,-85,219
1330,-8,-326
-405,737,8
-1326,477,-654
-220,377,-874
349,150,-852
46,-69,-678
-360,-204,-287
-88,-464,-125
723,-494,-62
947,3,-95
658,856,348
271,1583,1133
-255,2452,1672
-1538,3034,1822
-3233,3378,2261
-4626,3359,2767
-5419,3257,3639
-5666,2928,4589
-5108,2351,5065
-4000,1678,5045
-3092,1096,4761
-2565,721,4229
-1934,417,3553
-1169,211,2892
-650,201,2243
-493,471,1366
-654,827,729
-1127,1144,295
-1914,1187,54
-2505,771,275
-2557,330,297
-1840,78,186
-602,-19,139
133,42,147
24,135,104
-550,191,219
-1250,322,285
-1815,415,144
-1927,348,-119
-1592,177,-460
-927,-223,-715
-13,-570,-652
882,-760,-49
1153,-722,657
367,-259,1180
-517,-141,1382
-445,-20,1266
98,-61,1252
660,-105,1188
1575,149,1101
1865,405,763
1531,787,198
817,542,-308
1796,213,-631
2549,-87,-679
2192,-334,-578
1615,-61,-317
107,356,83
237,391,161
327,498,244
85,348,-48
249,231,-172
-398,187,-75
-739,301,-9
-685,533,84
-122,810,153
-509,906,217
-705,792,464
-1682,1217,1050
-3626,876,1804
-3219,711,2120
-1685,643,2564
-1146,474,2698
-1331,126,2701
-885,45,2671
363,150,2871
539,469,2823
121,982,2735
-168,1194,2642
505,1541,2405
884,1628,2141
824,1774,1892
1081,2015,1720
1303,2128,1453
1223,2370,1317
1092,2610,1195
867,2467,1156
619,2488,1071
453,2549,1044
585,2457,1062
331,2482,968
60,2648,828
-39,2571,768
-131,2122,656
-171,1805,584
-225,1700,560
-258,1611,561
160,1447,463
257,1273,401
338,1226,526
766,1151,495
1167,1105,274
1424,848,85
875,907,149
-1052,641,419
-1772,517,568
-1395,300,412
-1229,187,123
-1084,18,-91
-831,-56,-133
-550,6,-155
-403,124,-173
-266,272,-189
82,352,-272
625,124,-529
929,-123,-613
1055,-306,-601
1055,-477,-708
816,-619,-785
414,-667,-916
330,-553,-1004
-28,-100,-854
-581,435,-461
-1047,691,48
-528,794,164
-153,776,125
78,832,148
77,986,207
180,1075,277
344,1091,315
233,980,438
236,1075,359
216,1232,290
-194,1358,317
-717,1411,412
-1083,1531,442
-1105,1610,358
-823,1559,138
-659,1491,-105
-657,1239,-129
-691,1009,-75
-665,946,63
-406,983,67
-59,965,25
-78,942,96
-203,918,118
-340,877,146
-602,896,274
-765,904,261
-626,960,150
-475,978,11
-513,952,32
-628,990,20
-544,983,34
-455,864,23
-254,753,-92
-207,706,-86
-359,726,-69
-580,744,-151
-695,834,-253
-573,877,-377
-111,730,-352
443,611,-269
504,491,-302
647,353,-344
887,68,-327
1109,-95,-202
1066,-346,-96
1040,-371,-94
960,-225,-15
694,-50,118
362,-5,32
-157,51,46
-96,225,112
258,270,133
340,128,1
463,171,13
656,116,124
971,-167,243
1133,-461,327
882,-320,201
62,-98,147
-473,-54,205
-511,42,75
-880,55,32
-970,-55,26
-871,-64,12
-787,33,-9
-638,153,-34
-307,152,-100
-181,143,-126
6,126,-106
-14,124,25
-199,243,146
-137,238,210
-246,213,206
-241,172,178
-21,156,184
-154,64,169
-149,35,108
-88,58,24
-112,129,-35
-90,332,-50
8,187,0
207,226,69
634,174,120
726,115,163
731,84,113
834,40,119
626,35,72
438,-42,7
341,-164,44
318,-271,135
407,-540,215
210,-805,198
-313,-936,195
-675,-1012,153
-825,-1024,82
-1129,-970,-58
-1552,-799,-188
-1612,-563,-252
-885,-409,-555
-1321,-370,-710
-1205,-300,-698
-958,-163,-491
-274,-276,-279
72,-255,-133
117,-112,-9
128,89,23
-146,384,107
-8,273,93
-28,130,223
-356,89,303
-652,116,138
-862,70,-291
-960,121,-591
-868,259,-424
-956,378,-385
-1131,325,-484
-1053,-244,14
858,-574,169
471,-530,132
-360,-182,205
-217,43,204
-122,279,142
-327,214,25
-131,39,-43
88,158,227
-91,345,347
-387,69,33
-654,-71,87
64,-50,163
-22,-227,116
125,-366,3
95,-222,-116
-151,-100,-229
-573,-11,-360
-575,109,-352
-387,-169,-333
137,-310,-80
-8,-228,-46
-8,-353,-158
-54,-339,-141
-60,-270,-224
-82,-169,-390
-128,-63,-499
-75,90,-507
80,31,-482
-386,58,-318
-427,207,-117
128,207,4
322,274,192
75,214,228
27,225,204
224,185,130
654,-123,156
1137,-169,189
1674,95,269
1747,541,170
1113,1021,202
131,1474,169
-706,1691,292
-923,1586,489
-439,1246,676
-157,888,703
12,695,795
57,468,905
90,263,807
184,176,750
86,164,758
-133,-34,584
-302,-246,379
-256,-560,209
156,-914,-50
636,-1160,-307
1059,-1366,-602
1264,-1489,-827
1272,-1520,-964
1194,-1561,-1052
1190,-1547,-1030
1193,-1572,-1054
1135,-1494,-925
1065,-1388,-838
956,-1301,-899
800,-1151,-1053
701,-985,-1127
622,-860,-1263
635,-723,-1227
694,-597,-1202
747,-475,-1143
652,-295,-950
376,-63,-854
-8,181,-783
-338,350,-711
-678,363,-715
-651,232,-621
-150,155,-538
286,73,-420
191,-31,-349
144,-181,-330
112,-276,-361
54,-273,-357
-212,-132,-259
-792,80,-259
-1281,168,-305
-1348,200,-242
-1286,183,-40
-1206,160,202
-1191,16,513
-1210,-7,824
-1204,-85,1019
-1221,-160,1108
-1168,-125,1248
-1015,75,1263
-959,413,1129
-1065,805,912
-1345,1135,641
-1772,1412,495
-2307,1541,406
-3030,1470,474
-3565,1218,648
-3618,822,793
-3145,414,912
-2393,91,1186
-1858,-98,1560
-1612,-112,1763
-1492,9,1883
-1582,201,1930
-1844,460,1745
-2066,676,1593
-2199,831,1657
-2247,908,1739
-2226,938,1735
-2133,959,1675
-1868,914,1656
-1494,832,1416
-1112,868,1088
-920,1038,677
-999,1167,370
-1228,1287,86
-1390,1253,-209
-1323,1228,-418
-1190,1190,-532
-986,1082,-573
-806,981,-644
-761,799,-583
-474,552,-477
220,308,-436
812,131,-529
781,-100,-456
351,-225,5
137,-234,613
-5,-135,919
8,-15,859
-296,67,776
-1076,353,957
-1950,887,1195
-2506,1110,1609
-2276,873,2026
-1693,539,2262
-1014,221,2187
-817,7,2148
-885,-102,2079
-712,-206,1850
-357,-105,1661
-152,65,1441
-431,173,1353
-918,88,1236
-1219,-29,1075
-884,-294,882
-72,-727,505
508,-1082,89
811,-1305,-203
1057,-1431,-674
1227,-1504,-1120
1636,-1500,-1215
1892,-1481,-1177
1660,-1550,-989
970,-1485,-881
250,-1274,-777
-252,-1252,-689
-271,-1056,-477
503,-879,-131
991,-815,-241
944,-847,-475
1049,-992,-664
1402,-1094,-763
1641,-1064,-813
1309,-754,-640
627,-366,-332
223,-351,-335
273,-260,-264
-57,-159,-539
-491,-121,-619
-473,-83,-44
604,-332,-116
460,-384,-237
-103,-143,-1
-73,79,78
-129,22,-66
341,-182,-45
865,-310,-21
1031,-56,119
911,36,113
1036,70,-26
1293,362,14
856,721,32
146,690,84
588,672,84
675,664,192
546,781,131
382,935,55
331,818,2
638,605,-55
592,431,-122
-18,360,-143
-52,184,-114
718,44,-202
636,-60,-135
-173,-122,-80
-54,-68,-5
-57,0,157
-453,138,254
-722,194,216
-758,299,128
-593,375,-3
-392,522,-90
-522,617,-149
-822,552,-157
-788,410,-139
-544,291,-144
-504,299,-86
-602,310,-6
-641,413,160
-618,532,256
-416,605,296
-188,714,288
-150,775,311
-20,744,325
22,615,324
-102,545,420
-180,599,505
-264,534,597
-266,410,666
-212,316,685
-282,202,638
-366,76,613
-413,106,607
-374,82,547
-498,24,419
-701,-158,101
-625,-625,-244
-562,-1085,-494
-938,-1441,-782
-1734,-1474,-731
-2662,-1225,-627
-3329,-998,-545
-3157,-751,-790
-2291,-673,-1303
-1374,-912,-1457
-64,-1141,-923
738,-956,-358
95,-499,17
-777,-50,233
-981,185,136
-1149,201,-135
-777,28,-378
125,-44,-347
-220,-91,-326
-826,-8,-293
-832,2,-293
-800,25,-370
-785,322,-223
-854,324,-79
-876,365,198
-722,386,274
-324,395,257
-64,483,267
-177,676,200
-191,748,183
-336,523,153
-135,208,292
378,-255,348
665,-343,395
629,-377,490
445,-288,372
377,-280,228
304,-256,267
624,7,253
1076,-65,50
871,-95,-97
1719,-547,-83
2572,-1121,566
2514,-1001,1468
1489,-527,2028
1162,192,2356
1962,1299,2244
2055,2359,2131
1201,3026,1866
514,3105,1600
462,2888,1238
280,2437,986
-208,1886,716
-616,1320,422
-880,867,155
-981,261,-332
-730,-325,-842
-128,-528,-1292
119,-224,-1491
-421,61,-1418
-486,215,-1356
-1182,226,-1323
-1162,114,-1322
-791,-5,-1507
-867,35,-1443
47,-230,-1215
560,-484,-852
52,-644,-687
444,-595,-620
1252,-734,-513
1373,-907,-488
1787,-1008,-410
1291,-811,-154
1184,-588,-64
1369,-516,-255
579,-500,-387
574,-302,-265
1120,-266,-127
811,-488,314
293,-373,647
369,-278,340
1354,-415,78
2302,-679,101
2226,-711,643
1864,-618,1245
1673,-705,1758
1390,-881,1828
659,-1042,1608
-66,-1241,1207
-442,-1478,811
-443,-1943,273
-51,-2385,-171
152,-2681,-339
-309,-2805,-304
-595,-2826,-363
-570,-2821,-410
-380,-2797,-472
-196,-2784,-553
-271,-2645,-675
-352,-2548,-873
-363,-2503,-1060
-352,-2562,-1166
-242,-2624,-1248
-4,-2691,-1270
53,-2748,-1146
44,-2829,-1027
331,-2889,-901
519,-2727,-775
379,-2394,-665
145,-2043,-707
124,-1777,-808
243,-1491,-818
509,-1202,-701
462,-943,-544
391,-764,-410
428,-519,-277
338,-333,-215
-5,-170,-115
-153,-192,-316
-17,-109,5
-234,47,686
-508,-78,894
-374,-464,758
15,-873,327
408,-976,99
356,-986,36
253,-877,145
7,-666,267
22,-541,214
129,-378,49
150,-276,-121
262,-236,-217
238,-140,-267
139,-88,-192
23,-208,-80
276,-369,-108
609,-381,-420
491,-224,-408
11,-38,-192
-160,100,-79
-209,306,14
-603,312,74
-511,210,82
-363,105,20
-216,82,-76
30,325,-126
162,808,109
181,1268,515
112,1497,724
102,1491,962
298,1274,997
292,934,758
189,863,565
224,991,389
303,1069,165
455,1037,-137
137,912,-197
-23,459,-236
301,256,-347
252,142,-297
300,421,-557
-343,403,-731
133,111,-616
1387,-38,-482
813,-146,-426
44,-193,-487
132,-199,-421
453,-208,-298
692,-225,33
869,73,378
768,658,725
399,1084,987
16,1198,996
-176,1044,785
-37,794,360
-266,622,-294
-584,341,-865
91,10,-1038
315,-357,-1022
202,-668,-727
541,-841,-379
539,-837,-9
320,-742,206
12,-574,359
-253,-485,389
-350,-426,412
-490,-429,380
-342,-562,366
-20,-709,309
-20,-881,230
-148,-1026,123
-109,-1041,-26
105,-1074,-97
93,-1070,-230
28,-1177,-293
-28,-1200,-284
-82,-1411,-323
-170,-1556,-305
-335,-1702,-266
-506,-1821,-258
-378,-1929,-285
-141,-1967,-283
70,-1994,-219
149,-2031,-157
141,-2042,-146
145,-1948,-278
345,-1915,-294
502,-1923,-259
449,-1981,-273
284,-1915,-312
161,-1944,-465
163,-1842,-479
140,-1919,-484
168,-2187,-418
-84,-2274,-347
-40,-2300,-389
149,-2291,-259
203,-2143,-211
193,-1911,-259
175,-1613,-308
239,-1273,-390
118,-1019,-444
8,-707,-374
56,-529,-315
231,-418,-293
450,-308,-253
151,-357,-306
73,-361,-235
-123,-379,-226
-203,-406,-88
-347,-285,-130
-294,-30,41
-269,288,418
-410,510,501
-309,370,457
111,195,217
199,345,-91
232,603,-155
-79,775,-172
-211,923,-122
-244,1115,-121
-344,1210,-141
-437,1303,-166
-513,1350,-93
-504,1269,-71
-505,1140,-162
-731,1016,-151
-739,828,16
-418,719,-2
-473,589,-113
-484,519,-288
-324,454,-372
-338,394,-349
-434,343,-227
-431,252,-140
-13,172,-138
234,295,-51
175,504,97
-101,605,167
-109,477,210
-57,292,196
42,220,221
76,140,185
3,150,87
-41,272,9
5,348,-138
-73,347,-161
-234,329,-136
-414,280,-73
-375,213,-7
-236,129,16
-382,73,50
-326,-47,42
-178,-102,-44
-68,-116,-136
-82,-141,-236
-65,-89,-265
163,10,-245
166,100,-176
115,284,108
-89,468,340
-212,583,493
-85,595,459
113,660,239
231,868,17
84,1070,-112
-207,1176,-281
-385,1124,-406
-498,921,-617
-598,567,-722
-777,248,-783
-796,101,-804
-545,159,-829
-562,335,-769
-596,389,-706
-589,393,-586
-524,374,-474
-393,316,-222
-467,313,-32
-577,395,49
-543,448,17
-500,535,37
-852,564,95
-913,527,88
-663,468,-48
-515,369,-87
-556,307,-243
-418,336,-326
-378,364,-341
-454,359,-304
-481,274,-312
-415,147,-319
-400,-15,-228
-260,-131,-199
-134,-61,-293
-57,-28,-282
-109,161,-190
-152,409,-194
-75,512,-51
-213,578,55
-287,552,222
-396,579,396
-555,592,549
-891,671,700
-1251,636,729
-1236,601,692
-1049,540,823
-1028,311,842
-996,279,773
-896,369,757
-1063,253,778
-1101,226,852
-992,291,806
-1264,221,631
-1644,71,311
-1772,92,77
-1795,122,178
-1700,189,110
-1448,-91,-17
-1221,-721,266
-722,-863,672
-401,-531,768
-258,-37,539
-167,435,258
-430,799,74
-560,943,71
-445,947,123
-617,983,239
-1049,993,374
-974,1055,310
-602,1052,132
-163,1081,-63
16,1147,-246
127,1043,-268
226,927,-611
-88,691,-640
-363,492,-318
87,281,-174
202,106,-87
-90,202,122
-174,339,203
-578,421,405
208,138,223
1126,-500,171
813,-486,297
242,-486,365
321,-392,511
102,-123,455
126,163,462
241,173,475
371,77,324
623,151,-6
390,549,47
356,531,85
900,584,28
739,687,-248
559,799,-374
859,765,-288
785,594,-90
705,600,105
226,483,241
1072,8,167
2286,-488,70
679,-344,15
-11,172,-35
-289,354,-46
-257,256,29
-175,181,234
-77,171,283
-544,380,190
-560,451,107
44,491,-4
78,515,-100
-90,410,-149
73,182,-114
325,-33,11
375,100,142
-286,310,289
-475,89,469
-223,-93,543
-281,47,518
-228,180,301
-51,81,162
-104,-71,206
-417,-159,282
-650,-161,325
-788,36,511
-991,106,660
-640,66,735
261,-116,556
891,-394,284
1153,-477,167
966,-443,115
739,-496,61
455,-467,5
-116,-279,-84
-504,-144,-144
-613,-37,-156
-366,-81,-192
-66,-96,-190
132,-167,-180
149,-209,-184
149,-178,-206
203,-134,-158
192,-96,-117
51,-19,-2
34,-39,50
120,-48,101
186,-86,104
107,-124,109
138,-209,76
186,-327,115
120,-260,112
132,-202,17
202,-147,-33
192,-225,-47
131,-235,-79
-37,-126,-50
-120,-40,-157
-179,79,-155
-73,108,-160
-32,57,-78
-75,32,45
17,-8,95
73,-13,103
64,-84,152
33,-49,117
-47,32,52
-79,94,1
-104,83,-49
6,-44,-121
42,-169,1
102,-146,199
373,-147,240
342,-3,207
-101,189,247
20,214,279
3,188,303
-85,233,342
-52,217,343
-1,134,329
43,56,279
3,-43,243
54,21,207
103,65,168
91,118,130
80,129,137
20,155,257
196,110,319
488,93,335
673,205,268
530,279,250
473,263,283
327,189,273
162,216,348
22,214,306
-31,184,272
-135,236,292
-275,368,221
-468,395,93
-327,120,7
142,-102,-50
113,-157,-85
10,-99,-132
-95,31,-116
-14,169,-123
25,315,-111
13,215,-168
175,-120,-35
309,-29,-109
72,12,-187
-70,27,-99
-222,109,-8
-53,142,-27
173,1,76
174,-67,234
203,-167,259
313,-196,323
102,-357,296
-66,-539,173
51,-515,55
196,-489,-186
113,-605,-175
86,-683,-206
99,-611,-199
73,-568,-162
236,-543,-187
215,-499,-194
59,-348,-149
-47,-279,-149
21,-300,-218
41,-343,-212
10,-224,-200
1,-189,-277
156,-123,-278
191,1,-358
-78,-29,-226
-121,22,-200
-108,44,-127
-111,-117,-51
18,-99,-58
-78,65,-111
-111,41,-104
-109,148,-63
-315,216,-142
-266,119,-251
-146,206,-203
-372,265,-201
-335,155,-156
137,101,-50
552,-79,-131
823,-159,15
1197,-212,181
1049,-277,246
706,-271,196
684,-146,60
777,-44,-12
686,-20,-109
283,40,-266
148,8,-189
561,-110,-260
687,-140,-353
595,53,-164
675,91,-142
485,49,-52
277,-1,-81
304,28,-72
235,68,-70
-189,141,-98
-578,225,-205
-704,278,-314
-951,389,-269
-1035,380,-275
-875,342,-352
-712,305,-402
-492,364,-362
-722,389,-228
-975,350,-134
-813,373,-179
-699,306,-273
-369,213,-181
-302,146,-222
-359,117,-214
-319,108,-100
-374,115,42
-299,59,22
73,59,136
-199,134,302
-430,56,239
-546,68,439
-245,0,537
115,58,704
82,-70,868
297,-392,924
431,-312,1018
451,-632,938
809,-631,719
700,-576,621
248,-644,534
-64,-609,362
564,-779,43
1212,-599,-144
692,-421,-332
329,-126,-308
-106,41,-399
-121,151,-499
252,224,-497
-248,426,-463
-668,444,-635
-397,384,-586
-173,305,-492
-207,300,-475
-141,291,-312
-327,178,-77
-616,78,160
-388,173,543
-960,121,978
-1266,171,1077
-807,248,697
-302,290,271
-14,224,-228
416,148,-434
127,1,-569
2,-63,-669
117,-62,-602
-272,-300,-233
18,-183,235
-1140,-22,439
-1200,108,219
108,181,41
-157,81,-184
-572,149,-386
-70,212,-464
149,88,-558
68,22,-608
-694,83,-230
-538,167,33
63,-132,381
-619,-190,473
-530,-179,239
125,-167,-89
-88,-72,-254
-305,139,-193
-530,302,-46
-226,191,12
-116,164,214
-594,340,265
-466,288,110
287,73,10
-515,191,101
-559,225,106
-926,171,278
-1548,306,328
-720,121,198
28,12,227
66,-17,225
351,-48,288
748,20,293
1391,44,181
1106,-91,172
499,-294,-93
337,128,-129
331,575,-228
911,468,-111
1358,172,-144
1393,-53,-248
310,16,-2
-275,108,130
-237,2,242
-391,-3,223
-551,-46,14
-839,-59,-71
-596,-69,-122
233,-247,-208
800,-232,-329
245,-171,-285
-51,-10,-333
39,7,-344
-355,13,-252
-733,112,9
-763,279,92
-967,438,136
-1180,462,233
-1665,581,436
-1774,727,572
-1583,762,777
-1489,900,867
-1534,930,1004
-1652,1019,1050
-1915,1013,878
-1918,756,888
-1719,773,951
-2099,883,1231
-2587,939,1345
-2200,592,1084
-1200,-1,813
-426,-417,606
-62,-662,409
131,-943,253
211,-972,71
94,-838,-193
-92,-778,-474
-207,-707,-710
-183,-605,-1048
-59,-327,-1645
294,54,-2331
543,618,-2830
-36,550,-2896
-1318,493,-2735
-2002,709,-2355
-1784,888,-1790
-1073,917,-1039
-822,826,-38
-959,701,844
-841,572,1490
-527,421,1864
-219,341,1925
-358,414,1835
-440,466,1637
-552,463,1450
-601,503,1168
-553,600,826
-485,610,491
-395,659,107
-311,720,-376
-188,675,-715
29,594,-673
589,465,-438
1336,247,-443
1940,57,-496
3029,-347,-421
2808,-519,-463
2246,-931,-213
182,-693,-129
-1064,-413,239
-1743,-293,497
-1765,-82,428
-1200,-192,334
-463,-635,535
276,-854,914
746,-749,1277
671,-512,1653
308,-379,1910
-114,-289,1746
-395,-230,1435
-453,-212,1013
-393,-260,680
-353,-273,439
-264,-252,60
-9,-217,-429
247,-111,-1103
264,96,-1961
87,395,-2734
-88,566,-2769
-399,504,-2284
-938,275,-1670
-611,-28,-845
575,-101,-228
1009,-58,-77
853,-82,-13
682,-233,-38
640,-188,-61
286,88,-113
-424,358,-175
-1007,575,-82
-1147,615,106
-1016,555,275
-769,457,390
-377,360,573
-73,243,800
219,197,1030
219,411,1073
-281,579,971
-1008,627,985
-1652,756,1247
-2095,762,1537
-1775,684,1779
-1319,661,1899
-927,476,1841
-628,281,1902
-348,158,1929
-146,81,1954
-200,71,1873
-327,-51,1610
-357,-207,1426
-177,-341,1166
-45,-347,975
16,-295,758
65,-221,471
53,-199,265
2,-107,33
-91,-44,-168
-115,12,-337
28,21,-524
163,10,-780
114,95,-1048
-27,337,-1349
-57,554,-1312
51,716,-1007
-492,650,-627
-920,325,-235
-1130,84,135
-1177,-34,323
-1017,-197,335
-741,-293,347
-769,-471,371
-796,-566,359
-800,-694,505
-472,-945,556
314,-1137,465
958,-1084,290
1283,-838,34
1307,-448,-123
809,-335,-235
114,50,-194
-469,178,-293
-517,199,-403
422,133,-200
588,52,-34
56,39,-30
181,201,138
272,-65,166
378,-113,161
322,-145,-42
512,-298,-118
217,-37,-18
26,-2,-60
-210,40,101
-2,-87,440
434,-200,937
22,-103,1252
-787,133,1344
-860,108,1339
-352,331,1342
-19,405,1197
306,360,932
383,380,544
277,496,373
769,445,185
1171,307,-133
934,140,-352
489,30,-474
-21,-30,-645
-803,-143,-920
-1362,-280,-1135
-245,-766,-1113
918,-1281,-872
736,-1437,-720
366,-1738,-497
254,-2064,-387
78,-2222,-276
97,-2322,-114
188,-2340,-158
288,-2386,-338
249,-2435,-456
202,-2469,-682
77,-2406,-1011
231,-2250,-1239
414,-2088,-1396
546,-1969,-1503
904,-1885,-1420
1359,-1759,-1249
1013,-1679,-1122
618,-1762,-984
278,-1847,-980
84,-1888,-884
96,-1973,-776
226,-1983,-749
360,-1919,-645
229,-1791,-567
252,-1669,-490
302,-1527,-371
375,-1303,-319
401,-1142,-318
363,-1035,-323
406,-1012,-405
384,-937,-448
275,-869,-473
295,-814,-598
263,-693,-806
224,-597,-904
300,-531,-1185
494,-431,-1284
526,-388,-1067
295,-485,-204
-101,-1103,17
-481,-1721,-90
-490,-1817,-160
-255,-1670,-300
489,-1650,-307
799,-1569,-347
424,-1368,-366
12,-1179,-394
-64,-1064,-442
33,-915,-557
271,-808,-547
371,-738,-533
298,-795,-480
302,-810,-361
140,-519,-267
87,-418,-159
199,-289,-428
197,-113,-577
503,62,-154
375,187,168
41,153,242
-204,161,347
-504,130,311
-508,-65,257
-76,-293,297
206,-361,341
257,-370,263
268,-412,252
161,-415,176
-52,-417,-79
-121,-512,-357
-58,-632,-571
-167,-722,-676
-199,-775,-667
-106,-888,-819
154,-900,-781
325,-731,-615
101,-569,-421
5,-614,-414
48,-488,-411
232,-395,-407
185,-354,-375
57,-272,-303
-84,-186,-325
-102,-63,-377
25,44,-413
20,121,-447
-12,168,-409
-76,111,-391
-121,59,-348
-58,-70,-321
-4,-159,-304
10,-120,-317
58,-70,-291
28,4,-206
-29,6,-219
-139,10,-114
-126,13,-54
-125,-11,-82
-24,-101,-68
49,-145,-68
142,-173,-34
97,-191,-30
72,-113,-40
125,-92,-44
88,-32,-87
41,-7,-77
36,-46,-42
72,-71,-59
87,-46,-56
115,-83,-63
71,-63,2
59,-34,17
83,15,8
88,85,0
111,56,-19
87,34,20
90,40,38
59,14,60
85,15,9
114,-15,9
97,-50,-22
41,-13,-2
-5,-45,-63
-20,-87,-106
60,-146,-145
54,-139,-141
25,-143,-72
8,-71,-31
2,-37,-14
-5,-75,-89
22,-78,-130
41,-67,-126
135,-50,-205
195,-37,-241
386,-105,-271
746,-88,-374
1022,-72,-371
1191,-113,-395
1108,-49,-298
752,4,-244
346,34,-257
-1,183,-217
-397,371,-199
-600,563,-227
-512,695,-326
-236,735,-339
-23,704,-334
388,571,-205
622,317,-127
325,36,-27
-287,65,163
-1026,134,300
-1261,98,304
-780,115,239
-680,450,453
-1121,698,713
-1134,675,912
-596,582,966
-399,409,1145
-505,280,1201
-365,357,1080
-101,443,757
-208,449,548
-499,406,345
-545,336,188
-577,164,201
-403,79,286
-90,95,289
-32,-9,208
-377,133,318
-711,348,239
-554,439,186
-483,507,217
-490,431,208
-375,296,121
-474,460,96
-1065,704,124
-771,589,192
-439,420,133
-738,604,23
-777,728,-73
-782,850,-101
-931,798,-90
-701,642,-61
-369,528,-90
-588,219,81
-183,157,-29
-341,436,-181
-329,423,-359
-188,192,-271
-147,58,-228
-136,167,-284
16,213,-479
-14,317,-556
-442,580,-592
-541,614,-620
-227,553,-642
-141,614,-665
-265,722,-640
-339,593,-605
-415,582,-474
20,594,-542
109,565,-641
-190,586,-575
108,484,-735
335,295,-770
390,162,-727
508,120,-675
182,140,-630
230,39,-528
174,130,-319
114,118,-55
218,-370,246
15,-453,338
-338,-350,306
-255,-658,245
241,-1094,174
553,-1251,2
1306,-1484,-306
2807,-1714,-645
3605,-1720,-661
4105,-1489,-548
4275,-1028,-397
3720,-518,-128
2661,-328,236
1653,-784,588
1266,-894,737
1717,-683,537
2078,-412,323
1847,-239,258
1119,-147,359
-21,-29,574
-1290,-7,630
-3027,204,678
-4814,506,371
-5860,1168,167
-5266,1932,531
-3809,2249,531
-2737,2482,314
-2794,2718,345
-2337,2617,145
-1860,2382,-56
-977,1716,-339
-14,1163,-656
352,741,-604
889,454,-249
135,555,-132
202,455,-169
113,84,160
106,-423,751
-376,-288,856
-818,-157,1027
-778,-310,1305
-236,-195,1055
-113,-287,773
548,-487,503
1042,-557,211
1205,-604,-78
1526,-501,-456
1117,-311,-737
620,-243,-970
560,389,-804
325,496,-930
632,494,-749
256,452,-105
-794,327,331
-739,-92,267
540,-809,247
1000,-1795,426
1422,-2401,549
2148,-2647,643
3293,-2867,860
4262,-2685,843
5266,-1736,1257
5596,-649,953
3446,564,516
-783,1246,353
-1459,1267,0
-564,1126,-103
997,1077,-281
309,559,-364
-1659,540,-288
-1703,355,-445
-512,58,-337
36,-405,-363
-1091,-335,-203
-843,-418,-182
-216,-237,-99
-757,-104,-101
-699,197,-318
-581,284,19
-990,113,9
-615,146,-58
-997,148,8
-1274,40,-19
-644,-25,-152
-151,197,-372
-329,388,-673
-521,593,-975
117,561,-1327
-89,432,-400
-858,220,-48
-1387,-134,277
-800,-782,562
43,-1397,499
172,-1971,235
1236,-2220,-357
1749,-2527,-1658
1363,-2812,-2780
2123,-2632,-3200
3514,-2127,-2992
3398,-1131,-2160
2585,270,-1114
2165,708,-2
-1155,402,684
-3287,366,726
-1848,-176,33
1767,-185,110
1920,-12,264
878,302,126
203,288,325
504,467,477
604,675,491
249,871,490
172,1058,424
126,1245,506
-96,1357,626
-157,1172,780
135,1087,855
132,1017,874
-37,754,869
326,312,567
834,256,367
801,271,410
444,390,503
113,537,456
25,516,403
234,372,274
552,250,113
649,191,46
502,334,123
357,298,177
443,263,203
451,242,161
517,172,136
521,167,252
321,161,267
351,147,234
204,-424,180
772,-576,19
572,-471,-313
-254,-658,-176
-553,-874,-157
-681,-1336,-789
-281,-2021,-1528
300,-2371,-2241
673,-2589,-2895
726,-2673,-3225
596,-2212,-2844
10,-1296,-2501
-318,-544,-2346
-1081,168,-1272
-1668,733,-208
-1306,965,236
-502,754,458
167,593,393
545,679,449
35,947,849
544,962,1457
1290,-496,424
705,-94,106
126,203,15
-379,384,250
-296,451,453
-453,564,426
-443,664,378
-307,766,430
-391,893,502
-339,942,593
-86,825,569
53,711,637
-134,709,660
-310,618,700
-68,508,366
-291,541,453
3,-89,719
752,-398,547
-178,579,369
-821,726,477
3,322,405
126,99,326
96,326,306
-135,419,270
0,430,284
193,299,334
401,134,281
472,108,232
65,256,215
42,471,151
-49,45,-263
209,-148,-341
-545,-145,-133
-595,-487,28
-166,-760,-44
-64,-983,-488
17,-1341,-855
-114,-1693,-1374
7,-1959,-1886
404,-2145,-2097
586,-2272,-2180
766,-2122,-2027
624,-1865,-1754
224,-1531,-1570
-184,-1011,-1347
-394,-376,-1199
-269,55,-1059
44,231,-780
839,7,-566
1492,-69,-331
1221,-78,-113
1149,199,255
1371,-196,438
1396,-581,280
151,-436,721
-579,-530,-102
114,-389,-369
-659,-103,-440
-732,354,-350
-1220,-112,-282
-201,-81,-257
-958,578,192
-1247,870,413
-65,255,127
495,-522,-110
-126,-85,-1
-456,221,81
-198,197,217
-106,109,216
-369,239,498
-491,350,628
-554,449,625
-766,478,698
-764,236,668
-355,209,661
-173,248,741
-438,359,811
-781,511,873
-914,349,866
-751,448,1042
-702,698,1375
-517,859,1409
-855,973,1528
-584,649,1658
-297,578,1693
-893,448,1636
-1099,238,766
-978,629,97
-896,746,77
-726,51,594
740,-689,338
1526,-799,190
394,-333,352
-335,-156,303
352,-70,503
711,277,703
256,-254,271
-45,-279,83
-153,-73,201
-9,-166,355
-82,91,590
-317,102,792
-484,184,904
-808,417,1043
-1083,662,1078
-1247,643,816
-884,444,612
-446,330,470
-355,340,456
56,366,345
478,173,350
1079,-21,185
1798,13,80
1787,225,391
-24,251,331
-140,298,-161
486,-155,-492
1525,-201,-944
969,-177,-729
-284,-227,-254
535,-712,-96
1634,-668,-13
1059,-397,-164
584,-270,-38
1001,-238,418
1114,-155,428
177,357,-20
-1628,17,164
-22,243,116
374,237,485
-427,-87,260
-267,-217,-363
-16,-159,-651
-106,-106,-264
-570,290,449
-1103,609,821
-1491,773,803
-1376,615,445
-706,295,54
-148,28,-318
160,102,-794
150,66,-857
64,-393,-543
1478,-888,-871
1331,-988,-1027
625,-1169,-1291
23,-1437,-1443
-342,-1672,-1704
-384,-2057,-1917
-444,-2537,-2096
-702,-2725,-1958
-1564,-2666,-1267
-1471,-2373,-884
444,-2259,-535
1805,-2113,-195
1878,-1764,138
1324,-1236,291
335,-935,313
-440,-878,395
-691,-812,499
-71,-786,429
783,-673,263
927,-492,291
682,-363,154
578,-341,-28
693,-339,-202
846,-326,-376
1058,-229,-500
1037,-116,-654
852,-127,-714
797,-221,-779
773,-311,-846
686,-368,-862
685,-584,-841
1010,-933,-908
1188,-1138,-1071
785,-1027,-814
-627,-520,-225
-1403,-440,218
-880,-537,370
-70,-857,200
636,-1177,7
971,-1421,-64
1024,-1553,-100
796,-1694,-127
362,-1622,-249
-139,-1474,-401
-438,-1397,-424
-679,-1404,-521
-733,-1449,-547
-532,-1482,-503
-331,-1481,-412
-38,-1461,-362
462,-1274,-412
391,-879,-280
-18,-467,297
-350,-114,916
-257,246,1238
-59,741,1325
-36,988,1357
185,947,1464
417,852,1528
455,868,1552
183,816,1564
-2,727,1423
290,544,1173
510,455,777
455,559,601
309,748,218
189,838,-106
222,1052,-284
402,1204,375
97,1249,994
-712,1035,929
-474,626,675
481,322,325
995,62,234
1049,-127,233
839,-220,340
403,-140,224
32,32,82
-199,305,-96
-207,539,-326
267,650,-464
701,730,-478
753,695,-490
630,529,-392
619,574,-320
138,814,-205
-539,961,307
-889,999,651
-1144,1082,987
-1225,1006,1328
-993,943,1523
-628,970,1661
-448,917,1686
-530,1065,1615
-716,1120,1549
-987,1158,1404
-1202,1111,1221
-1230,1017,1152
-825,1028,1121
-118,896,1287
-246,414,1477
149,-68,1120
-293,-61,895
-813,251,524
-730,337,916
-869,211,1235
-1032,-83,1161
-583,-500,1125
-64,-760,1067
15,-621,1017
107,-447,690
18,-385,272
-720,-714,-149
-719,-1112,-776
371,-1181,-840
595,-1014,-975
639,-216,-1030
-346,758,-255
-2578,980,838
-3606,-385,1708
-875,-441,1681
1429,403,1622
770,840,1547
-421,887,1305
-177,596,1226
934,326,1042
498,306,811
223,482,893
-61,364,915
-818,297,961
-178,122,795
41,214,628
-2,392,708
228,214,856
462,-123,887
602,-378,698
212,-353,562
402,-70,331
149,36,181
-664,-178,404
336,-452,458
241,-525,410
-350,-330,206
484,-147,-282
953,112,-585
456,647,-311
135,1332,-325
-629,1370,-1034
-1624,1312,-939
-1684,1043,-689
-1098,295,-627
92,-303,-725
565,-627,-848
-258,-516,-712
-500,-466,-211
460,-433,3
962,-327,-333
-106,-303,-695
-723,-274,-493
-22,-337,-695
62,-322,-706
-266,-17,-505
-134,189,-709
-72,375,-501
-118,490,-451
-191,527,-532
-350,604,-279
-341,620,-115
-582,775,91
-996,943,152
-1411,983,197
-2087,1192,276
-2284,1067,395
-1090,722,130
-483,783,53
-1035,483,-293
-230,182,-540
547,-156,-437
633,-366,-568
426,-407,-373
333,-142,-315
428,-274,-355
1244,-197,-508
3061,154,-730
5472,91,-595
6149,-698,-908
5879,-911,-621
7665,-1207,-919
7690,-1821,301
1568,-1956,107
-1425,654,581
-953,1156,307
-105,455,41
-114,117,12
-172,44,51
256,85,51
31,158,36
-437,251,30
-798,262,232
-200,341,131
731,306,-79
764,373,-565
229,783,-1230
1412,1291,-1830
2357,1876,-2486
1633,2426,-3255
-907,3383,-4220
-5733,5071,-4627
-11811,6912,-2683
-15272,7819,1139
-15069,6828,3818
-12007,4392,4816
-7347,2278,4809
-2995,1081,3861
-81,306,2773
1411,-242,1693
2020,-627,845
1859,-577,175
1052,-168,-185
-110,410,-535
-1249,776,-913
-2065,959,-1166
-2296,1014,-1274
-1906,964,-1405
-1106,887,-1428
-265,631,-1276
378,350,-941
739,60,-682
787,-72,-432
715,-9,-322
327,211,-435
-332,417,-542
-829,568,-639
-1154,615,-657
-1263,584,-487
-1154,427,-257
-820,174,89
-158,-125,487
524,-162,645
491,48,714
-201,-51,918
-907,-22,1306
-2073,585,1875
-3483,760,1918
-3844,375,1596
-3277,-86,1285
-2117,-604,1127
-631,-1135,1048
649,-1344,1181
1305,-1327,1419
1418,-1235,1546
1120,-1061,1528
883,-773,1146
295,-309,917
-260,218,578
-429,665,65
-434,907,-570
-381,1080,-1208
-555,1198,-1559
-811,1081,-1327
-921,728,-837
-781,310,-539
-94,-249,-584
1099,-643,-733
2027,-780,-837
2421,-573,-798
2106,-511,-634
1206,-304,-545
82,21,-621
-824,531,-759
-1428,924,-859
-1617,1134,-832
-1371,1185,-662
-1162,1145,-400
-1176,862,160
-781,474,608
-160,350,320
-93,30,159
-321,-143,372
-546,-149,380
-854,-253,442
-1032,-416,640
-943,-415,1102
-661,-449,1644
-338,-429,1982
32,-464,2124
432,-489,1968
754,-500,1550
729,-389,1023
479,-149,398
419,252,-213
789,782,-808
1108,886,-1143
3837,548,-1936
3767,-520,-1679
1785,-726,-2051
-1672,-429,-1035
-3016,-192,-259
-2409,-168,401
-602,-431,690
1163,-612,572
2341,-770,515
2724,-956,424
2474,-977,243
1957,-829,-54
1455,-592,-483
1190,-447,-1026
1144,-176,-1380
1597,-164,-1416
1603,-124,-1317
901,-81,-1017
367,-134,-854
513,-224,-739
215,-122,-749
-1283,-139,-669
-2385,-156,247
-2237,-95,1043
-1841,-50,1252
-1274,-266,1299
-784,-520,1234
-170,-716,1177
325,-829,1119
670,-896,1005
789,-914,953
660,-811,1027
518,-781,920
331,-778,830
272,-705,656
167,-502,391
26,-189,-60
-180,79,-560
-420,358,-1129
-485,533,-1293
-391,514,-730
-432,378,83
-279,132,327
235,-257,262
1031,-514,93
1601,-634,26
1656,-583,119
1368,-606,194
1087,-564,185
852,-413,67
662,-133,69
509,57,117
341,141,79
122,149,101
9,11,33
489,-119,-161
1124,-177,-570
1005,-307,-428
385,-355,182
-340,-211,112
-724,-185,152
-832,-329,228
-472,-636,249
253,-954,278
823,-1138,105
1034,-1245,-8
928,-1297,-51
854,-1330,-119
799,-1331,-207
684,-1369,-341
698,-1410,-535
695,-1356,-648
713,-1329,-826
649,-1353,-912
690,-1463,-1098
897,-1584,-1344
1243,-1608,-1095
1272,-1548,-521
699,-1559,-289
337,-1548,-255
728,-1592,-183
1144,-1664,-139
1465,-1714,-57
1856,-1658,70
2499,-1928,90
2892,-2036,21
2769,-2015,34
2272,-1923,25
2144,-1803,-80
2323,-1796,-195
2406,-1613,-225
2005,-1580,-332
1684,-1739,-534
1774,-2119,-984
2785,-2426,-701
3646,-2381,-276
2495,-2128,-282
1409,-1697,-423
749,-1213,-391
22,-1134,-567
-285,-957,-566
-666,-1102,-430
705,-1100,-173
1335,-1087,258
630,-1064,161
254,-989,-323
90,-734,-197
-370,-599,18
-352,-261,73
-453,204,262
-1471,308,232
-1811,-41,-106
-1244,-527,-457
81,-928,-740
1147,-1308,-1315
580,-1492,-1612
-35,-1547,-1564
95,-1208,-1346
184,-649,-932
-387,228,-657
-997,1281,-169
-1055,1765,269
-823,2407,498
-856,3079,809
-938,3218,939
-1239,3216,1044
-1562,3030,1270
-1712,2974,1288
-1683,3042,1208
-1468,3058,1195
-1096,2894,1185
-999,2800,1109
-1175,2699,960
-1097,2470,801
-701,2085,655
-392,1604,681
-102,1137,656
74,844,522
27,801,257
159,411,102
498,126,262
500,31,249
357,-62,32
28,-60,129
-521,36,346
-895,58,482
-508,-218,564
-516,-405,529
-625,-627,505
-476,-654,619
-770,-727,411
-643,-799,86
250,-862,120
1184,-944,-35
1136,-1072,-200
995,-1302,-277
926,-1540,-388
1039,-1310,-490
1142,-882,-325
1074,-457,47
130,-286,-71
-326,-765,-266
106,-878,242
86,-1282,232
571,-1932,288
608,-2131,668
736,-2075,587
540,-1771,616
383,-1641,729
557,-1479,694
465,-1452,668
587,-1464,589
730,-1400,481
1050,-1279,268
1097,-1156,231
662,-1031,-41
494,-747,-273
-6,-494,-404
-593,-193,-286
-375,109,53
-299,58,72
-307,-64,49
-401,-260,77
-327,-425,185
-41,-527,410
-171,-320,506
-687,-148,529
-709,-44,392
-359,-5,132
-40,-233,4
343,-597,70
520,-806,-48
356,-759,-182
270,-685,-470
332,-752,-804
217,-282,-669
-360,263,-149
-548,209,187
-562,69,411
-847,18,520
-363,-38,436
154,151,397
226,262,379
77,391,334
-159,501,270
-117,448,288
84,451,295
106,596,35
-349,888,-93
-256,959,-335
-132,1103,-384
-432,1449,-595
-810,1687,-649
-710,1766,-515
-1061,1699,-559
-1479,1477,-509
-712,1298,-545
-447,1314,-663
-673,1578,-510
-786,1649,-424
-433,1653,-450
-217,1551,-447
-118,1316,-591
38,967,-770
253,607,-1010
224,194,-1104
-120,-86,-1203
-200,-245,-1279
-277,-240,-1421
-351,20,-1246
-604,413,-1086
-1086,746,-1040
-1572,744,-874
-1848,466,-737
-1903,48,-663
-2000,-293,-682
-2245,-557,-589
-2044,-451,-677
-1534,164,-604
-2449,1302,-347
-3210,1371,-115
-3065,1006,-187
-1700,776,137
-498,220,352
340,-79,459
537,123,650
-764,830,766
-2281,1148,433
-2517,1206,89
-2361,1220,72
-1575,871,82
-864,674,-5
-584,470,-332
-1175,287,-22
-1325,345,28
-876,406,10
-792,181,214
-643,32,-11
-176,-41,-138
-111,-106,3
-243,-212,-172
-612,17,-207
-633,190,-181
-274,229,-234
-130,74,-367
264,194,-333
112,164,-374
442,176,-380
803,228,-457
522,211,-586
589,260,-472
1049,174,-487
1162,-191,-514
1712,-536,-343
2749,-1012,-219
4036,-1227,90
4827,-782,396
4050,-371,358
2217,-70,421
1118,-175,395
1323,-148,364
152,407,112
-467,363,-513
402,62,-682
126,-152,-433
219,147,-112
-76,416,-233
-729,497,-123
-199,582,-131
127,622,-185
-544,478,-45
-92,252,33
234,-29,88
191,-197,181
325,-44,709
17,156,1425
1083,510,1794
2806,1028,1518
3143,1213,852
2176,1483,808
-775,1798,797
-1815,2176,778
-1595,1727,99
2,-944,-163
963,-1519,58
-142,-915,38
-985,-247,-110
-676,-116,-247
-56,-478,-331
-185,-991,-315
-1045,-1227,-469
-1424,-1054,-927
-1679,-751,-1315
-2044,-638,-1392
-1062,-186,-1103
-1137,127,-554
-1066,233,-663
-807,213,-645
-1012,293,-305
-1066,216,29
-1141,176,180
-1440,-93,-146
-1436,-105,-462
-1239,129,-352
-1285,8,-566
-957,-125,-810
-1685,-50,-1109
-1169,-27,-683
-62,-95,-673
-932,-43,-786
-1137,137,-590
-870,133,-270
-695,81,-148
-828,-7,-122
-364,260,224
-448,431,716
-943,604,931
-1166,779,995
-819,542,1429
179,276,1460
924,-1,1334
1100,-211,1322
1269,-542,1138
1403,-743,588
1223,-959,-164
1286,-631,-787
1315,-487,-929
1249,-688,-1174
3369,-472,-811
6497,-536,-518
8474,-618,-226
7620,-545,-540
2674,-550,-956
-1153,46,-1264
-2862,1371,-340
-3754,2011,1267
658,934,-117
2649,830,383
1138,50,198
257,-95,-33
-93,54,117
457,-118,217
-754,143,16
-1206,93,47
-793,-5,231
-818,243,182
-1054,450,36
-1310,463,280
-560,123,147
-1027,94,282
-1483,96,154
-2089,100,-25
-3160,88,-259
-4277,377,-725
-4823,705,-1000
-5359,552,-376
-4567,162,-18
-2404,99,192
-1974,-17,288
-2976,13,425
-2276,3,269
-827,-316,93
1,-444,-148
129,-254,-160
-424,-185,-167
-136,-183,-116
-166,-74,23
-305,-122,78
12,102,-48
-516,400,-186
-558,164,-233
-113,33,-10
-301,-21,15
-60,-74,55
-134,-59,-11
-380,-80,-9
-258,-110,127
-556,252,177
-962,229,150
-523,23,-44
164,-13,-163
658,-424,-83
492,38,-352
-1186,152,-988
-562,-329,-395
1074,-562,695
-321,-302,-467
-503,-27,-198
-28,-243,290
-170,5,436
-340,452,462
-1254,867,937
-2107,887,1253
-1600,806,1309
-938,950,1215
-852,1240,1107
-1087,1473,1124
-1541,1536,1142
-1924,1549,1130
-2153,1432,1043
-2221,1196,1018
-2037,1050,1064
-1701,951,1153
-1561,1032,1049
-1788,1100,863
-2376,1076,629
-2854,940,512
-2930,675,423
-2506,411,374
-1840,97,453
-1204,-177,549
-810,-413,622
-504,-589,697
-194,-685,771
163,-687,744
460,-552,718
445,-203,562
199,127,268
-218,458,-31
-683,653,-163
-964,697,-149
-1007,641,-38
-481,702,58
257,807,107
385,568,64
60,367,116
-174,345,358
-235,353,434
-245,297,424
-28,158,446
236,90,362
604,7,349
935,-58,430
1256,-182,342
1549,-225,262
1462,-87,-99
516,87,-463
-956,47,-260
-1470,4,216
-1241,40,407
-789,-66,212
-379,-308,184
-347,-363,369
-444,-225,589
-497,-78,777
-549,155,996
-617,409,1033
-743,629,900
-901,571,680
-782,276,476
-428,135,229
-232,209,-56
-312,410,-420
-714,571,-829
-1062,846,-1358
-1246,1187,-1935
-1375,1359,-1955
-1473,1193,-1621
-1469,726,-1424
-734,226,-1470
687,-16,-1332
1837,-92,-1113
1875,-133,-779
969,-128,-309
137,-95,-97
-201,-9,-49
-278,-2,-131
-70,-18,-105
22,29,-25
-18,89,195
-168,268,350
-408,283,407
-366,74,533
90,144,433
46,237,18
-591,95,61
-1135,-50,383
-1231,-187,734
-1051,-314,998
-633,-594,1273
-247,-763,1613
198,-737,1947
423,-689,2012
448,-604,2099
276,-570,2015
-2,-504,1790
-415,-437,1509
-631,-390,1240
-561,-231,921
-167,-31,385
223,238,-21
228,275,-330
-64,256,-954
-289,241,-1106
-791,214,-671
-1641,165,-468
-1834,60,-590
-831,-204,-632
590,-265,-704
1498,-401,-566
1806,-444,-438
1537,-381,-397
858,-173,-401
101,42,-412
-513,244,-402
-657,371,-309
-406,590,-121
-237,717,43
-455,758,252
-724,827,785
-1118,905,867
-1410,735,1218
-1675,348,1663
-1496,39,1869
-1616,-241,2163
-1989,-604,2299
-1704,-982,2516
-1470,-1173,2633
-1569,-1299,2631
-1537,-1554,2389
-1063,-1794,2179
-433,-2331,2090
889,-3509,2278
2072,-3570,2726
2193,-2935,2416
1257,-1919,1592
-406,-876,797
-1704,-247,-168
-2057,58,-949
-1341,60,-1205
-300,-141,-687
246,2,59
234,849,451
-581,-91,594
-560,-115,-29
1172,614,504
-136,942,546
-1174,1099,526
884,950,754
870,680,932
-95,456,836
-138,196,935
279,240,1084
-125,311,891
-558,416,1027
-23,276,1172
480,221,1228
92,225,1247
-31,149,1227
431,37,1208
446,49,1078
334,-24,1100
955,-259,1003
849,-480,986
884,-415,820
328,-99,589
80,424,623
432,1186,41
-120,2040,-640
-936,2287,-1398
-2068,2076,-1591
-3949,1452,-897
-3500,-584,719
1304,-1196,1503
2666,-407,1136
-577,708,362
-1969,1321,90
-1521,984,154
-379,746,221
-69,863,-331
-768,954,-543
-878,873,-703
99,717,-949
768,423,-1273
851,189,-1493
824,62,-1522
776,211,-1481
-234,444,-1251
-798,575,-855
-720,447,-764
-399,243,-532
-632,347,-418
-882,355,-255
-568,287,-139
-486,214,-52
-701,259,-29
-603,110,50
-378,79,216
-279,194,101
-268,-113,-20
-236,-403,196
-39,-249,49
275,-29,258
141,23,155
335,-63,-4
540,-340,-201
1262,-679,-314
2129,-949,-519
5539,-129,-887
8351,-1578,-1385
5712,-1325,-316
2582,-534,-589
2862,-831,-304
3958,-665,426
1854,-493,425
207,-503,257
130,-141,313
-234,102,175
-366,54,41
145,-30,47
15,-44,-2
90,125,-9
222,72,-65
265,-299,-213
-81,-360,-349
-426,-75,-123
-140,-98,-407
-802,96,-692
-1438,282,-714
-1381,95,-396
-1677,-86,-239
-1822,355,118
-1329,229,482
703,72,631
2434,367,18
1700,917,-454
155,1758,-664
-187,2563,-1190
-293,3400,-1517
-1415,3825,-1633
-3160,4416,-1221
-4579,4559,-302
-4654,5013,614
-4364,5403,1745
-4461,4553,2461
-4001,3925,2823
-2901,3374,3066
-1779,2643,2950
-974,2023,2673
-582,1746,2554
-717,1698,2590
-1477,1695,2420
-2173,1588,1963
-2269,1310,1519
-1998,907,1124
-1669,539,828
-1180,230,644
-502,22,456
8,-83,334
201,-34,142
106,40,-22
-130,135,-27
-257,180,-99
-239,130,-151
-69,15,-233
154,-64,-316
417,-113,-271
631,-152,-166
790,-152,-129
816,32,-334
255,253,-328
-743,157,181
-1148,-122,677
-794,-230,994
53,-347,1076
621,-468,1144
768,-562,1140
783,-710,1028
801,-778,802
786,-805,518
701,-742,179
499,-657,12
384,-661,-182
491,-564,-233
596,-348,-409
440,-210,-536
341,-147,-811
319,-171,-1112
877,-464,-1429
1093,-852,-1470
258,-783,-576
-898,-796,56
-1765,-1212,-6
-408,-1707,-283
1253,-1878,-420
1684,-1842,-387
1374,-1748,-210
962,-1656,-187
592,-1419,-236
272,-1154,-369
167,-878,-466
357,-712,-492
695,-519,-397
764,-211,-328
589,-106,-230
624,-150,-299
544,-208,-457
147,-329,-39
-181,-451,368
-291,-399,330
-463,-161,273
-816,-38,268
-655,-126,292
-91,-182,319
268,-320,298
198,-341,307
83,-326,266
81,-316,208
114,-413,166
204,-584,-54
240,-588,-261
111,-340,-519
0,-107,-708
174,-28,-848
152,103,-1305
-15,228,-1011
-570,242,-94
-1388,-107,273
-1257,-678,-6
-2,-966,-127
1064,-1046,-283
1497,-1153,-319
1283,-1291,-249
480,-1357,-362
-50,-1174,-533
-653,-891,-696
-873,-567,-834
-1126,-299,-851
-1248,42,-792
-1362,405,-755
-1269,496,-764
-215,687,-793
344,970,-893
525,1165,-276
204,1080,294
-589,654,554
-871,75,862
-634,-136,1176
-686,-189,1438
-836,-366,1554
-1168,-443,1562
-1502,-603,1573
-1472,-782,1433
-1054,-995,1412
-277,-1231,1596
274,-1436,1769
368,-1368,1759
556,-1273,1518
502,-1167,1394
380,-1000,431
1010,-1161,-626
2483,-1133,-1157
2519,-1061,-968
1472,-535,-588
559,69,-534
-928,110,-1186
-1407,-169,-1282
-1419,-89,-415
-759,70,-331
-79,-208,-417
-188,-89,-381
-496,187,-86
-551,234,-43
-492,287,69
-405,205,182
-267,39,97
-385,96,160
-493,177,208
-586,226,47
-1440,303,-20
-2119,550,251
-6999,1118,162
-9034,1942,1101
-5582,1506,1344
-2606,647,1168
500,369,306
3156,-1170,-1093
2534,-1171,-1252
407,-563,-1595
470,-530,-1752
2119,-287,-1573
2002,-392,-997
648,-364,-733
-182,17,-783
-883,47,-93
410,-797,298
1173,-1039,787
468,-807,1123
-131,-567,1214
-97,-561,1160
214,-533,1156
342,-531,1070
282,-479,878
212,-292,719
237,-324,475
453,-374,345
413,-315,211
233,-225,76
-21,-205,-47
64,-277,-219
79,-273,-479
-12,-290,-643
182,-117,-828
58,-87,-920
402,-120,-1217
573,-144,-1520
387,-386,-1677
764,-390,-1676
580,-561,-1846
620,-775,-2162
872,-419,-1812
772,-742,-1611
988,-1176,-1864
925,-1149,-1707
1207,-1695,-1540
942,-2161,-1704
5,-1871,-1738
-744,-1872,-1615
-683,-2155,-1392
-388,-1654,-1178
-744,-1697,-1204
-774,-1174,-1082
-381,-738,-1082
-47,-767,-998
477,-1014,-896
1254,-963,-874
1473,-644,-692
1198,-719,-635
692,-459,-533
369,-474,-453
16,-417,-290
-307,-251,-144
-310,-20,-226
-19,-57,-286
12,-74,-230
-100,-117,-208
-39,-49,-3
-47,-27,60
-116,52,106
-242,202,187
-219,310,187
-164,289,178
-139,247,179
-78,249,211
-106,250,259
-242,405,210
-355,321,144
561,-190,-81
3169,-506,-639
5113,-796,-1409
3034,-649,-1808
227,29,-3075
-276,482,-3705
-1893,1298,-4567
-4519,2686,-5464
-7527,4425,-5197
-10947,5846,-2653
-12901,6290,844
-12856,5582,4512
-10488,4087,5121
-7263,2370,4875
-5137,1064,4256
-3228,-293,3609
-1322,-1030,3195
54,-1374,2826
595,-1038,2410
342,-544,2088
-283,-1,1877
-800,587,1613
-1071,1130,1238
-1225,1517,1030
-1421,1884,798
-1575,2219,691
-1724,2420,752
-1772,2551,730
-1583,2634,664
-1412,2697,637
-1549,2662,565
-1619,2504,482
-1384,2218,351
-1227,1936,213
-1424,1751,-6
-2088,1627,-77
-2749,1543,124
-2870,1471,196
-2294,1231,112
-1407,861,16
-741,649,-113
-341,467,-208
-173,447,-400
-230,520,-577
-536,595,-712
-946,654,-777
-1232,738,-777
-1314,827,-681
-1353,780,-353
-1300,752,-13
-1012,654,298
-592,535,546
-145,522,567
241,507,508
451,434,424
625,417,254
610,376,0
87,11,353
-742,-305,772
-964,-607,1352
12,-1008,1444
998,-1293,1141
1638,-1532,1037
2095,-1678,1168
2122,-1628,1408
1675,-1582,1653
941,-1575,1907
341,-1463,1897
185,-1316,1779
288,-1224,1486
289,-1055,1035
-32,-857,338
-58,-651,-539
273,-386,-1323
509,105,-2190
526,637,-3145
282,920,-3539
-156,898,-3523
-125,541,-3422
918,1,-2982
2350,-275,-2738
3235,-603,-2650
3451,-969,-2508
3233,-1065,-2308
2757,-847,-2130
2038,-700,-1880
1254,-546,-1633
607,-320,-1392
213,1,-868
-175,156,-334
-366,316,168
-570,534,1045
-1111,845,1907
-2335,884,2929
-3174,469,3694
-2670,-318,4359
-2142,-521,5039
-1528,-717,5495
-1037,-1148,5329
149,-1282,4611
1315,-1161,3872
1840,-940,3335
1724,-741,2904
937,-554,2272
-104,-452,1636
-673,-338,875
-642,-205,204
-342,-117,-388
-258,-25,-856
-255,77,-1075
-310,34,-1277
-328,-57,-1503
-331,-58,-1217
-1027,-30,-588
-2029,-16,51
-2154,-292,294
-1594,-517,186
-954,-429,4
-591,-227,-156
-417,-233,-315
-378,-251,-258
-639,-284,-142
-1015,-300,-96
-1201,-232,-107
-1248,-70,-253
-1227,123,-381
-1125,306,-385
-799,472,-309
-656,627,-239
-770,603,-244
-645,483,-167
-463,203,-129
-116,-78,-368
284,-41,-504
330,-221,-273
14,-318,-295
-169,-246,-748
-212,-148,-1052
-72,141,-1363
200,304,-1402
760,351,-1801
907,429,-1705
686,596,-1702
7,978,-1511
-1999,1394,-1129
-2944,1315,-746
-748,364,-678
2161,-194,-891
2205,-639,-947
694,-643,-873
212,-1368,-95
2647,-3669,1725
8016,-4348,2682
11794,-1667,3920
6494,2047,3038
112,3723,1600
-1875,4611,356
591,5611,-132
3378,6437,-812
3393,6937,-1781
1481,6675,-2151
305,5826,-1901
93,5007,-1763
71,4254,-1298
-424,3104,-537
-498,1893,-34
-276,805,43
-547,281,-28
-532,271,-129
-736,330,-377
-2103,182,-213
-2277,44,-221
-1366,-121,-270
-696,-211,-355
-734,-321,-176
-1003,-555,-45
-1184,-713,69
-1096,-912,23
-859,-1018,-103
-562,-971,-385
-216,-821,-706
130,-641,-878
336,-442,-878
319,-298,-823
540,-128,-647
789,-59,-429
922,-225,-360
1336,-215,-499
1126,197,-353
383,729,139
-431,1035,556
-1049,1246,851
-1089,1258,769
-841,1231,805
-689,1072,893
-430,1053,921
-143,1034,807
18,1100,723
115,844,548
596,429,323
519,488,192
-225,533,162
-313,460,22
-93,364,-220
-252,506,-311
-434,764,-573
-451,1013,-761
-723,1158,-187
-1171,1208,81
-1417,893,76
-1170,509,12
-507,448,-280
-21,644,-373
21,1016,-422
-204,1276,-544
-205,1573,-603
-167,1733,-566
-216,1719,-462
-503,1766,-278
-958,1758,-81
-1336,1713,150
-1484,1703,376
-1648,1634,407
-1643,1440,479
-1445,1324,650
-1710,1335,845
-1618,1387,1129
-1412,1317,1404
-2125,1063,1534
-3092,989,1188
-4188,1094,526
-4787,1134,-291
-3769,1241,-702
-2346,1118,-198
-2333,1266,133
-2135,1217,302
-729,758,374
809,402,676
1063,622,1153
411,632,1385
-202,436,1638
298,977,1702
-590,1475,1606
-1572,1850,1589
-1162,1926,1529
-775,1991,1325
-923,2097,1255
-1051,1989,1204
-441,1250,827
236,-38,157
1236,-1151,-291
2041,-2100,-413
2031,-2597,-484
798,-2405,-391
-609,-1700,-625
-1070,-1049,-1368
-710,-585,-1706
948,-466,-1505
2773,-502,-1099
451,-120,-209
-1182,437,119
-1330,510,341
-1550,195,374
-479,-216,-78
390,-465,-262
274,127,-163
-618,696,-286
-769,1007,-414
-30,1545,-656
699,1932,-1048
1851,2014,-1088
3074,1711,-689
2867,1193,176
1730,1152,954
509,1234,1266
-22,1052,1448
92,522,1426
570,-272,1291
1235,-1245,1348
1648,-1861,1549
1229,-1954,1617
-806,-1668,1303
-2668,-1065,681
-2970,-573,-40
-2627,24,-591
-1425,1103,-1113
-1312,1153,-618
-1152,1058,-550
-1633,1818,-352
-2270,2198,-57
-1346,2029,210
151,1608,645
456,1083,989
182,694,1322
-421,41,1818
-577,-890,1893
-201,-1412,1581
242,-1675,1032
390,-1750,233
15,-1724,-538
-379,-1305,-796
774,-901,-626
1631,-392,-399
658,335,-485
-1491,759,-280
-1809,569,-239
-932,331,-94
-561,76,293
-847,148,196
-775,78,360
-213,141,370
-624,618,341
-1469,1069,611
-1326,1128,955
-1326,1384,1188
-1690,1459,924
-1437,1440,755
-1217,1327,562
-829,954,498
-143,1029,521
-402,1167,417
-323,939,428
221,868,41
422,812,-292
441,606,-251
707,617,-338
570,670,-287
388,521,-305
500,405,-435
650,359,-415
769,463,-515
1012,777,-737
1033,739,-843
1295,678,-927
1974,-38,-705
2993,-1325,-76
4202,-2507,699
4908,-3467,1441
4222,-3753,2084
2139,-3821,1923
144,-3527,1171
-1097,-2917,199
-2208,-2199,-1000
-2116,-942,-2162
-1120,325,-2315
-825,1193,-2123
-509,1455,-1085
127,1314,128
1861,1143,69
2009,885,112
68,828,427
226,1112,555
589,1203,704
-66,1005,710
-11,682,746
131,535,803
-480,579,749
-1041,753,797
-1380,795,895
-1568,786,958
-1779,782,1009
-1864,787,1001
-2047,1061,1016
-1656,957,740
-372,489,409
618,-278,288
1051,-958,253
1607,-1390,362
1632,-2474,-90
935,-3239,-1060
-59,-3489,-1963
-937,-3498,-2645
-1537,-3074,-2985
-1319,-2097,-2885
297,-852,-2428
415,300,-1969
-1038,1771,-573
-1735,1658,966
-725,1532,1343
-421,1897,1731
-769,1928,1921
-1096,2221,2168
-841,2264,2166
-324,2115,2129
-199,2038,1956
-688,1812,1620
-127,1185,1312
957,134,1013
1525,-827,592
603,-1088,400
-276,-2259,-501
61,-3311,-1383
221,-3822,-1863
-86,-3982,-2308
-681,-3364,-2259
-1246,-2863,-2471
696,-1314,-2102
1529,-505,-1357
-1234,387,-256
-1090,1358,-46
-1531,1613,206
-1130,1422,494
-154,1419,923
-239,1888,1196
-806,2250,1471
-694,2067,1687
-519,1954,1961
-961,2045,2138
-1204,1730,2251
-277,715,1600
861,-566,724
1346,-1413,210
434,-2308,-606
-202,-2803,-1613
-1136,-2821,-2433
-2053,-2653,-2930
-1693,-2050,-3264
-322,-722,-3276
509,135,-2395
793,929,-972
246,1393,439
698,1685,645
1550,1560,1229
1459,1634,2158
889,2040,2535
-234,2739,2794
-795,2673,2862
-571,2032,2428
278,1306,1716
907,810,1311
952,573,1074
1180,820,869
764,484,620
6,373,1081
584,243,1351
1171,239,1286
1128,677,947
145,1385,581
-801,1607,217
-378,1476,-29
99,1225,-237
-288,968,-277
-629,962,204
-1618,969,1256
-2765,889,1870
-2927,1251,1887
-1943,1896,1295
-1220,2078,512
-861,2264,-3
-240,2090,31
-155,1617,-12
-476,1474,63
-639,1479,209
-658,1588,180
-586,1614,182
-398,1622,111
-250,1534,83
-275,1524,257
-545,1411,460
-940,1305,732
-1080,980,726
-459,726,449
111,392,330
183,28,326
-140,-251,353
-474,-260,472
-464,-242,558
-228,-212,580
-331,-159,449
-270,-43,376
41,146,190
314,332,184
498,284,317
333,36,495
-58,-173,393
126,-275,230
347,-292,1
600,-582,-226
836,-781,-374
770,-668,-403
32,-598,-160
-810,-636,238
-885,-497,182
-211,-388,-109
-36,-312,-261
-404,-143,-67
-905,35,101
-1240,-117,204
-1375,-248,263
-1152,-239,287
-622,-267,117
-107,-310,-108
-30,-201,-266
330,-188,-472
650,-52,-629
496,-184,-725
405,-281,-645
368,-248,-780
-27,-218,-657
-510,-95,-371
-905,-115,1
-649,-427,-80
53,-922,-445
758,-1124,-691
788,-1060,-633
436,-978,-378
79,-833,-214
-103,-696,-99
-304,-453,-55
-149,-251,19
-38,-72,59
-175,181,217
-41,374,328
4,523,387
194,324,446
222,303,363
140,572,614
77,714,779
251,736,685
232,777,802
-328,715,950
-483,419,1115
-57,14,1419
584,-28,1447
822,153,1292
252,227,966
-518,213,653
-531,52,52
-328,130,-388
-498,214,-407
-351,121,-403
356,113,-428
943,416,-246
274,809,135
-824,888,640
-728,1192,1204
158,1587,1505
400,1963,1047
-869,2182,727
-2265,2153,-313
-2994,1650,-1182
-981,474,-1499
1697,155,-1065
2453,-11,248
30,245,2369
550,710,2331
-33,967,1025
-1705,-131,-1057
-1333,-641,-1232
-907,-427,-1430
-499,-758,-1148
-722,-1291,163
-655,-1682,1052
-203,-1832,1863
188,-1589,2102
1133,-565,1608
958,564,606
-845,647,-725
-1090,565,-1592
-103,150,-1612
504,-538,-1326
967,-932,-1119
517,-641,-788
-382,-198,-701
-1150,468,-706
-1592,1162,-1366
-1496,1655,-1965
-579,1850,-2313
1221,1152,-1945
1734,500,-1246
1450,732,-971
-1036,363,481
-446,117,568
361,40,420
42,-101,513
-796,-396,937
-648,-508,1087
-31,-424,865
415,-160,407
620,49,-284
1092,151,-1168
645,88,-1547
444,-174,-2281
1309,-632,-2906
1789,-1123,-3346
1760,-1409,-3618
1542,-1444,-3870
1956,-1252,-3991
2626,-934,-4185
3016,-759,-4029
3235,-717,-3887
3025,-482,-3720
2348,-137,-3637
1371,250,-3677
413,564,-3374
-4,758,-2621
112,737,-1618
433,581,-598
901,462,49
1430,301,309
1833,131,399
1750,150,440
1204,245,483
613,290,453
249,359,552
214,334,582
307,200,548
556,157,406
695,117,286
551,61,347
336,32,310
280,-40,116
405,-314,-69
459,-649,221
481,-566,533
166,-362,460
-184,-371,577
-331,-389,742
-405,-294,846
-471,-156,993
