53,31,27
54,3,0
55,-5,-53
47,-14,-22
36,17,-1
21,35,52
32,-29,4
23,-9,31
6,17,106
-7,-17,108
7,-7,148
53,-57,129
14,-53,132
30,-26,172
1,-18,200
41,-30,164
73,-16,91
107,20,83
50,117,109
-72,137,129
-91,163,142
-116,86,145
-107,25,216
-96,10,240
-113,21,262
-73,0,248
-32,-58,258
64,-47,185
108,-117,193
186,-99,189
194,-87,198
207,-81,181
212,-25,145
184,35,128
86,88,88
-29,128,68
-107,174,56
-118,129,83
-202,147,116
-217,159,118
-198,142,161
-136,25,123
-70,-54,47
-131,-15,101
-139,15,81
-132,35,93
-97,33,33
-65,35,46
-63,64,-1
-29,46,-3
-25,-7,-10
7,-37,-30
24,-63,-21
21,-5,31
2,-27,-25
28,-8,-6
67,29,-48
-8,22,-42
-38,33,16
-17,-11,25
-89,-62,21
-48,-102,16
-12,-75,-39
9,-28,-28
54,-5,-87
14,32,-95
-9,-27,-137
-84,-62,-80
-52,-88,-67
13,-90,-97
89,-134,-132
72,-101,-215
4,24,-168
-341,192,-60
-608,290,175
-534,277,702
-169,166,1085
-95,82,1310
-265,183,1455
-413,296,1583
-489,336,1528
-415,383,1241
-420,475,1105
-689,329,755
-653,88,194
-347,-85,-181
-322,-241,-410
-306,-268,-557
-251,-392,-646
-164,-561,-761
-303,-527,-520
-384,-488,-245
-282,-372,-212
-109,-211,-167
-213,-331,-138
-100,-299,101
184,-274,7
148,-197,-102
151,-88,-182
7,-60,-292
13,-45,-294
178,-158,-486
203,-44,-576
104,-185,-538
-73,-385,-521
-147,-426,-513
-344,-309,-523
-278,-223,-532
-96,-230,-715
-80,-311,-931
-119,-272,-952
82,-157,-1033
220,-38,-1130
396,186,-1110
616,387,-1100
651,451,-1122
524,305,-1250
234,217,-1194
117,329,-1210
-48,310,-1261
-32,316,-1172
-240,241,-1139
-183,159,-1163
-47,34,-1066
3,-91,-879
45,-280,-780
211,-411,-739
243,-506,-595
109,-626,-470
-14,-712,-401
-131,-768,-356
-292,-750,-316
-369,-725,-332
-377,-690,-303
-370,-635,-289
-376,-668,-348
-760,-592,-449
-448,-458,-516
-141,-429,-481
-49,-299,-426
-129,-229,-312
-62,-191,-184
244,-203,-53
420,-135,94
529,-174,262
400,-339,346
182,-439,461
118,-595,449
309,-546,331
162,-663,188
122,-614,167
60,-676,84
22,-807,-7
362,-859,-180
690,-965,-397
717,-1021,-311
482,-1121,-304
358,-1248,-327
120,-1250,-379
-161,-1085,-377
-91,-1025,-398
441,-1233,-522
394,-1307,-501
170,-1410,-399
177,-1514,-303
-33,-1540,-291
-42,-1673,-279
39,-1894,-258
-208,-1988,-244
-219,-2013,-216
-56,-2194,-173
-152,-2368,-218
-461,-2400,-140
-510,-2423,-132
-464,-2368,-141
-403,-2236,-176
-576,-2180,-180
-640,-2193,-307
-567,-2168,-450
-486,-2038,-493
-446,-1884,-589
-342,-1874,-748
-288,-1819,-823
-452,-1740,-900
-584,-1744,-958
-554,-1569,-690
-420,-1495,-547
-417,-1625,-382
-792,-1870,-409
-736,-2026,-555
-420,-2043,-657
-209,-2021,-640
-254,-1988,-476
-386,-1900,-370
-466,-1822,-309
-484,-1722,-325
-269,-1644,-322
-130,-1489,-276
-63,-1310,-203
-119,-1190,-187
-118,-1066,-300
122,-1060,-453
341,-1055,-655
226,-829,-735
-31,-445,-562
-173,-134,-220
-415,-174,-270
-425,-268,-350
-310,-280,-363
-307,-351,-198
-262,-366,-46
-132,-393,18
-138,-333,146
-142,-316,215
-200,-260,183
-185,-198,154
-96,-117,123
-110,-64,32
-16,-23,-120
61,-21,-199
335,-22,-491
780,57,-497
902,309,-164
291,411,155
-24,300,-20
429,176,-113
560,83,-187
357,173,-53
116,317,280
-189,276,428
-504,217,464
-603,170,460
-697,199,433
-436,379,387
-104,584,409
270,692,362
240,706,319
299,700,83
138,802,34
-103,958,184
-210,1057,250
-344,970,51
-315,950,98
-153,995,133
-49,1037,183
-103,953,248
-241,718,263
-372,533,167
-772,427,127
-1552,336,1
-1986,354,-203
-2484,616,-374
-2512,1121,-531
-2084,1463,-403
-2116,1634,-335
-2089,1796,-455
-1871,1853,-364
-1165,1817,-353
-883,1884,-330
-1495,2100,-84
-1957,1951,350
-2023,1888,763
-2033,1848,837
-1942,1728,710
-1777,1437,747
-1475,1153,859
-1398,1078,921
-1790,1259,1037
-2181,1188,1135
-1702,949,1127
-966,974,944
-1057,1017,807
-728,753,639
-330,496,500
-260,370,311
-272,260,255
-293,179,125
-207,36,86
-111,-68,-14
67,-240,-107
253,-424,-279
738,-814,-561
1278,-1437,-764
1554,-1990,-848
1894,-2484,-876
2160,-2613,-918
3079,-2835,-1097
3919,-3112,-1067
4271,-2841,-688
4462,-2592,-560
3987,-2243,-336
3391,-1956,-341
3044,-1521,32
3334,-1088,290
3496,-916,270
3015,-815,263
2542,-808,84
2031,-830,326
1005,-841,282
365,-877,68
-117,-879,-76
-516,-1086,-243
-400,-1318,-388
-186,-1541,-381
-111,-1681,-356
40,-1676,-269
310,-1638,-154
388,-1647,-34
522,-1758,101
282,-1723,206
48,-1657,254
311,-1644,100
506,-1500,-24
255,-1065,227
-394,-491,439
-940,71,473
-1131,250,286
-912,194,348
-393,-37,385
-8,-109,408
39,-75,407
53,99,260
170,252,139
157,526,83
110,827,46
161,1021,109
163,1203,179
84,1276,185
244,1446,206
245,1579,241
320,1637,86
438,1622,-52
399,1654,-66
230,1555,-353
-609,1467,-745
-1467,1467,-750
-1009,1176,-837
-596,846,-815
-440,910,-498
148,782,-220
240,589,-201
183,432,-143
128,422,-95
17,584,-181
-197,486,-115
-363,445,47
-190,395,92
-325,346,51
-242,146,152
-236,48,301
-23,54,272
119,101,490
-44,50,723
-43,153,670
-70,356,258
674,614,-483
2135,856,-1259
3629,789,-1976
3423,328,-2195
1325,234,-2319
-162,685,-1958
-136,126,-1496
1037,-492,-675
2082,-846,399
2792,-611,1118
2461,-66,1157
1434,339,833
1027,-53,734
1019,-628,632
-369,-903,198
-1340,-280,-218
-1278,-181,13
-286,-424,22
-374,-380,48
-804,3,42
-862,-141,-393
714,-463,-477
542,-398,-596
-59,-422,-903
178,-592,-1096
348,-941,-1295
239,-1338,-1237
801,-1437,-1084
1756,-1631,-1599
2081,-1693,-1482
2227,-1565,-968
346,-809,-698
-944,-628,-887
-223,-964,-1548
-1748,-1081,-1684
-1793,-1411,-1958
-2965,-610,-1220
-2174,-17,-509
-1306,352,31
-982,356,108
-729,496,367
149,255,281
658,172,480
79,141,168
-338,45,-126
-421,58,-87
-510,41,-177
-247,-63,-183
-214,19,-62
-195,84,-8
-86,94,34
92,75,83
89,111,5
192,144,-178
120,40,-265
321,-11,-87
673,181,-54
73,471,-139
-610,535,175
-564,436,709
-481,867,1602
-741,920,1483
-1292,867,1470
-2005,890,1902
-1968,737,1989
-1617,548,1872
-1253,327,1793
-1092,208,1908
-1229,327,2141
-1660,287,2140
-1711,217,1888
-1052,-33,1489
-175,-315,1059
145,-398,496
-31,-409,51
-464,-190,-232
-933,-7,-117
-1441,82,431
-1705,73,966
-1147,-201,890
-731,-304,748
-1058,-412,529
-1206,-579,282
-760,-593,-59
-572,-611,-668
283,-714,-1173
1176,-674,-1127
487,-54,-1093
-835,554,-743
-861,261,-686
293,-334,-520
1451,-295,-461
736,-49,-623
-102,268,-906
-111,323,-926
534,69,-748
415,-209,-596
-280,-43,-200
-269,97,-261
99,-8,-1
225,-212,205
665,-320,254
870,-663,191
2470,-950,197
4078,-1228,26
3522,-994,51
2021,-565,159
1229,-352,-33
-768,-54,-26
-586,260,-264
-30,376,-393
-340,323,-375
-385,469,-169
-422,482,-90
-933,608,137
-1571,661,468
-1365,724,483
-1684,588,578
-833,304,661
-511,31,525
-209,-172,505
-50,-96,159
318,-319,-118
703,-274,-136
412,181,-483
-255,330,-770
-299,141,-1137
-285,349,-1170
-119,507,-1068
171,367,-1188
384,391,-1678
222,692,-1520
-693,933,-913
210,603,-1618
840,426,-1621
367,398,-883
426,238,-998
489,303,-864
386,175,-755
349,-23,-539
320,97,-417
522,218,-597
328,371,-766
-108,403,-487
41,292,-195
389,248,-209
246,299,-281
-79,123,-37
353,-331,465
772,-1112,1291
358,-1194,2478
-1126,-1088,3976
-1354,-1306,4765
-303,-1527,4733
107,-1142,4102
-1027,-867,3353
-2199,-947,2238
-2204,-523,1279
-1842,231,111
-1170,1136,-747
-174,1300,-1176
935,1153,-1455
314,583,-819
-808,-189,155
257,-100,-301
607,433,-648
-424,606,-583
-1179,678,-402
-1263,606,-405
-703,545,-786
-145,617,-1032
-200,721,-1153
50,813,-1064
505,927,-1027
-1,886,-925
-44,760,-938
523,626,-1026
624,404,-889
559,367,-758
515,335,-750
352,-104,-621
698,-248,-480
604,-315,-373
224,-309,-243
53,-288,67
-28,-523,-60
338,-248,259
70,3,8
-74,204,-75
-97,248,-97
-44,126,32
1,-168,368
-408,-255,628
-851,-420,890
-731,-1032,1615
-93,-1593,2025
1347,-1740,2408
2466,-1452,3181
2204,-1045,3694
1150,-638,3734
-396,-283,3377
-1249,-233,2594
-1118,-272,1436
-428,-132,269
471,-393,-210
851,-541,-315
1387,-590,-549
2360,-895,-827
2989,-905,-720
1227,-380,-436
-1060,136,-514
-885,233,-475
-310,47,-214
384,-162,-129
102,-161,265
-371,-147,789
-1236,-78,1045
-1733,406,854
-1634,900,519
-1425,1256,-76
-1486,1552,-678
-1225,1611,-1275
-189,1905,-1591
291,2146,-1786
-530,2175,-1462
-901,2148,-1392
-463,1822,-1124
-771,1698,-831
-1030,1379,-273
-926,1028,53
-1557,1064,322
-1982,1210,408
-2071,1292,733
-2551,1371,966
-1904,1247,991
-1080,1135,701
-351,1117,149
-717,1075,-9
-551,959,-56
505,911,-331
89,1070,-528
-399,1049,-533
39,1032,-593
195,875,-775
679,663,-900
1301,525,-805
774,375,-456
464,233,-229
-221,44,308
-236,-1073,843
788,-2196,1354
1591,-2710,1481
1013,-3618,1448
793,-4198,759
1450,-4686,715
837,-5058,839
-101,-5183,489
181,-5004,-40
995,-4506,-625
1850,-3643,-1417
3111,-1969,-1981
3877,-1594,-1403
2687,-1233,-480
-116,-996,-37
-58,-721,-334
901,-278,-873
306,120,-797
427,231,-822
704,363,-685
-531,321,97
282,261,489
758,464,294
-543,755,89
-397,505,115
491,154,273
294,206,139
-373,427,78
285,78,200
765,-437,427
417,-367,794
515,-359,967
1286,-307,921
1036,267,928
558,638,964
1079,819,736
1132,549,371
342,386,-169
-273,555,-839
-741,823,-1471
-970,1192,-2084
-807,1488,-2512
-498,1740,-2736
-247,2057,-2483
-407,1799,-2106
-1749,1423,-1677
-3324,1507,-1194
-4311,1979,-1006
-3271,1767,-592
-2343,1823,-248
-2391,1883,132
-2942,1802,118
-2399,1700,-125
-1499,1282,-626
127,508,-1133
597,187,-1010
1409,18,-1010
2044,8,-767
507,88,-875
-8,217,-691
545,101,-740
1358,-241,-468
123,-161,-156
-150,-528,28
1026,-997,128
707,-1533,601
699,-1959,997
986,-2198,1196
790,-2388,1491
739,-2030,1740
1013,-1712,1350
1613,-1527,599
2064,-1512,-348
1997,-1665,-1476
2268,-1881,-2486
2656,-2182,-3305
2923,-2590,-3982
3019,-2884,-4615
3605,-2913,-5197
4915,-2694,-5295
6204,-2436,-4702
6251,-2284,-3527
4651,-2272,-2550
2837,-2118,-1806
2150,-1979,-1413
2384,-1999,-1219
3145,-2066,-1137
3793,-2184,-1067
3923,-2195,-1013
3606,-2098,-954
3103,-1880,-1033
2603,-1537,-1064
2334,-1166,-1095
2196,-751,-1158
1891,-408,-1039
1431,-187,-1035
946,14,-1061
706,138,-1070
618,287,-1055
511,322,-986
683,240,-1071
897,204,-1199
1004,247,-1363
918,249,-1438
680,235,-1368
436,215,-1224
224,213,-1051
114,148,-930
25,25,-676
-45,24,-446
18,40,-272
-167,134,-121
-686,266,203
-1437,318,821
-1748,65,1760
-1316,-523,2679
-694,-795,3082
367,-1130,2933
1442,-1156,2689
1898,-989,2559
1867,-711,2487
1331,-302,2282
443,162,1961
-342,414,1717
-635,502,1487
-481,489,1239
-240,438,1043
73,429,873
357,277,977
295,121,1054
393,153,953
1070,283,849
1078,233,635
891,206,591
736,574,708
485,920,699
150,1052,417
-357,928,85
-581,819,-65
-826,677,-37
-889,515,-68
-803,398,-80
-371,285,-247
183,78,-437
332,-69,-499
-133,-11,-328
-608,166,-169
-486,169,-230
-313,227,-212
-389,272,-178
-489,235,-40
-639,398,51
-989,558,-19
-1211,530,134
-1162,254,74
-1394,-6,-207
-1645,-292,-474
-1205,-315,-744
-314,-318,-1474
-69,-184,-1923
303,132,-1652
727,158,-1136
271,278,-798
-520,504,-1123
129,123,-963
687,-525,-317
1828,-923,-283
2686,-1200,-30
2765,-799,731
760,-68,1776
-705,18,2002
194,-127,2042
1114,-193,1937
885,-380,1768
-114,-744,1646
-911,-1196,1508
-864,-1269,1344
-682,-1287,1140
-2284,-1382,1084
-2447,-1196,1053
-1868,-1187,1131
-1045,-1003,1115
-1192,-815,1069
-1479,-875,1040
-564,-1244,874
662,-1786,1014
-213,-1769,1268
-494,-1617,1423
-197,-1459,1444
-370,-1346,1342
-64,-863,731
131,14,-20
-77,720,-623
-413,1324,-520
302,1765,-603
827,1031,-680
1305,201,-677
1097,-369,-470
1160,-287,-441
1245,0,-391
1369,159,-697
1371,286,-923
1094,298,-1325
1331,152,-1810
567,712,-1681
-157,1219,-1559
-598,1677,-895
-116,1409,-383
240,916,-25
-7,807,260
54,701,321
-236,603,-375
94,1304,-313
-51,770,4
-404,104,94
-114,-96,32
-32,-4,251
-893,47,588
-1532,68,814
-1265,479,786
-223,792,364
728,731,58
97,117,107
-587,-418,330
-905,-863,873
-583,-964,1017
-338,-856,732
-630,-322,386
718,-3,-258
2183,515,-281
1369,773,-190
404,419,-12
279,470,102
384,605,-42
498,740,-146
1190,864,-447
800,1218,-883
-912,305,-2515
-2825,-582,-2675
-2846,-1544,-1796
117,-3331,-2827
4976,-4155,-4789
4405,-1836,-5254
-494,860,-4754
-3416,2600,-3537
-2088,2317,-2665
-1011,2917,-1250
-1464,2637,-1461
-1199,2518,-1408
-863,1361,475
-1522,-234,2946
-1857,-543,1331
-894,-140,217
-972,-581,957
825,-267,650
-1452,-12,427
-69,-604,-175
1475,-998,-420
1434,-1576,-104
1812,-1872,116
2615,-1902,238
3072,-1218,283
2678,-736,478
1290,-1381,133
194,-1279,262
437,-624,696
1381,-672,862
3502,-72,1446
4936,568,2017
5177,1278,2477
3746,1744,2766
-610,1672,2825
-891,1181,2474
50,1038,1524
-1276,1375,791
-1471,1641,458
-920,1275,96
-842,783,257
-1093,558,683
-810,577,990
-855,576,1108
-1032,447,1345
-1220,510,1457
-1703,595,1400
-1917,697,1296
-1921,675,1243
-2012,785,1122
-2026,786,859
-1573,968,668
-1123,1076,481
-933,980,468
-1231,746,473
-1550,614,369
-1773,423,336
-1481,242,184
-963,36,-122
-484,-63,-265
-153,-289,-408
-57,-367,-382
-479,-445,-279
-715,-637,-408
-597,-813,-752
-284,-970,-1292
213,-1066,-1864
307,-1011,-2237
58,-1219,-2276
-210,-1676,-2223
-464,-1994,-1911
-665,-1937,-1473
-741,-1611,-896
-771,-1141,-286
-850,-692,192
-974,-528,341
-1252,-418,375
-883,-180,289
-483,-126,53
-221,-212,-110
72,-139,-307
369,-97,-468
485,160,-470
657,242,-466
853,290,-735
1341,215,-1203
1775,95,-1429
1891,2,-1403
1413,165,-1462
1497,-30,-1559
1944,-248,-1552
2140,-166,-1554
1989,-101,-1370
1386,-96,-1156
979,-74,-872
930,-55,-686
461,-66,-354
233,22,-192
255,158,26
-493,192,445
-1056,65,826
-953,55,1129
-608,203,1350
-584,343,1531
-417,416,1513
-442,-24,1326
-303,-439,1043
-89,-192,700
-75,-72,759
-17,82,584
-176,715,487
193,1098,151
426,1053,-156
454,847,-182
238,907,-332
458,680,-350
519,541,-554
433,583,-781
161,369,-840
249,-73,-773
639,-38,-723
557,99,-609
456,122,-570
566,104,-715
540,4,-697
641,-104,-732
800,-227,-632
720,-325,-403
493,-480,-280
311,-597,28
-124,-686,204
-436,-491,438
-469,-65,672
-381,214,862
-303,314,916
-301,488,830
-184,685,942
-530,907,1147
-737,450,1083
-502,172,1127
-402,-118,929
-274,-9,781
-258,209,688
-54,465,431
-136,109,146
-105,-198,-70
-94,-192,-380
-700,-32,-370
-1156,648,-137
-245,612,73
883,280,139
705,168,145
333,117,-19
301,116,-208
220,241,-278
86,322,-204
69,309,-195
37,510,-117
-264,738,-33
-742,885,73
-531,985,87
310,520,-8
571,220,-164
378,465,-376
-125,443,-689
-779,-802,-2428
-529,-1992,-4734
-41,83,-5404
3250,1307,-4148
10352,-1865,-3734
16213,-1519,-5290
-578,-634,-4456
-7111,440,-1067
1205,658,-547
202,789,385
-334,564,169
-716,301,-16
-628,4,-135
1174,-253,719
1998,79,1816
827,559,1961
71,1485,1704
-465,2498,1430
-683,3013,1708
-226,2901,1363
1216,1849,1301
2986,1287,1458
1782,1248,1235
-391,1068,547
-22,393,85
678,-166,-337
197,-362,-783
-474,-392,-1136
-1095,-608,-1311
-1518,-1003,-1461
-1125,-1355,-1516
-1397,-1694,-1798
-1383,-1701,-2086
-1282,-1561,-2257
-1907,-1339,-2436
-2021,-1016,-2246
-2427,-694,-2087
-2431,-271,-1433
-2029,22,-536
-1263,110,55
-1553,-239,85
-2072,317,834
976,19,320
856,-237,780
-143,197,1029
-835,477,1176
-1488,292,892
-1018,229,608
145,-70,475
676,-351,302
683,-140,546
-29,113,582
-505,133,618
-261,1,400
-472,-220,173
-425,-226,-122
-709,-213,-350
-1012,-262,-495
-1244,-307,-661
-1223,-142,-967
-517,-278,-961
-39,-455,-833
392,-249,-775
-555,-100,-639
-12,-42,-294
-39,-174,23
-96,310,371
309,-351,107
2336,-455,171
1535,-214,422
2737,-785,799
4946,-684,206
5191,65,-201
3153,599,-178
1908,689,-233
924,609,-439
271,686,-668
-460,626,-537
-410,492,-606
-35,498,-1023
-1410,675,-1159
-2247,698,-827
-1690,718,-426
-1203,680,444
-1619,13,1210
-2377,-1131,1533
-1981,-1332,2200
-828,-1483,2999
387,-1435,3708
579,-446,3981
-783,671,3510
-85,1324,2663
1552,1359,2166
2586,1600,1592
3813,1308,1071
2574,901,244
1770,796,-598
989,682,-1223
118,1206,-953
68,1383,-403
952,1119,-267
700,783,-223
-556,736,-38
-1543,706,-151
-2204,611,-67
-2063,430,-502
-566,267,-687
113,564,-335
-535,617,311
-754,600,743
-760,486,1010
-1125,439,1336
-1988,431,1600
-2435,204,1838
-1657,81,1870
-778,248,1556
-1064,573,1174
-1206,395,1390
-458,271,1550
62,157,1475
337,5,1147
68,144,987
-279,273,762
84,178,354
41,36,-80
-429,-425,-204
-373,-529,-453
-221,-556,-514
-214,-666,-592
-496,-452,-599
-592,-309,-270
-136,-218,-20
-254,-145,311
-241,40,364
-137,242,337
-85,363,217
-60,263,74
92,161,-90
149,-30,-154
222,-111,-191
388,-239,-216
467,-296,-380
271,-227,-364
150,-120,-311
80,-18,-244
153,76,-170
272,80,-46
315,-71,59
209,-279,87
23,-363,79
-31,-310,44
-168,-91,58
-272,45,70
-328,128,58
-257,116,135
-148,60,90
41,84,58
175,264,83
291,365,133
401,300,33
321,256,-119
231,324,-239
255,358,-337
421,233,-401
419,207,-386
376,210,-353
300,33,-383
488,155,-386
762,193,-433
544,223,-501
330,390,-558
648,412,-515
252,175,-381
220,-141,-280
297,-318,-208
434,-500,-233
598,-633,-333
956,-736,-503
864,-321,-491
590,-573,-442
936,-812,-569
1529,-675,-766
1800,-506,-825
1690,-374,-680
1319,-556,-478
1132,-650,-365
851,-616,-135
368,-608,79
17,-581,414
-558,-566,560
-858,-497,623
-749,-340,560
-898,-157,654
-1223,66,678
-989,286,790
-646,545,983
-837,652,1152
-1311,810,1363
-1522,1240,1292
-1830,1596,1022
-2157,2074,734
-2688,1999,825
-2703,1520,797
-2392,1098,576
-2212,668,392
-1996,162,137
-1465,-42,-3
-613,53,-154
-421,-294,58
-510,-139,283
-524,357,184
-481,867,-19
-577,818,-44
-98,618,-256
354,536,-267
222,656,-173
-71,796,-127
-76,713,-145
245,576,-275
87,344,-148
163,118,-79
399,92,-140
477,-593,-146
965,-1706,-260
1976,-2035,-364
1991,-2332,-677
1216,-2499,-1408
587,-2197,-1982
657,-1367,-2517
932,-344,-2866
918,217,-3069
1089,286,-2660
1953,162,-2024
3048,318,-1486
3638,581,-877
3493,917,-393
2526,1436,45
663,1578,495
441,1544,891
168,1119,1347
477,930,1317
-201,557,1418
-705,97,1338
-1587,13,934
-2003,-21,605
-1454,54,288
-1004,102,37
-1067,99,-148
-1133,-93,-236
-1067,-314,-158
-561,-452,-277
60,-486,-352
254,-596,-479
216,-594,-671
537,-464,-1049
1114,-145,-1312
844,-43,-1414
756,-198,-1453
897,-335,-1336
505,-338,-924
42,-229,-683
107,-228,-622
361,-236,-758
553,-377,-567
439,-407,-355
278,-309,-219
128,-250,-81
139,-329,108
-904,-75,461
-2019,239,403
-2002,769,389
-2492,726,425
-3046,694,681
-3307,953,660
-3282,958,332
-3068,914,-183
-2407,936,-934
-1360,915,-1608
351,976,-2126
1508,799,-1765
1462,741,-1328
306,643,-150
-1735,587,103
-965,468,97
1431,-205,413
3088,-700,672
2419,-455,1473
663,119,1892
385,42,1643
745,-31,1250
439,-274,509
-701,-310,-25
-314,-765,-305
-57,-1090,-48
-391,-721,105
-637,-355,255
-816,-338,300
-438,-421,130
39,-670,98
-148,-860,154
-312,-990,146
-54,-1358,-1
351,-1786,-77
885,-2159,-219
1360,-2204,-214
1640,-1980,-222
1589,-1578,-174
1331,-992,-59
1079,-289,-131
558,128,-107
476,253,-140
655,70,-205
814,-132,-242
598,-185,-241
207,-219,-411
119,-122,-497
407,397,-848
-216,-2,-373
-1098,141,-8
-1026,-166,245
-286,-437,252
76,-559,193
343,-589,34
555,-698,1
630,-737,-2
648,-921,16
799,-1205,220
547,-1278,297
322,-1233,417
45,-1080,532
214,-1139,513
253,-1270,580
285,-1221,542
134,-1004,374
-281,-896,508
-1003,-1078,603
-1280,-1289,568
-965,-1495,356
-360,-1588,207
-151,-1446,208
-261,-1336,392
-393,-1190,582
-597,-916,691
-187,-530,823
31,-105,832
8,65,586
-110,265,186
-113,420,-70
196,659,-220
15,787,-435
-443,838,-581
-592,810,-579
-849,800,-565
-1089,790,-768
-919,674,-1260
-508,808,-1290
-684,1140,-950
-1299,1534,-159
-1483,1705,437
-1065,1620,557
-369,1544,632
-23,1667,692
-71,1923,836
-376,2107,949
-610,2146,1065
-590,2093,1166
-523,2122,1213
-715,2029,1158
-937,1873,972
-991,1724,880
-968,1523,792
-620,1654,531
-335,1880,238
-1096,1250,39
-638,739,-296
379,701,-771
784,422,-371
1663,539,-235
1499,624,-195
1072,574,-556
921,577,-777
6,384,-697
-163,501,-441
-149,314,-252
-50,132,-241
-260,100,-297
-1318,47,-163
-1237,-336,-365
-390,-351,-510
-821,72,-416
-1119,156,-626
-953,299,-790
-1392,480,-364
-1747,870,106
-1520,1427,464
-1307,1894,690
-1487,2320,823
-1874,2440,1087
-1842,2559,1397
-1719,2724,1778
-1549,2671,2068
-1555,2645,2287
-1604,2560,2383
-1119,2639,2580
-557,2694,2501
-494,2637,2248
-532,2608,2026
-507,2535,1785
-769,2461,1539
-1345,2253,1418
-1630,1986,1357
-1568,1748,1292
-1118,1530,1122
-628,1466,900
-278,1383,620
-115,1283,359
71,1237,71
81,1264,0
-18,1155,-6
-179,955,4
-351,809,66
-434,609,120
-675,343,122
-724,459,30
-252,542,5
349,377,-38
337,112,52
34,-102,-60
-52,181,35
-604,415,258
-1087,461,363
-1106,358,626
-995,412,646
-1005,402,507
-1047,402,457
-855,404,526
-644,393,659
-691,566,869
-857,640,851
-983,794,734
-554,923,509
-34,979,242
322,743,205
563,507,90
797,189,-59
757,94,-374
362,481,-564
-582,882,-458
-2149,1099,-131
-3241,1259,81
-2376,1226,133
-766,1024,-27
-113,870,-86
-235,794,-152
-662,787,-61
-488,710,32
-235,688,97
-745,842,212
-1422,1166,366
-2105,1226,597
-2631,1354,733
-2796,1436,815
-2412,936,951
-861,550,1381
314,274,1336
539,-153,1163
1371,-357,704
2066,-274,443
1191,-266,307
149,-39,136
-52,68,191
229,69,125
525,826,299
-460,1007,334
-454,1050,453
-238,558,826
90,576,1133
103,903,1546
-543,1062,1777
-894,1425,2215
-849,1323,2353
-415,1096,1928
302,606,1529
832,415,1496
585,497,1360
452,753,1277
213,1254,1356
-456,1524,1326
-625,1311,1117
-760,1264,1235
-1076,1208,828
-1119,1141,498
-926,1251,144
-1478,1035,432
-1685,855,131
-1257,238,137
301,-458,18
2038,-753,58
1808,-606,-61
790,-357,-195
985,-205,-204
1068,23,-222
458,-34,-382
145,-27,24
19,-9,-23
430,-89,-53
748,-77,-147
768,13,-445
951,-252,-561
1132,-307,-386
797,115,436
-54,301,1098
-34,-200,1142
700,-478,1067
1190,-793,495
1141,-889,-206
1179,-936,-958
996,-1093,-1644
513,-1271,-2308
631,-1242,-2840
1197,-1198,-2897
1654,-1378,-2625
1415,-1685,-2233
1546,-1392,-1885
1845,-1090,-1239
1602,-1018,-765
722,-774,-616
108,-67,-353
-43,133,-108
403,219,373
1289,160,412
2119,69,132
2885,15,86
2401,28,354
1880,-181,532
1087,84,674
783,258,430
482,462,255
27,426,61
-102,635,139
-380,532,-68
-826,576,-133
-929,645,-99
-997,515,-4
-890,318,24
-671,114,57
-533,21,-120
-1245,-91,-229
-1150,-298,-116
-538,-288,-125
143,-796,10
480,-821,708
479,-530,970
446,71,1227
16,749,1506
-819,1035,1525
-1208,1124,1639
-945,1187,1933
-493,1367,1805
-541,1444,1511
-624,1158,918
-117,1025,679
273,446,199
155,-116,-60
-137,-654,-319
531,-655,-529
958,-656,-629
474,-336,-515
85,-131,-376
144,6,-176
150,4,-104
-45,-21,-120
-377,-261,-47
-219,-584,-20
66,-957,-245
-305,-1242,-374
-1110,-1362,-547
-1168,-1024,-259
-732,-796,68
-151,-582,178
461,-338,-66
241,-265,-199
619,-190,-355
1147,-58,-426
452,-197,-327
375,46,-319
330,288,-271
316,492,-155
-38,620,-219
-353,778,-158
-70,814,26
56,663,182
-235,561,228
-535,486,0
-647,533,-356
-327,353,-542
-229,300,-447
-289,-101,-264
195,-491,-117
232,-575,60
152,-734,39
245,-732,5
196,-484,7
-135,-351,-115
-292,-179,-152
-94,-53,-65
-132,158,-9
-287,309,89
-250,406,170
-391,534,145
-366,325,-54
102,343,-172
-191,47,-84
28,-20,160
-265,-251,-86
-183,-461,-393
464,-561,-163
37,191,400
-1242,884,736
-1883,1254,548
-1722,1914,471
-802,2238,230
74,1900,-304
1139,1567,-630
1596,1546,-780
902,1555,-1064
961,946,-892
1852,443,-580
350,-410,-422
436,-1143,-562
-159,-1816,-521
-241,-1883,-320
-554,-1369,-124
-700,-888,204
-569,-459,589
-389,-131,631
-2,-61,757
256,-179,793
688,-426,876
598,-563,974
-73,-985,661
-473,-1126,123
-730,-1015,-540
-1457,-1017,-1186
-2117,-516,-1992
-2753,-472,-2483
-1880,-390,-2715
-422,-414,-2241
227,-916,-1892
764,-935,-1262
514,-850,-647
-22,-538,-146
-844,-141,274
-1225,4,519
-1210,-129,624
-798,-369,571
-290,-480,716
33,-631,784
-21,-567,642
-494,-329,567
-906,-120,403
-1115,77,334
-991,115,302
-1293,377,-257
-2983,737,-554
-2019,723,-446
-829,646,-754
-1264,125,-352
-104,-125,25
438,-205,236
265,-350,391
581,-274,429
140,-150,341
-47,-217,472
203,-114,808
37,408,1036
-93,882,1067
-442,1215,1160
-810,1322,1175
39,1298,1379
923,1268,1505
1083,1303,1575
504,1487,1647
-60,1416,1590
-789,1083,2049
-952,582,2165
-815,92,2193
-944,-235,2085
-1657,-506,1837
-3237,-860,1614
-2853,-1124,1662
-1237,-1046,1505
-947,-511,958
-1279,83,194
-1297,645,-686
-737,1129,-1553
-317,1266,-2258
31,1394,-1471
-351,1423,-807
-1902,1691,36
-648,1556,193
-1138,1209,275
-719,1018,-108
-568,639,-503
76,-186,-1243
2327,-856,-1579
3601,-932,-1852
1856,-247,-1053
-708,390,-598
-354,347,-1002
615,99,-1528
159,171,-1321
-115,406,-1210
260,314,-1253
293,166,-936
-130,199,-773
-260,174,-726
-218,83,-596
-52,-85,-430
399,-256,-388
1144,-325,-186
2579,-356,-237
2881,-508,-108
1431,-124,-123
-49,-160,-487
1370,-744,-1132
2724,-895,-1296
1106,-513,-1123
-66,-457,-949
91,-220,-622
96,200,218
-2,165,673
-944,-299,-14
-763,268,-183
501,766,133
432,-19,-297
-63,-2,-22
-167,6,-48
321,103,-110
-211,186,-135
-390,175,-279
-150,145,-284
-81,167,-409
-162,196,-552
-166,180,-664
-52,187,-888
-79,121,-1013
-257,-21,-956
-149,10,-744
70,-86,-554
95,-344,-475
196,-378,-489
419,-298,-638
604,-206,-599
456,-206,-540
-151,-110,-195
-1297,190,421
-1997,354,851
-1761,204,1001
-885,161,1119
-424,242,1329
-694,346,1557
-989,455,1739
-984,298,1875
-823,157,1904
-598,21,1784
-403,-75,1568
-276,-62,1327
-267,39,1037
-472,310,723
-783,516,304
-910,760,-64
-933,986,-392
-972,1149,-733
-875,1236,-939
-563,1013,-853
-146,747,-802
-122,791,-866
-726,733,-360
-1463,470,298
-1870,283,807
-1781,76,1091
-1562,-218,1293
-1260,-425,1696
-981,-521,2099
-521,-518,2394
170,-502,2636
746,-427,2781
904,-216,2860
383,119,2878
-570,363,2754
-1448,641,2664
-1967,1100,2432
-2157,1658,1957
-2203,2079,1185
-2564,2421,563
-2798,2626,515
-3080,2147,1443
-2934,1365,2066
-1881,768,2340
-789,462,2307
-529,317,2088
-675,269,2118
-1146,155,2097
-1314,-3,1929
-1007,-306,1522
-781,-362,992
-727,-125,578
-374,218,95
110,873,-332
-30,1432,-421
-836,1965,-308
-1018,2376,-377
-1163,2347,-163
-1192,1616,492
362,1140,878
477,1018,1099
-479,1210,1037
-930,1394,585
-664,1481,383
-43,1315,249
-229,1054,434
-387,787,681
-364,428,924
-1145,-133,1244
-1511,-589,1737
-1411,-546,1743
-1190,-765,1406
487,-835,681
1853,-849,-35
1771,-484,-350
1143,-150,-730
1381,153,-926
586,712,-354
-701,978,-105
-163,813,-215
645,318,-56
794,466,228
392,752,84
465,812,-36
982,632,192
1219,757,652
1327,734,735
1305,550,1036
455,354,1163
-23,341,1255
154,416,1243
-198,656,1174
-633,901,989
-642,900,922
-901,639,793
-611,440,804
-448,205,866
-139,-69,764
-1200,-188,935
-1663,-146,919
-1388,-166,735
-913,-181,587
-461,-21,295
-116,-55,-147
440,-255,-654
1041,-487,-991
1023,-724,-1133
632,-848,-1419
429,-991,-1766
378,-1126,-2202
-122,-1352,-2755
-873,-1589,-3233
-1239,-1281,-3239
-1211,-633,-2755
-220,-533,-2725
312,-497,-2464
1249,-260,-2259
2066,-415,-1838
1324,-1046,-1578
878,-741,-965
934,-383,-593
780,-38,-392
386,-38,-517
-14,-159,-385
276,-362,-412
408,-335,-260
171,-272,-193
262,-66,-185
1081,16,-79
1570,-335,88
1837,-551,793
2237,-445,1159
2412,-181,1171
1683,-32,883
1041,-117,562
1066,-158,307
885,-141,27
1016,9,79
430,-219,-216
-82,-7,-274
-237,64,-319
-250,223,-410
-683,315,-512
-1366,123,-387
-1451,18,-170
-496,-295,28
500,-276,-21
599,-280,14
-94,-118,828
-1152,90,965
-1547,575,1537
-1785,493,1283
-1126,594,917
-189,511,511
648,411,115
1044,422,-299
457,514,-507
-776,596,-721
-736,896,-604
-332,792,-439
281,341,-240
1312,-72,204
748,-87,667
-216,-152,610
-14,-147,386
-197,-61,116
-982,131,-44
-363,123,-76
89,-208,-61
83,-365,322
-321,-415,666
-762,-627,785
-434,-445,849
-279,-279,892
-914,53,1124
-1934,414,1505
-2241,614,1774
-2170,680,1997
-2063,709,2284
-1312,565,2402
-680,551,2428
-750,732,2545
-956,966,2328
-591,1078,2289
-182,1294,2429
563,1516,2233
1523,1705,1962
1616,2202,1651
1782,2531,1345
1898,2556,1156
1457,2629,1066
1213,2585,1035
1016,2272,968
509,2038,827
30,1752,518
176,1418,81
422,1184,-228
508,959,-403
415,629,-450
449,410,-391
389,217,-265
563,41,-142
674,-143,-170
484,-226,-311
-40,-60,-266
-244,-39,-32
-494,-206,329
-718,-366,340
-851,-377,125
-841,-494,-50
-640,-589,-66
-179,-615,-55
101,-565,-62
12,-466,-146
-127,-471,-335
-46,-475,-539
192,-376,-688
275,-328,-735
258,-306,-786
114,-137,-825
39,-174,-923
233,-209,-1299
358,-102,-1126
294,-54,-586
-124,-494,55
-719,-1051,123
-632,-1425,-75
17,-1424,-417
657,-1192,-612
937,-924,-708
637,-701,-594
-71,-486,-543
-366,-245,-449
-183,-90,-406
-148,44,-417
-248,206,-423
-99,269,-377
59,356,-529
86,532,-708
57,841,-853
-318,1161,-515
-741,1230,-149
-968,1326,-141
-1038,1456,271
-1098,1543,459
-1286,1779,424
-1187,1972,283
-893,1792,266
-745,1373,171
-668,1053,72
-258,789,17
220,477,-76
522,278,-108
553,209,-128
343,217,-141
367,282,2
231,336,24
-29,307,-16
-112,162,-226
122,-52,-468
397,-194,-481
690,-424,-469
843,-481,-379
476,-332,-397
478,-409,-254
145,-428,-116
102,-432,-53
356,-310,-174
389,-251,-317
532,-148,-453
447,-112,-391
229,-226,-349
287,-433,-258
467,-522,-186
622,-554,-148
246,-398,-123
8,-151,-58
-70,24,-121
-239,128,-4
-278,114,65
-167,99,92
-187,122,94
-330,79,-42
-272,107,-85
-379,147,-134
-503,107,-135
-592,135,-129
-565,87,-141
-613,179,-197
-639,279,-246
-762,358,-302
-747,385,-324
-522,367,-320
-590,307,-240
109,164,-1
-416,272,259
-549,302,323
-118,226,186
33,113,5
83,4,-66
-337,-28,43
-520,-70,191
-736,-222,350
-788,-254,447
-448,-407,437
225,-442,401
963,-525,308
1672,-629,409
2059,-625,551
1902,-732,667
1447,-651,602
298,-506,644
-632,-606,563
-116,-640,466
630,-935,253
636,-1162,189
424,-1150,311
333,-872,124
6,-591,58
-279,-252,30
-566,5,9
-953,228,-125
-1172,331,-356
-945,606,-491
-739,813,-557
-668,925,-507
-633,846,-166
-280,636,-132
158,315,204
-311,141,284
-735,233,215
-556,383,277
-837,656,305
-1577,918,252
-1573,872,53
-1076,838,1
-648,845,-136
-468,711,-296
-265,547,-254
-201,278,-207
-23,77,-248
-407,64,-119
-734,-30,-56
-564,-228,-153
-376,-331,-257
-313,-299,-256
-7,-469,-337
-98,-444,-152
-229,-352,-8
400,-373,293
724,-570,546
660,-499,857
593,-267,1267
745,6,1607
902,304,1774
1040,433,1715
1170,462,1600
1047,149,1231
952,-354,577
955,-665,13
714,-831,-355
488,-802,-565
142,-519,-564
-41,-194,-452
-247,79,-418
-749,59,-522
-545,283,-680
160,251,-869
212,-6,-882
108,-13,-839
300,48,-637
-43,76,-398
-114,282,-372
102,193,-315
474,16,-233
489,-71,-234
97,-298,-192
214,-393,-151
768,-186,-54
284,183,-137
-872,99,119
178,-95,60
741,-246,140
663,32,325
-153,586,728
-919,812,796
-615,1161,684
-346,1581,398
-43,1722,-138
739,1523,-760
2237,957,-1417
3298,-7,-1870
3628,-1172,-1994
3999,-2249,-1940
4869,-2582,-1838
3234,-1967,-1272
-526,-897,-685
-1429,131,-176
-668,479,94
-59,255,171
489,-40,162
551,-147,203
-8,-149,174
7,-84,185
38,-12,287
-16,-209,285
302,-164,288
-263,-1,287
-642,182,375
-325,278,496
-191,351,596
-273,500,611
-234,532,539
-47,270,519
-2,329,711
-329,530,614
-464,693,762
-412,761,875
-443,872,1023
-308,796,997
-174,729,844
-203,723,724
-74,598,555
-124,397,199
-314,264,-16
-100,-102,-187
448,-593,-578
540,-835,-832
206,-951,-939
4,-1012,-1017
211,-1239,-1187
346,-1232,-984
342,-1111,-716
152,-866,-452
239,-697,-200
381,-367,-139
95,-69,-53
79,30,-85
24,127,10
-66,199,-21
-97,248,-126
-121,166,-308
78,95,-260
282,-5,-81
40,10,7
-90,-5,-59
-153,-106,-83
-234,-179,25
-215,-177,186
-303,-302,318
0,-465,219
456,-448,-87
375,-285,-195
640,-100,-45
1603,-515,-21
2497,-514,467
963,26,697
-167,301,255
-39,242,69
447,116,-174
297,-7,-412
583,180,-695
86,100,-1141
439,422,-646
1225,-87,-278
734,-255,-459
-321,174,-548
-383,-306,-370
405,-474,-409
-99,-221,-304
-873,234,-34
-1288,480,-9
-668,258,23
-94,186,47
-56,206,-14
23,155,114
-219,291,379
-708,497,362
-1694,765,311
-2418,816,421
-2052,779,641
-2105,645,1109
-2154,732,1554
-1840,824,1707
-1479,927,1702
-678,786,1538
-341,910,1471
-925,809,1589
-1324,387,1452
-882,19,948
427,-321,432
2511,-539,-114
3343,-302,297
1436,118,534
110,305,554
491,116,496
844,5,752
369,-41,734
-195,99,494
-452,-95,425
-261,86,296
-232,130,67
-1107,101,37
-1253,343,266
-242,293,100
87,-170,-371
312,-459,-742
2023,285,-665
-76,1022,614
-2323,1140,931
-751,362,852
159,-364,368
-909,-157,162
-2070,184,237
-1733,295,17
-625,179,-224
76,139,-479
202,127,-713
89,-198,-879
295,-688,-1065
829,-1335,-1203
1559,-1912,-1350
2019,-2432,-1229
1725,-2989,-969
1006,-3399,-770
216,-3664,-749
-214,-3719,-656
-23,-3644,-535
673,-3523,-277
1315,-3202,165
1429,-2667,523
1041,-2006,688
516,-1316,608
-23,-713,410
-343,-132,200
-609,541,98
-778,1096,-35
-1012,1464,-72
-1283,1420,-74
-1337,1251,-118
-1220,1224,-208
-1188,1235,-205
-1149,1298,-349
-1225,1594,-510
-1464,1855,-418
-1675,1928,204
-1871,1759,892
-1763,1434,1460
-1302,1118,1697
-1133,835,1518
-949,685,1345
-748,803,1424
-921,1018,1426
-1333,1335,1318
-1713,1436,1197
-1756,1498,1051
-1616,1610,711
-1473,1715,333
-1580,1685,2
-1597,1583,-231
-1490,1421,-319
-1400,1263,-338
-1226,1088,-293
-928,1055,-35
-734,978,186
-652,990,439
-687,852,591
-634,569,816
-54,143,739
641,-10,726
707,17,760
261,376,407
-1216,675,9
-2029,911,-10
-1529,863,-6
-1850,687,545
-3010,309,955
-1616,375,695
-915,388,321
-456,-485,152
324,-506,37
150,-375,36
-227,-226,155
-707,182,137
-899,123,-102
-193,43,-70
-178,77,-60
-524,267,-109
-410,318,-160
-411,358,-144
-183,436,-169
-252,465,-275
-11,448,-190
180,524,-209
-75,537,-206
-333,461,-272
429,211,-209
707,-17,8
196,-37,237
387,-169,221
382,-103,330
309,28,389
505,-289,246
1001,-409,142
1064,45,189
-118,430,149
-1030,491,151
-135,397,3
247,330,303
233,173,179
152,174,250
115,101,185
446,-249,440
973,-878,1136
1897,-980,1754
2487,-677,2419
3121,-433,2389
5609,383,1776
6306,1677,1158
2225,2416,744
-1048,2281,393
-931,1319,-233
57,-1543,-752
1158,-2121,139
-293,-1816,193
-812,-1466,-406
-290,-748,-1066
28,-307,-720
-108,-656,-620
93,-1046,-559
485,-1315,-413
388,-1404,-233
-719,-1221,-393
-1034,-899,-579
-947,-771,-930
-1514,-571,-1180
-1839,-275,-926
-690,160,-675
-400,177,-395
-753,177,-172
-888,350,-70
-1333,447,-170
-1479,344,-409
-923,244,-490
-737,11,-767
-476,-122,-1157
-818,127,-1084
-1205,415,-975
-1030,451,-720
-376,-25,-565
3,157,37
-1090,461,584
-749,75,297
59,-104,713
520,12,1298
401,402,1490
-876,792,1458
-2347,685,1174
-2502,953,927
-1614,1221,576
-933,1448,558
274,1648,103
430,1595,-615
-1814,1794,-897
-1480,1567,-1277
1456,1044,-1208
4585,-231,-1735
8276,-1445,-2039
11153,-1549,-1203
6360,-727,1809
3445,1405,568
1158,346,898
1896,-638,721
1148,-440,439
4,-80,376
82,-163,171
-320,-184,239
-144,-166,234
-313,-85,195
-400,31,263
-433,-29,313
-728,11,325
-767,65,363
-789,66,292
-941,92,310
-838,101,327
-825,112,429
-504,15,602
104,-196,762
254,-381,651
-314,-444,603
-311,-529,643
133,-690,734
340,-633,591
-177,-277,724
-133,-118,728
-230,-132,616
-688,-90,403
-1402,177,169
-2089,320,147
-2767,399,91
-2922,664,-95
-2804,907,-275
-2663,1076,-428
-2510,1312,-539
-2589,1448,-547
-2744,1625,-533
-3231,1886,-251
-3830,2159,4
-4168,2262,377
-4465,2112,895
-4371,1799,1387
-3917,1360,1452
-3004,902,1236
-1935,447,863
-1183,36,533
-980,-243,325
-961,-410,254
-1013,-514,356
-978,-513,446
-882,-524,596
-832,-401,613
-819,-303,606
-839,-166,595
-853,-36,507
-921,192,411
-1016,376,410
-1251,441,251
-1439,389,139
-1362,333,142
-1130,260,213
-678,172,408
-162,171,527
143,202,547
462,201,526
718,159,325
847,94,149
798,1,-24
579,37,-270
314,104,-538
225,131,-771
279,191,-1012
405,205,-1241
509,187,-1354
612,151,-1445
692,143,-1439
752,122,-1349
875,124,-1424
687,-48,-1209
165,-263,-519
101,-310,314
-70,-206,752
-256,-168,865
-409,-361,822
-205,-544,853
117,-556,1073
194,-383,1289
-13,-164,1364
-241,0,1434
-490,133,1364
-738,221,1237
-907,337,1114
-951,416,960
-836,454,836
-729,432,618
-692,424,292
-603,479,-142
-389,541,-616
-252,602,-1085
20,534,-1323
72,548,-1266
-261,272,-895
-350,-94,-490
265,-505,-255
1378,-709,-148
2040,-674,-89
1988,-677,-46
1585,-599,-44
1037,-470,-108
409,-198,-355
-119,97,-592
-338,348,-819
-384,549,-946
-382,618,-879
-433,588,-775
-439,453,-638
10,384,-563
91,304,-467
-595,91,167
-1201,272,740
-1314,489,1122
-1125,278,1561
-411,-105,2005
941,-795,2422
2958,-1150,2735
4494,-1092,3042
4298,-735,2993
2260,-268,2756
-194,138,2487
-2061,410,1988
-3022,706,1528
-3536,939,1209
-3254,1027,591
-2036,1197,134
-832,1224,-57
-61,1023,5
329,815,43
516,536,10
1137,73,-14
1995,-297,84
2214,-351,65
1633,-378,-24
945,-333,8
874,-293,16
880,-351,276
881,-340,480
887,-609,375
230,-315,385
-56,-119,30
-172,-63,-144
-459,-101,-331
-200,-56,-337
508,-339,-227
693,-728,-183
732,-600,37
961,-272,47
87,-63,-176
-66,62,-448
870,-28,-587
749,-86,-311
493,68,-47
655,205,294
819,320,590
693,388,822
512,410,878
301,413,865
163,360,699
96,223,491
183,62,253
175,-200,36
118,-588,-75
183,-1011,-120
265,-1399,-162
430,-1798,-134
601,-2156,-176
761,-2339,-91
806,-2323,-18
881,-2269,105
784,-2160,269
868,-2134,377
1016,-2084,492
889,-2036,662
747,-2095,819
681,-2210,749
659,-2412,503
658,-2450,434
656,-2480,384
614,-2512,385
633,-2484,348
654,-2506,318
769,-2429,266
765,-2350,244
737,-2277,189
773,-2179,44
724,-2051,-5
572,-1829,-138
449,-1662,-197
234,-1546,-331
120,-1452,-399
39,-1357,-521
-56,-1252,-536
-103,-1300,-679
169,-1055,-576
85,-465,-61
-18,-159,354
149,-501,557
374,-894,623
609,-1011,471
673,-811,420
552,-591,366
425,-420,426
243,-361,469
136,-312,486
32,-309,351
-88,-277,80
-58,-238,40
67,-75,144
155,-68,164
194,-248,225
335,-563,-219
461,-478,-463
148,-102,-117
51,94,11
45,128,2
3,199,30
-77,135,69
-120,55,191
-38,-91,213
61,-130,217
132,-240,210
227,-395,212
298,-538,255
215,-671,412
127,-905,446
168,-1197,259
291,-1250,33
481,-1043,-165
525,-870,-288
412,-783,-352
307,-749,-296
53,-755,-183
-25,-774,-112
103,-866,-138
190,-851,-189
155,-747,-335
112,-624,-364
36,-451,-384
-28,-356,-355
-37,-394,-284
-17,-463,-190
-106,-431,-162
-165,-344,-103
-146,-197,-91
-115,17,-27
-107,41,47
-81,101,133
-70,196,181
-25,349,217
-59,553,285
-88,638,334
-126,790,371
-196,839,428
-101,870,399
-135,938,444
-206,1048,419
-240,1127,356
-217,1218,307
-140,1293,308
-54,1305,336
-46,1279,336
-118,1288,445
-51,1323,438
35,1490,462
127,1706,415
-68,1908,316
7,1922,105
472,1777,-191
613,1776,-497
571,1831,-643
546,1756,-710
464,1727,-726
387,1858,-794
97,1936,-739
-10,1883,-675
-55,1732,-746
-150,1567,-668
-392,1522,-473
-858,1330,-190
-944,1160,136
-493,757,315
-403,483,407
-518,276,364
-387,141,395
-623,-29,432
-632,-355,360
-434,-606,251
-5,-638,358
181,-837,376
19,-845,290
-56,-1004,183
235,-1125,85
-89,-971,151
-660,-822,228
-452,-866,252
-415,-719,166
-623,-606,-8
-404,-394,-158
-517,-278,-98
-469,-261,35
-309,-245,104
-222,-233,194
-94,-201,321
-114,-263,437
-411,-209,456
-726,-108,379
-891,-45,305
-758,-17,275
-543,7,227
-521,34,308
-436,-19,222
-488,-218,-21
-244,-645,-326
-5,-540,-286
-33,-219,83
106,-180,66
336,-362,-163
189,-422,131
13,-386,191
11,-192,173
-30,-168,193
386,-320,248
657,-285,177
474,-300,25
380,-317,-19
554,-495,-213
762,-654,-395
1042,-828,-694
1293,-1064,-897
1372,-1392,-838
790,-1653,-762
-191,-1820,-736
-254,-1709,-677
-251,-1711,-579
-23,-1598,-588
119,-1292,-501
114,-1281,-477
339,-1366,-467
466,-1343,-470
484,-1357,-415
455,-1371,-361
446,-1376,-214
705,-1362,-198
448,-1392,-2
26,-1431,178
-3,-1551,319
-289,-1530,528
-400,-1332,407
-207,-772,466
-265,-221,602
-521,64,675
-446,434,712
-324,714,656
-206,879,475
-393,913,370
-565,764,242
-297,603,76
85,426,-89
452,158,-354
1022,183,-684
1116,349,-1022
166,526,-1234
-1137,880,-1275
-1744,1449,-894
-2526,1548,-415
-2897,1328,-43
-2584,1427,124
-1913,1448,-73
-2244,1568,-216
-3556,1669,-259
-5044,1744,-525
-4797,1804,-595
-2526,1315,-23
-789,1162,484
-965,1031,526
-480,794,625
-157,-153,1390
1198,-765,1388
2561,-915,1240
1855,-398,1837
1444,9,1026
306,311,298
-21,298,659
193,43,583
620,255,234
203,741,161
-738,759,23
53,1247,-151
331,1164,-282
505,811,-957
915,1028,-1299
2118,863,-1282
4609,180,-774
7096,-177,-973
7656,-423,-1181
6496,-816,-1728
5295,-1635,-1538
3490,-1640,-830
898,-2098,-251
-339,-2711,-895
128,-2989,-2269
158,-3344,-2420
-1674,-2836,-2609
-41,-1228,-883
-1217,-132,345
-729,-322,-570
1626,-265,217
273,366,725
-544,438,364
653,150,648
108,445,846
763,513,656
890,398,481
961,696,727
742,563,382
723,269,-39
319,198,-304
-11,260,-199
338,106,-13
873,161,350
673,466,1049
91,621,1365
-828,837,1277
-1520,1119,1409
-2072,1180,1681
-2168,926,1498
-1827,745,1392
-1478,668,1422
-1647,640,1482
-1686,449,1511
-1620,239,1469
-2000,24,1110
-1784,-65,923
-986,-197,780
-807,4,415
-916,108,313
-420,64,318
378,155,143
91,415,-68
-18,476,-186
-79,332,-196
-1041,247,-256
-1514,355,-184
-1503,434,-312
-1418,317,-565
-1077,558,-876
-2356,823,-572
-2575,698,136
765,11,121
1579,-220,-141
484,152,-668
-18,443,-1203
218,493,-1428
225,357,-1300
292,337,-1026
625,281,-894
1128,381,-839
627,275,-866
602,193,-901
709,45,-662
782,96,-526
1001,-95,-448
795,-5,-157
378,-33,-113
516,-197,66
758,-210,73
811,-234,21
1051,-347,-9
1256,-364,81
1077,-200,193
491,-131,172
-145,91,273
-319,106,210
-280,13,227
-388,20,89
123,-152,85
258,-128,172
316,-167,109
543,-296,81
791,-311,48
1089,-331,-48
472,-175,-97
-155,105,-84
-79,183,-141
322,-77,-294
1075,-383,-401
1671,-532,-275
1766,-762,-189
1614,-985,-98
1773,-789,41
1434,-266,287
881,100,388
691,456,379
64,785,585
-729,815,788
-184,52,218
803,-398,-180
851,-437,-325
836,-517,-368
723,-969,-414
364,-672,-298
-131,-258,-45
-660,88,-130
-574,93,264
-250,164,518
-393,251,508
-153,198,536
57,248,572
-241,265,562
-449,78,657
-63,-34,772
378,-59,545
-7,131,458
-417,391,135
-350,379,290
180,-157,303
772,-147,93
-334,407,-116
-470,335,-138
612,100,-94
-26,148,125
-114,197,110
968,226,100
557,225,494
93,381,446
410,248,120
926,34,51
546,-70,-4
191,94,150
119,296,364
89,224,376
-3,151,327
-55,93,75
-298,-111,-125
-145,-512,-176
179,-756,-81
-66,-593,-135
-81,-720,-393
43,-898,-676
-11,-1136,-891
77,-1399,-874
83,-1580,-901
76,-1869,-1020
670,-2223,-950
864,-1696,-660
-321,-1125,-617
-638,-627,-415
-376,-416,-349
-94,-481,-297
330,-420,88
579,-263,129
692,93,94
304,399,47
127,232,-261
815,96,-317
1097,269,-304
439,354,-532
-61,714,-674
-161,748,-508
1108,87,-226
1584,-320,-445
712,-168,-640
-138,-83,-645
91,-505,-534
775,-497,148
849,-98,848
42,347,458
-324,623,303
-368,535,246
-592,802,-44
-1743,1150,-110
-2832,1297,-267
-3390,1459,-150
-3608,1834,445
-3251,1597,890
-2570,1202,1155
-1669,653,1161
-627,314,1120
-126,177,1079
129,-257,921
317,-592,578
430,-1050,727
1639,-1312,433
1679,-889,414
778,-345,413
662,-15,320
883,-492,126
1094,-378,613
963,-616,546
1376,-452,254
648,-79,328
-139,320,586
-827,972,686
-659,916,224
-305,746,143
-847,986,104
-1145,1075,-25
-415,853,-750
-453,590,-651
-622,97,-317
149,290,-155
-321,985,453
-782,1159,771
-430,590,859
-633,112,787
-1342,438,126
-2486,675,-348
-3068,718,-270
-2226,602,-26
-351,332,27
686,194,158
416,195,231
-358,283,152
-672,526,38
-536,389,-127
-450,217,-54
-992,238,187
-1713,597,464
-2741,945,524
-4096,1406,476
-5290,1624,90
-5583,1582,103
-4069,1249,-43
-1574,815,-130
-297,433,-70
-276,300,161
-364,448,218
-321,534,385
-87,562,460
-287,523,485
-450,435,473
-253,396,290
102,297,56
-29,397,-171
-756,277,-315
-942,27,-324
-778,208,-549
-666,532,-635
-1133,655,-422
-1269,585,-298
-825,400,-297
-589,337,-413
-689,325,-545
-743,343,-650
-635,246,-603
-366,100,-549
-22,-42,-629
380,-245,-734
805,-262,-727
986,-289,-482
765,-194,-77
411,18,67
74,574,555
-801,832,1063
-1899,1009,1591
-2538,1101,1794
-2529,1181,1912
-2070,1373,2118
-1457,1432,2051
-960,1129,1870
-1006,864,1805
-1014,894,1459
-886,1049,1248
-828,914,1052
-826,746,787
-635,737,536
-458,704,237
-482,724,-114
-464,802,-546
-320,662,-972
-258,329,-1307
-353,132,-1496
-237,49,-1299
220,-140,-944
519,-296,-605
518,-329,-399
440,-198,-361
100,-155,-127
-284,-94,100
-345,-119,393
-176,-75,626
-88,-23,721
-223,126,862
-418,167,852
-629,211,822
-603,265,684
-633,254,450
-547,254,377
-344,193,226
-211,217,140
-31,137,-49
193,74,-179
346,43,-226
348,-19,-354
294,-88,-492
228,-131,-552
287,-134,-653
359,-125,-496
348,-169,-441
196,-124,-408
95,-7,-261
-126,122,-117
-361,195,20
-487,272,121
-609,327,239
-785,305,417
-1023,302,697
-1052,274,885
-859,282,886
-598,272,697
-381,316,399
-490,379,162
-799,499,-19
-1061,530,-431
-1062,492,-883
-777,406,-1047
-460,459,-932
-460,475,-420
-804,471,254
-1059,416,773
-1006,411,993
-988,339,1069
-1093,326,1032
-1143,234,952
-1195,321,878
-1269,304,745
-1343,318,650
-1313,307,458
-1274,269,250
-1142,177,-7
-842,85,-259
-656,78,-279
-844,173,-215
-972,129,-123
-807,80,116
-503,34,487
-332,29,831
-391,69,1188
-462,-50,1427
-539,-214,1361
-529,-616,1079
-184,-771,750
112,-646,436
317,-439,47
329,-363,-432
321,-284,-904
331,-123,-1358
308,50,-1745
124,180,-1979
-230,304,-2034
-682,356,-1896
-875,379,-1649
-746,343,-1226
-607,349,-712
-419,312,-260
-312,304,173
-795,272,620
-1377,135,1415
-1508,-11,2153
-1393,27,2529
-1322,43,2581
-1461,-153,2712
-1289,-271,2920
-899,-316,2980
-527,-244,3032
-403,-187,3053
-587,-160,3006
-841,-171,2741
-1052,-47,2418
-1185,-13,2027
-1108,45,1475
-893,191,707
-466,527,-126
-160,881,-1100
-117,1158,-1856
-92,1291,-2185
-212,1326,-2228
-225,1078,-2050
164,578,-1968
1226,154,-1855
2474,-134,-1887
3134,-291,-1913
3215,-450,-1870
2875,-461,-1842
2177,-349,-1831
1324,-154,-1853
529,173,-1729
-102,477,-1459
-434,575,-1150
-527,528,-697
-305,331,-241
426,192,332
736,118,538
212,-42,782
-490,-193,1334
-526,-301,1832
-835,-251,1897
-1199,-284,1691
-1193,-518,1643
-773,-646,1673
-83,-689,1778
236,-539,1782
219,-397,1755
-28,-275,1537
-373,-189,1179
-647,-190,865
-708,-151,412
-590,15,-193
-250,221,-976
261,481,-1569
338,671,-2487
267,736,-2773
110,587,-2383
-130,226,-1787
99,-111,-978
1070,-387,-416
1693,-353,-214
1936,-384,-95
1885,-487,67
1612,-504,7
1165,-429,-199
602,-287,-366
57,61,-445
-686,357,-357
-1439,435,-39
-1590,438,280
-1688,151,555
-983,-154,985
110,-340,1049
297,-534,1236
-510,-603,1817
-1519,-511,2213
-2208,-640,2417
-2377,-787,2753
-1997,-1004,2996
-1519,-1259,3327
-1162,-1502,3552
-1187,-1656,3627
-1326,-1865,3565
-1253,-2080,3408
-759,-2395,3076
-75,-2350,2783
355,-2030,2439
255,-1432,2075
-161,-613,1322
-796,206,933
-1205,633,474
-1469,726,316
-1374,1187,647
483,1090,-132
-906,272,783
252,250,1427
1639,245,1166
1253,409,1384
694,702,1773
1137,685,2080
1157,791,2314
254,743,2422
848,443,2355
1335,419,2139
1055,618,1983
1024,621,1945
914,418,1676
821,-229,1176
918,-721,793
532,-806,387
-408,-538,-80
-625,-101,-278
-734,68,-294
-877,325,-220
-795,713,-21
-409,1312,-27
-1669,1960,-327
-2681,1280,-453
-1158,289,-786
152,-502,-472
465,-545,0
484,-426,-245
-110,-142,-547
-447,64,-652
-253,127,-714
18,-73,-809
-219,-234,-935
-578,-374,-1013
-833,-563,-1247
-739,-201,-1128
-734,160,-770
-415,426,-763
-85,542,-871
325,660,-998
982,891,-1250
420,622,-818
-271,410,-889
-25,484,-923
-82,526,-806
-226,435,-797
-132,467,-830
-212,580,-811
-647,504,-615
-581,479,-537
-377,439,-485
-345,396,-514
-379,356,-426
-348,282,-319
-280,177,-209
-218,46,-115
-108,-23,-16
-302,59,137
-490,124,277
-588,272,190
-856,292,673
-843,435,49
-882,141,328
-349,200,-236
-183,74,-52
357,-70,38
529,-392,-19
614,-351,185
774,-36,57
1204,65,-10
2123,43,-139
2575,-239,12
3360,-30,-397
3660,-548,-469
3990,-195,496
2822,-218,462
2499,34,725
2607,114,643
2074,109,901
1484,-1003,1088
316,-564,941
-283,211,639
-1190,572,153
-451,381,112
42,229,113
-400,-9,-392
-546,241,-586
-669,382,-467
-618,552,-603
-486,641,-679
-57,678,-596
23,627,-428
-22,942,-651
-89,1138,-887
-656,1871,-1177
174,2641,-1601
535,3194,-2300
-1236,3764,-3191
-4883,4896,-2641
-8856,5425,11
-10527,5329,2740
-9480,4393,4432
-7494,2795,4634
-4399,1526,4600
-1408,873,3948
456,404,3341
1276,126,3017
1254,146,2697
718,420,1912
-162,686,790
-1128,900,-133
-1736,1092,-1025
-2164,1239,-1548
-2515,1081,-1870
-2655,905,-1790
-2230,635,-1376
-702,-23,-597
1167,-698,2
2136,-928,323
2202,-862,433
1851,-653,556
1089,-412,422
186,-171,292
-617,84,122
-951,292,57
-938,451,92
-672,556,70
-418,652,66
-218,637,-44
-253,641,-94
-179,481,26
425,105,381
1054,-154,721
716,-136,717
662,-103,805
-115,-34,856
-732,132,819
-992,302,777
-1030,331,503
-811,270,228
-504,211,-2
-284,268,-140
-192,434,-253
-349,550,-386
-654,627,-512
-922,564,-680
-1127,360,-770
-1236,11,-903
-676,-230,-1064
389,-180,-778
1124,119,-555
956,232,-456
587,51,-481
241,-168,-750
366,-435,-919
1396,-728,-926
2076,-924,-801
2052,-874,-630
1748,-732,-524
1473,-572,-478
1310,-468,-509
1373,-394,-472
1476,-294,-421
1476,-216,-410
1611,-218,-362
1907,-298,-393
2269,-367,-391
2147,-399,-267
1042,-849,241
394,-902,728
206,-946,869
384,-1127,641
777,-1340,602
1123,-1353,656
1151,-1321,852
1050,-1163,951
779,-994,859
402,-845,623
29,-710,321
-143,-674,154
-40,-694,-170
127,-737,-625
198,-724,-1082
304,-582,-1678
409,-279,-2299
388,-15,-2932
211,247,-3621
268,395,-3922
312,475,-3893
322,289,-3387
541,-25,-2064
941,-28,-862
1153,40,-189
1044,-93,197
1321,-293,465
1822,-413,697
1763,-316,798
1017,-71,734
110,168,583
-499,424,416
-764,605,262
-766,625,75
-528,516,-5
50,232,-141
940,233,-245
1287,437,-636
679,521,-907
-299,433,-444
-1090,279,376
-1519,120,976
-1847,-32,1408
-1552,-414,1689
-952,-810,1994
-307,-1037,2187
343,-1170,2233
608,-1236,2176
487,-1192,2052
198,-1086,1983
73,-1008,1786
108,-872,1484
173,-653,1095
93,-297,753
-254,62,463
-454,346,59
-419,624,-434
-657,1043,-1242
-735,1490,-1526
-650,1637,-1213
-1117,1449,-739
-1742,817,-507
-1437,14,-589
91,-423,-716
1742,-554,-756
2586,-562,-732
2641,-556,-706
2167,-556,-698
1339,-357,-729
175,4,-772
-865,259,-682
-1485,401,-487
-1778,429,-167
-1816,511,154
-1775,701,431
-1939,610,604
-2145,215,632
-1781,-332,664
-1610,-1157,960
-1753,-2098,1054
-960,-2999,1204
574,-3732,1761
1590,-3923,2166
1981,-3836,2157
2341,-3259,2292
2210,-2273,2262
1505,-1289,1905
1056,-691,1564
978,-57,1336
1592,513,728
1806,474,-334
-261,386,-829
-3852,436,-773
-4045,549,-247
-4248,-547,-415
-7603,693,1684
-6227,962,1859
-3755,648,2081
-916,1029,1320
3644,-645,-1255
3869,-1336,-1011
425,-626,-1471
-1350,-822,-2133
854,-942,-1522
2502,-570,-463
1183,27,-123
-1048,522,-64
-721,86,-53
373,-432,29
372,-477,134
-208,-362,362
-396,-378,393
-26,-489,386
176,-679,226
284,-758,153
245,-728,14
176,-592,-250
299,-457,-297
339,-429,-439
446,-160,-604
432,127,-1010
302,288,-1257
324,234,-1432
446,169,-1422
503,-107,-1531
662,-431,-1612
663,-790,-1665
688,-1390,-1600
971,-1637,-1924
965,-1439,-2098
816,-1680,-2000
1201,-1565,-2201
741,-965,-1664
-480,-1028,-1514
-409,-899,-1389
-226,-736,-1096
-174,-714,-921
-16,-718,-956
227,-1000,-965
154,-1056,-864
-3,-1132,-789
22,-800,-769
-53,-494,-674
-298,-356,-594
-369,-272,-520
-187,-270,-393
36,-347,-292
291,-238,-213
203,-58,-176
148,-38,-162
103,-28,-147
-69,94,-50
-135,151,-46
-91,299,-59
-63,415,-39
146,194,-83
177,-30,-21
-64,-10,-8
123,-79,104
1532,-601,98
4763,-1800,-185
7461,-2272,-780
4984,-1837,-1683
775,-1472,-2634
-927,-985,-3981
-2600,186,-5723
-5522,1983,-6492
-9271,3992,-5802
-13016,5179,-3029
-14345,5599,1440
-12817,4719,4853
-10126,3126,6259
-7562,1396,6037
-5503,312,5020
-3211,-278,3784
-1549,-902,2628
-87,-1380,1560
1247,-1605,520
1846,-1700,-97
1427,-1620,-49
659,-895,191
-169,-234,450
-585,254,435
-537,649,394
-557,1042,199
-1069,1655,-21
-1778,2302,-192
-2554,2890,-224
-3389,3178,-126
-4274,3109,178
-4594,2692,546
-4167,2318,865
-3128,1904,1090
-2261,1524,1103
-1924,1232,950
-1716,986,791
-1595,1031,1006
-1852,1146,1050
-2378,1120,890
-2800,767,1118
-2541,517,1366
-2109,471,1478
-1743,319,1338
-1484,176,1043
-1342,218,801
-1150,197,483
-838,234,114
-704,384,-230
-781,566,-504
-996,748,-631
-1176,803,-656
-1191,786,-621
-1022,726,-575
-813,648,-377
-649,702,-302
-459,691,-296
-294,694,-455
-390,549,-596
-623,214,-189
-538,-181,351
-374,-208,746
-549,-102,927
-906,-152,1011
-1060,-223,1273
-810,-218,1593
-510,-139,1754
-400,-127,1697
-440,-86,1490
-611,-37,1238
-702,-1,937
-705,13,568
-505,26,282
-156,20,-186
242,221,-706
373,418,-1282
159,592,-1639
-160,436,-1321
-306,196,-545
-210,35,-123
356,-145,159
1221,-374,259
1678,-429,261
1650,-441,186
1253,-336,40
820,-185,-249
478,38,-576
197,258,-809
174,475,-951
153,665,-927
87,566,-768
112,294,-467
584,40,-105
1393,-18,-258
1112,-72,-376
431,-137,2
-438,-85,244
-1196,-53,342
-1285,-99,438
-965,-222,512
-393,-323,727
132,-361,864
333,-412,960
259,-429,843
76,-404,554
-71,-333,236
-56,-353,-20
111,-295,-352
327,-162,-653
428,-14,-860
269,249,-1174
-10,331,-1262
-289,226,-883
-275,-134,-28
149,-313,512
634,-353,622
1259,-407,526
1590,-493,391
1599,-570,275
1310,-549,133
882,-239,-164
500,-4,-477
184,180,-781
-28,371,-971
-40,512,-1056
38,618,-999
125,666,-1018
281,570,-1073
732,455,-1040
610,206,-890
79,-85,-131
-258,-231,608
-520,-134,977
-915,-288,1032
-1088,-512,986
-682,-651,1150
129,-667,1154
727,-645,1057
747,-613,970
444,-483,822
-28,-339,617
-408,-266,291
-403,-308,77
-6,-266,-209
564,-79,-517
895,172,-792
718,529,-1299
38,741,-1404
-789,500,-590
-1133,174,390
-865,-177,813
217,-633,904
1685,-984,904
2646,-1233,888
2907,-1375,928
2746,-1335,916
2319,-1104,887
1591,-828,836
972,-673,761
741,-469,741
721,-341,759
469,-203,675
314,-193,449
568,-203,-149
368,-347,-103
-6,-374,302
-520,-357,-27
-703,-454,-226
-589,-647,-62
-109,-947,-52
691,-1206,-160
1441,-1347,-324
1563,-1463,-392
1225,-1528,-448
893,-1518,-610
779,-1385,-826
835,-1171,-1089
884,-1002,-1443
796,-813,-1749
622,-527,-2105
440,-83,-2611
183,341,-3381
-130,663,-3569
-307,597,-2773
-176,331,-1773
356,-5,-1146
1394,-208,-844
2362,-298,-663
2836,-488,-590
2905,-599,-524
2639,-504,-474
2100,-284,-752
1342,-35,-986
625,293,-1123
164,573,-1061
-126,718,-895
-345,615,-617
-118,400,-271
613,163,72
621,52,256
-105,-110,652
-664,-283,1487
-673,-316,2361
-964,-261,2446
-1789,-519,2275
-1087,-844,2242
157,-1084,2316
461,-1091,2274
289,-1056,2170
108,-956,1959
-198,-797,1639
-440,-731,1148
-399,-618,565
-120,-493,-48
136,-190,-813
234,111,-1577
313,308,-2076
595,524,-2777
838,734,-3423
606,758,-3479
21,573,-3071
-302,160,-2259
417,-227,-1213
1655,-381,-568
2017,-386,-284
2114,-456,-29
2202,-493,154
2176,-494,93
1974,-356,-241
1442,-141,-670
935,175,-968
701,545,-1162
336,843,-1231
-226,865,-1018
-330,617,-679
426,365,-339
672,333,-464
85,42,-291
-586,-316,319
-952,-383,907
-1112,-300,1186
-1358,-370,1251
-1365,-666,1330
-1087,-854,1479
-454,-932,1677
32,-891,1854
258,-803,1782
144,-703,1613
-22,-597,1214
-139,-445,860
-258,-196,500
-491,37,244
-526,178,-163
-144,368,-681
218,607,-1215
327,959,-1960
232,1179,-1999
-544,1132,-1446
-1418,721,-686
-1337,51,-292
109,-432,77
1500,-505,142
2103,-556,240
1939,-581,339
1182,-498,423
264,-319,469
-349,-237,585
-935,-257,765
-1066,-260,907
-937,-360,1040
-472,-345,1364
-213,-480,2066
-157,-740,2387
-156,-844,2656
-612,-579,2939
-1320,-260,2733
-1850,-170,2728
-2349,-195,2430
-1955,-375,1777
-1248,-483,1386
-1328,-217,909
-1352,-64,423
-934,-115,418
-462,-228,304
45,-367,185
646,-214,195
734,-57,107
391,269,-123
-357,652,-253
-1069,1063,-652
-1105,1435,-1115
-883,1197,-1269
-2100,1010,-581
-885,747,-350
630,88,-343
1091,-262,-302
1162,-527,-396
2542,-1260,-303
4557,-2467,-243
6839,-2936,763
8388,-766,2788
3068,1173,3603
-1430,2904,3069
-2356,4242,1952
-1778,5182,1639
-289,5990,1351
608,6711,994
699,7394,891
113,7554,857
-514,7424,1212
-782,7316,1768
-906,6778,1946
-596,5908,1827
-759,4878,1800
-1502,3697,1745
-2165,2589,1647
-2480,1197,930
-1407,562,366
-703,819,-108
-57,951,-766
156,982,-1045
382,958,-1060
730,825,-834
1370,614,-703
1945,461,-505
1850,334,-432
1201,204,-327
563,-18,-192
312,-192,-118
-219,-21,-53
-441,455,-195
-1115,927,-113
-1927,905,124
-2081,783,455
-893,930,742
-365,767,597
489,243,264
2502,-180,19
5094,-322,83
5842,240,-81
2639,906,-222
-191,1011,-370
602,575,-531
1308,63,-518
1375,-576,-527
1033,-764,-296
769,-757,-199
739,-698,-177
313,-772,-103
399,-953,-23
26,-1028,98
-857,-608,341
-1637,-361,795
-1694,-621,1186
-1974,-919,1332
-1757,-1085,1094
-586,-996,599
586,-596,185
1285,-271,-238
1709,35,-621
1531,229,-782
827,460,-729
-7,664,-719
-365,765,-796
-457,923,-805
-864,1124,-615
-1320,1210,-393
-1461,1272,-451
-1960,1443,-350
-2514,1543,-143
-2745,1546,-243
-2712,1547,-163
-2748,1495,-72
-2598,1557,127
-2330,1596,374
-1906,1337,607
-1744,1248,830
-1928,1097,1047
-2032,872,1123
-2144,638,1086
-2142,635,972
-1927,771,795
-1655,754,471
-1540,643,12
-1582,694,-766
-1522,1142,-1675
-1734,1744,-1908
-2024,2778,-1718
-1879,2943,-1196
-2905,2357,-384
-2318,945,-255
722,180,-403
-2,321,-401
-430,175,32
2,-66,33
103,-202,6
132,-308,24
32,-456,182
-141,-529,193
-222,-555,131
-231,-713,96
355,-836,232
1302,-633,420
1163,-131,676
-321,824,1057
-1509,1128,1564
-1622,1535,1983
-614,2405,2050
-659,2841,1925
-1209,2961,1900
-612,2926,1940
-496,2999,1854
-1441,2789,1268
-1657,2264,691
-771,868,200
129,-732,-152
-103,-790,-23
-339,-509,-22
314,-1117,-84
673,-1558,292
800,-1524,850
298,-1118,1087
-109,-687,1094
-140,-307,1021
-130,174,819
-283,841,734
-542,1335,694
-148,1275,505
409,1154,479
346,1064,408
-420,800,86
-469,249,-227
205,-126,-177
-76,-199,-79
-488,-63,-39
93,-174,62
996,-693,45
1702,-1108,81
2071,-1359,46
1750,-1204,90
1244,-1132,76
1324,-1303,68
1786,-1706,64
1955,-2473,-112
2010,-2418,77
1346,-1722,253
-76,-1211,168
-953,-741,19
-1446,-385,-84
-2162,273,-83
-2363,600,-288
-3119,924,-322
-3381,1254,26
-2357,1381,401
-2778,1431,439
-3037,1433,465
-2794,1403,765
-1868,1214,1188
-1959,1310,1042
-2553,1250,799
-2032,647,385
-615,30,-249
1150,-365,-551
1576,-1056,-997
1553,-1788,-1321
2658,-2199,-1309
3784,-2255,-801
2433,-1730,-144
-389,-966,-135
-1476,-321,-347
-1258,-537,-569
-399,-1234,-709
250,-1325,-834
-111,-1171,-558
-52,-630,-424
-735,-111,-306
-941,344,-93
-565,632,728
296,807,1818
101,1347,2261
-975,1867,2238
-1882,1819,1931
-2054,1910,1726
-1549,1773,1766
-466,1557,1354
-64,1232,696
499,587,200
1998,-34,-657
2946,-494,-963
2688,-1089,-857
2331,-759,-302
1281,397,301
-267,1204,554
-861,1248,200
90,1080,-120
450,911,-289
365,856,-401
419,898,-547
469,907,-744
951,1065,-974
601,1202,-1122
-49,1555,-1123
-477,1697,-1320
-487,1450,-1434
-26,555,-1735
627,-454,-1789
143,-746,-1684
887,-1046,-1607
875,-1282,-1540
409,-1411,-1553
238,-1339,-1441
539,-1202,-1181
365,-1371,-807
-367,-1572,-721
-248,-1544,-866
1039,-1446,-936
1741,-1323,-927
1460,-1052,-643
1590,-717,-417
1916,-509,125
989,-185,445
523,31,652
1058,46,637
1435,304,588
948,865,793
-87,1230,880
-433,1421,1166
-136,1479,1440
-271,1839,1579
-1258,2043,1246
-2124,2118,1186
-1983,1738,950
-920,1073,778
-355,858,776
-852,1062,937
-789,1066,1536
502,710,2312
2272,353,2769
5107,1190,2500
7674,2075,741
3635,2303,154
-6,2619,11
21,3334,393
-342,3602,713
-638,3536,825
-1062,3439,900
-1612,3185,741
-2265,2805,613
-1976,2415,196
-1464,1961,-122
-1226,1442,-434
-430,708,-805
148,282,-942
-345,6,-997
-289,20,-820
326,501,-705
-464,790,-467
-412,540,-301
-450,296,-20
-336,128,211
2,-30,272
65,-46,50
-251,103,79
-735,158,266
-1526,-292,659
-2055,-45,618
-2318,59,406
-2082,-17,251
-1330,-82,216
-964,45,226
-1107,359,18
-1288,446,6
-1361,636,-16
-1291,713,-269
-572,585,-803
476,526,-1006
726,387,-1157
351,242,-1131
1097,-367,-983
1117,-929,-674
818,-1076,-604
750,-1119,-675
676,-711,-849
784,-238,-856
627,-19,-318
-480,-521,41
-353,-1349,237
610,-1983,355
1416,-2065,243
1863,-1460,233
1514,-823,184
822,-466,81
1440,-466,-54
1854,-507,-129
991,-512,-70
149,-256,177
-448,72,212
-776,467,185
-371,542,103
568,-184,170
954,-552,162
943,-334,111
428,162,175
298,613,208
-957,1168,208
-1528,1653,37
-2150,1636,91
-2997,1599,278
-3891,1688,484
-3972,1436,778
-3376,1230,860
-2637,929,955
-1900,621,846
-1374,421,880
-1080,257,965
-1073,124,1013
-1279,36,973
-1182,-146,852
-920,-231,620
-716,-233,140
-789,-57,-329
-859,247,-466
-739,429,19
-693,655,391
-1003,862,472
-758,991,397
-305,1206,124
-585,1337,-363
-473,1394,-683
69,1318,-851
283,1114,-796
444,607,-711
2057,774,-1227
294,142,177
-1067,-19,995
55,177,403
44,157,138
73,-130,313
620,-535,360
1227,-778,-165
1148,-955,-465
-311,-936,632
-1816,-696,908
-2270,-717,985
-996,-533,492
443,-376,-99
1348,-116,-709
1310,88,-1384
805,125,-2060
876,6,-2816
1421,-57,-3424
975,-172,-4016
1589,-269,-4434
3119,-475,-4750
4296,-693,-4829
5154,-1132,-5065
5456,-1456,-5083
4739,-1393,-4702
4014,-1220,-4083
2921,-678,-3104
1876,-175,-1681
1445,168,-1122
1524,92,-964
2660,-57,-688
3184,-269,-514
2682,-330,-495
1672,-257,-507
1167,-80,-448
1073,-44,-321
1088,-64,65
1053,-81,361
902,-121,597
716,-208,799
546,-294,918
280,-340,1017
103,-336,1105
349,-503,1181
561,-580,1177
643,-675,1065
499,-628,907
396,-504,721
330,-379,279
268,-201,-160
318,-80,-842
565,45,-1584
591,99,-1710
-137,-3,-1269
-615,-383,-636
-252,-886,-298
824,-1269,-260
1786,-1306,-272
2412,-1258,-363
2395,-1083,-471
1912,-846,-486
1144,-509,-417
348,-182,-469
-42,24,-486
-20,315,-513
7,588,-510
-59,774,-303
