-895,12,-348
-900,11,-344
-902,16,-340
-905,26,-338
-908,35,-335
-911,45,-332
-915,52,-328
-917,60,-326
-918,65,-326
-923,72,-325
-925,77,-323
-925,83,-324
-926,86,-323
-927,90,-327
-926,96,-330
-927,94,-334
-926,92,-334
-926,95,-329
-921,103,-325
-910,126,-326
-891,157,-333
-862,195,-347
-821,230,-368
-766,271,-393
-716,303,-414
-671,326,-432
-625,334,-459
-584,327,-489
-554,300,-527
-534,260,-558
-522,238,-576
-521,218,-581
-526,194,-584
-545,178,-580
-552,167,-578
-559,153,-577
-569,142,-575
-578,125,-577
-591,110,-572
-598,91,-574
-602,80,-573
-602,74,-574
-603,72,-574
-600,74,-573
-603,74,-570
-605,73,-570
-602,72,-570
-599,80,-569
-594,88,-569
-588,89,-573
-577,89,-578
-569,91,-582
-563,90,-585
-563,85,-584
-569,85,-582
-574,82,-578
-579,85,-575
-577,84,-575
-571,82,-578
-562,79,-586
-557,77,-590
-551,78,-592
-555,78,-591
-560,80,-585
-574,82,-577
-587,88,-563
-605,96,-544
-619,114,-525
-629,126,-510
-635,136,-499
-636,152,-489
-634,168,-477
-630,185,-465
-627,204,-453
-623,220,-440
-625,232,-433
-622,242,-427
-623,250,-421
-630,250,-417
-638,247,-413
-642,243,-407
-652,237,-404
-663,227,-398
-678,216,-391
-693,202,-384
-708,185,-372
-728,155,-363
-744,126,-361
-747,113,-370
-730,124,-388
-707,147,-412
-671,180,-433
-632,227,-444
-583,275,-452
-548,319,-444
-528,349,-434
-505,360,-437
-492,362,-444
-487,362,-453
-483,362,-459
-480,359,-460
-483,353,-464
-480,346,-474
-479,337,-480
-474,330,-490
-471,324,-497
-466,324,-500
-465,324,-501
-469,323,-498
-470,319,-502
-468,319,-502
-467,325,-500
-471,329,-494
-479,335,-482
-491,334,-467
-505,333,-454
-523,326,-439
-538,326,-425
-555,326,-410
-570,328,-389
-584,336,-366
-601,346,-332
-620,352,-300
-644,352,-265
-662,348,-240
-680,336,-222
-700,319,-203
-723,297,-191
-749,270,-177
-774,241,-164
-793,214,-149
-816,177,-138
-836,134,-131
-857,86,-126
-870,47,-122
-881,14,-116
-887,-11,-112
-896,-24,-107
-896,-36,-105
-898,-39,-102
-902,-42,-105
-904,-39,-115
-902,-33,-128
-897,-27,-143
-897,-24,-159
-896,-22,-179
-892,-16,-201
-883,-6,-227
-876,-5,-251
-869,-9,-272
-867,-13,-283
-862,-13,-292
-860,-11,-296
-856,-1,-300
-851,8,-305
-846,21,-309
-842,32,-314
-834,36,-319
-832,41,-325
-834,40,-329
-830,35,-329
-831,31,-333
-831,29,-336
-832,27,-338
-832,23,-340
-833,26,-341
-832,27,-341
-833,34,-340
-834,36,-337
-831,40,-339
-830,40,-344
-829,41,-348
-826,39,-353
-823,39,-357
-818,44,-362
-816,51,-363
-810,60,-369
-804,63,-373
-801,65,-375
-796,72,-377
-796,81,-376
-789,93,-377
-779,107,-377
-769,125,-378
-759,142,-381
-743,155,-382
-728,170,-383
-711,185,-382
-694,201,-379
-677,217,-371
-659,230,-367
-639,242,-366
-624,247,-366
-609,250,-364
-600,249,-362
-594,248,-358
-589,246,-354
-587,237,-353
-591,230,-349
-589,223,-344
-588,216,-341
-584,213,-341
-580,203,-346
-585,188,-348
-591,165,-350
-592,155,-350
-594,150,-347
-594,150,-346
-593,158,-340
-591,161,-340
-590,170,-340
-586,179,-338
-581,190,-334
-578,199,-331
-574,213,-330
-567,229,-325
-562,247,-316
-556,263,-305
-552,279,-299
-549,290,-291
-549,298,-285
-548,307,-279
-546,312,-279
-543,317,-277
-540,320,-278
-541,322,-280
-542,322,-285
-543,323,-287
-544,325,-288
-546,326,-289
-548,328,-286
-552,330,-282
-557,334,-270
-571,342,-246
-587,350,-218
-602,351,-178
-629,345,-122
-658,326,-58
-697,293,11
-723,248,75
-739,194,130
-755,121,179
-765,44,213
-778,-44,235
-776,-108,247
-774,-155,250
-775,-193,249
-780,-218,250
-777,-227,257
-780,-222,267
-791,-217,274
-798,-206,270
-806,-196,265
-807,-169,261
-812,-142,259
-824,-119,256
-828,-89,246
-831,-53,239
-829,-16,224
-830,17,216
-831,48,216
-828,76,216
-823,97,212
-819,114,204
-817,125,193
-816,129,177
-815,119,166
-821,101,148
-829,72,127
-835,40,111
-835,4,99
-837,-42,83
-835,-87,70
-830,-133,63
-821,-174,57
-808,-211,56
-794,-245,56
-782,-277,60
-764,-308,63
-750,-340,60
-733,-365,56
-715,-399,44
-697,-432,28
-677,-463,14
-658,-494,-2
-639,-518,-16
-621,-541,-26
-606,-560,-26
-591,-575,-29
-575,-588,-27
-567,-598,-25
-558,-605,-22
-550,-610,-20
-544,-616,-15
-536,-620,-9
-527,-627,-2
-518,-631,6
-507,-637,16
-498,-642,24
-486,-648,32
-474,-657,38
-458,-666,39
-443,-675,44
-429,-682,48
-414,-693,54
-400,-698,63
-386,-707,72
-376,-710,83
-369,-714,88
-356,-722,94
-342,-730,102
-325,-737,113
-305,-745,126
-286,-755,140
-265,-762,152
-244,-767,166
-222,-769,180
-193,-773,199
-164,-773,215
-139,-777,223
-113,-777,235
-98,-775,243
-83,-772,252
-72,-766,260
-62,-763,269
-55,-756,284
-47,-749,298
-36,-743,311
-26,-736,325
-14,-730,334
-5,-722,346
7,-717,357
23,-712,364
37,-706,365
52,-704,366
66,-699,364
81,-695,363
96,-691,361
111,-684,363
126,-676,369
143,-670,377
159,-659,381
176,-651,385
195,-646,385
213,-642,381
230,-635,377
246,-631,373
268,-628,366
288,-624,355
313,-621,338
338,-611,321
359,-610,301
378,-605,276
401,-598,242
422,-593,201
443,-585,172
463,-572,138
485,-556,105
503,-542,69
514,-527,29
527,-515,-8
537,-500,-49
543,-487,-84
545,-469,-128
548,-458,-159
550,-445,-187
549,-434,-218
548,-426,-243
544,-413,-267
540,-407,-285
539,-399,-304
540,-392,-313
538,-386,-324
535,-385,-332
526,-386,-336
515,-386,-338
507,-388,-341
498,-388,-340
494,-395,-334
490,-397,-334
485,-401,-328
483,-405,-321
484,-411,-312
487,-417,-300
491,-419,-289
497,-422,-281
503,-421,-274
513,-421,-264
524,-422,-256
537,-420,-244
553,-418,-233
577,-415,-211
599,-412,-182
620,-415,-156
638,-422,-138
651,-431,-121
665,-440,-104
680,-451,-95
693,-461,-84
707,-469,-79
723,-476,-79
736,-491,-83
752,-502,-86
775,-516,-96
796,-521,-101
826,-529,-101
864,-531,-100
903,-533,-87
952,-531,-73
1002,-525,-61
1053,-511,-45
1100,-497,-27
1139,-487,-12
1163,-483,6
1180,-485,20
1183,-496,20
1179,-521,9
1172,-548,-5
1170,-575,-19
1161,-593,-27
1163,-602,-27
1174,-595,-41
1170,-594,-45
1161,-601,-42
1153,-621,-32
1135,-640,-18
1124,-652,-9
1115,-663,-5
1099,-670,-7
1089,-676,-5
1084,-684,-13
1072,-688,-5
1060,-691,3
1049,-686,10
1024,-679,34
996,-672,54
953,-673,76
887,-681,108
811,-688,139
751,-695,165
692,-704,189
639,-713,219
595,-723,244
544,-731,273
498,-733,307
459,-730,342
416,-725,384
376,-717,427
342,-713,473
297,-713,512
257,-718,544
223,-723,585
179,-732,626
155,-751,650
136,-772,659
94,-778,663
49,-782,660
4,-788,650
-38,-781,642
-49,-785,636
-26,-798,632
-16,-806,625
7,-830,611
55,-877,570
99,-929,509
140,-980,437
172,-1022,367
193,-1037,340
191,-1055,298
148,-1073,243
83,-1073,210
51,-1067,198
42,-1057,228
22,-1048,244
21,-1044,252
29,-1047,254
28,-1045,253
30,-1040,268
39,-1043,271
42,-1038,281
53,-1035,300
54,-1040,292
48,-1041,293
39,-1039,308
28,-1040,332
13,-1036,355
2,-1031,379
4,-1032,410
7,-1027,439
37,-1023,478
90,-1022,524
147,-1016,562
214,-1007,612
287,-982,678
349,-938,757
406,-890,834
467,-840,905
497,-797,965
517,-760,1026
521,-734,1085
493,-734,1133
453,-734,1167
402,-731,1192
324,-730,1204
253,-719,1208
207,-713,1200
147,-719,1182
101,-722,1166
78,-737,1139
41,-737,1128
17,-731,1120
11,-724,1126
-16,-707,1126
-36,-695,1120
-39,-687,1123
-66,-667,1122
-85,-624,1138
-83,-587,1155
-112,-587,1138
-127,-580,1132
-121,-588,1132
-133,-597,1121
-144,-611,1102
-138,-632,1095
-158,-648,1066
-174,-661,1043
-171,-677,1035
-186,-688,1011
-193,-693,995
-191,-707,989
-202,-732,961
-215,-757,933
-206,-787,920
-205,-794,910
-182,-790,919
-157,-802,931
-156,-811,923
-153,-811,938
-142,-814,971
-146,-806,1004
-137,-780,1066
-81,-724,1167
-3,-629,1265
102,-528,1342
205,-466,1358
276,-433,1344
329,-408,1318
368,-389,1286
373,-408,1236
368,-414,1211
374,-389,1210
372,-380,1196
397,-401,1178
417,-423,1157
427,-439,1142
449,-450,1133
465,-464,1118
469,-475,1109
473,-480,1097
488,-488,1086
501,-490,1078
515,-485,1073
532,-483,1066
528,-480,1065
528,-479,1071
525,-483,1072
511,-487,1078
502,-491,1083
503,-493,1087
494,-494,1088
493,-498,1090
504,-503,1089
502,-509,1089
502,-515,1087
513,-525,1084
522,-535,1081
537,-540,1074
573,-550,1057
602,-557,1041
637,-551,1026
690,-538,1011
732,-515,1000
780,-471,996
826,-421,991
866,-381,993
902,-350,994
946,-319,992
978,-283,996
1005,-251,1006
1035,-221,1018
1047,-206,1046
1063,-212,1084
1090,-226,1122
1105,-260,1191
1115,-300,1274
1125,-347,1370
1107,-426,1500
1083,-527,1638
1037,-655,1788
930,-817,1924
806,-994,2009
651,-1184,2013
468,-1357,1941
298,-1496,1847
183,-1589,1704
72,-1659,1562
-32,-1715,1418
-102,-1751,1252
-195,-1779,1078
-244,-1771,902
-242,-1743,730
-255,-1711,603
-258,-1678,490
-222,-1624,348
-231,-1591,285
-247,-1555,200
-225,-1491,59
-234,-1448,-15
-231,-1397,-89
-200,-1335,-168
-212,-1306,-186
-218,-1282,-172
-176,-1239,-206
-173,-1210,-226
-169,-1185,-252
-138,-1160,-290
-164,-1176,-271
-187,-1189,-263
-169,-1201,-270
-197,-1233,-226
-209,-1261,-142
-179,-1283,-11
-174,-1295,150
-152,-1291,352
-104,-1248,530
-99,-1173,693
-112,-1086,847
-127,-1026,972
-147,-962,1115
-141,-942,1200
-121,-948,1234
-124,-928,1246
-150,-915,1248
-167,-950,1221
-207,-996,1185
-244,-1037,1162
-249,-1087,1144
-236,-1131,1143
-229,-1173,1140
-224,-1204,1138
-228,-1207,1133
-239,-1204,1119
-240,-1217,1094
-249,-1219,1062
-234,-1217,1056
-215,-1223,1055
-218,-1237,1031
-222,-1268,988
-229,-1313,937
-253,-1339,883
-279,-1357,821
-295,-1371,753
-307,-1370,694
-314,-1361,651
-304,-1363,633
-295,-1368,617
-291,-1369,598
-285,-1383,578
-292,-1391,559
-291,-1397,571
-288,-1415,581
-305,-1417,593
-327,-1428,575
-336,-1453,520
-350,-1456,495
-351,-1455,485
-342,-1467,480
-344,-1467,474
-340,-1457,489
-331,-1458,475
-330,-1453,451
-319,-1444,486
-311,-1433,535
-313,-1421,548
-318,-1439,488
-321,-1457,441
-331,-1465,415
-342,-1476,396
-342,-1501,382
-355,-1513,393
-360,-1533,407
-354,-1569,433
-349,-1596,492
-339,-1622,568
-324,-1640,626
-318,-1639,675
-311,-1623,720
-300,-1608,754
-292,-1583,757
-266,-1573,749
-228,-1563,757
-183,-1537,769
-126,-1506,781
-49,-1477,771
22,-1440,751
82,-1404,715
141,-1363,663
184,-1305,619
230,-1242,572
257,-1186,536
267,-1132,518
274,-1080,506
284,-1034,504
280,-984,511
286,-942,520
304,-909,525
310,-876,534
323,-840,547
337,-812,551
347,-785,563
369,-756,570
391,-737,566
410,-719,565
427,-707,559
450,-693,550
461,-683,548
475,-680,542
486,-680,531
489,-688,522
493,-693,516
493,-695,510
495,-699,510
497,-702,505
505,-707,497
505,-713,498
510,-716,497
516,-724,494
511,-736,497
511,-753,503
502,-774,510
487,-794,528
471,-821,545
461,-853,568
442,-895,600
433,-942,637
431,-983,688
435,-1021,779
444,-1069,863
449,-1136,927
446,-1185,974
441,-1199,1026
440,-1185,1094
410,-1170,1143
374,-1168,1161
341,-1174,1160
298,-1176,1160
266,-1167,1162
243,-1153,1164
206,-1123,1177
182,-1098,1193
173,-1099,1204
154,-1103,1208
140,-1101,1217
139,-1089,1242
144,-1041,1291
162,-981,1337
209,-972,1356
280,-972,1371
367,-949,1395
465,-968,1405
533,-1011,1405
601,-1038,1416
614,-1084,1393
587,-1075,1388
567,-882,1467
568,-721,1496
597,-650,1476
627,-595,1454
664,-482,1462
660,-405,1468
652,-390,1463
673,-336,1464
685,-276,1473
695,-246,1485
704,-231,1498
695,-215,1507
674,-194,1515
659,-182,1516
619,-169,1520
598,-181,1513
592,-201,1500
573,-197,1488
577,-210,1477
598,-227,1466
597,-232,1456
598,-253,1445
608,-281,1425
608,-291,1405
602,-302,1382
604,-332,1351
593,-357,1325
576,-378,1294
562,-414,1257
540,-461,1222
531,-484,1189
544,-497,1160
534,-512,1131
522,-558,1101
516,-623,1067
497,-664,1048
487,-691,1040
495,-678,1054
506,-637,1081
529,-582,1113
571,-551,1134
596,-534,1153
609,-534,1172
604,-551,1191
572,-585,1213
528,-640,1223
489,-702,1220
445,-764,1201
417,-817,1163
396,-884,1095
380,-952,1002
389,-1007,903
422,-1032,808
444,-1028,735
484,-1004,667
503,-973,612
493,-951,563
476,-946,499
456,-951,433
420,-961,365
392,-963,324
374,-957,297
353,-956,282
341,-950,266
338,-948,248
327,-945,240
319,-941,228
310,-944,220
289,-947,221
267,-957,225
245,-970,218
214,-983,212
188,-998,201
170,-1016,181
150,-1037,158
143,-1057,127
155,-1074,97
174,-1089,72
217,-1104,48
301,-1111,24
397,-1110,-13
516,-1108,-48
661,-1088,-50
797,-1061,-25
917,-1009,-26
1024,-935,-47
1130,-828,-56
1199,-740,-15
1257,-646,-5
1285,-578,-12
1287,-558,-17
1269,-562,-24
1233,-586,-34
1184,-630,-41
1135,-683,-61
1069,-742,-71
989,-804,-73
909,-859,-90
815,-906,-117
724,-945,-149
643,-961,-184
570,-966,-215
504,-956,-246
460,-938,-272
425,-907,-295
413,-878,-304
421,-852,-305
432,-815,-305
438,-779,-315
438,-743,-334
428,-713,-351
417,-686,-365
408,-665,-377
383,-657,-383
364,-655,-377
337,-661,-373
298,-665,-372
270,-672,-365
247,-678,-358
230,-679,-351
219,-679,-346
216,-679,-346
223,-677,-344
238,-673,-348
256,-671,-355
272,-664,-365
276,-665,-374
263,-666,-382
243,-675,-385
221,-692,-376
201,-711,-356
188,-728,-337
179,-738,-324
178,-741,-324
179,-743,-327
185,-744,-332
193,-742,-338
203,-744,-343
214,-744,-348
229,-745,-353
242,-744,-357
248,-743,-366
251,-748,-371
256,-755,-372
254,-760,-376
246,-764,-386
228,-762,-401
202,-755,-420
171,-746,-436
135,-739,-445
99,-737,-447
60,-734,-444
19,-730,-439
-17,-723,-435
-54,-714,-433
-83,-703,-439
-101,-688,-449
-118,-675,-459
-133,-664,-465
-141,-657,-471
-145,-655,-475
-138,-657,-482
-126,-663,-486
-115,-669,-488
-103,-673,-487
-94,-671,-491
-80,-670,-493
-66,-668,-494
-54,-664,-497
-44,-656,-507
-44,-645,-512
-52,-638,-515
-64,-631,-516
-71,-625,-516
-81,-617,-520
-88,-600,-529
-94,-584,-538
-100,-563,-548
-105,-545,-556
-111,-524,-563
-120,-515,-566
-128,-509,-565
-132,-503,-564
-133,-499,-567
-134,-493,-571
-129,-487,-575
-122,-480,-582
-118,-478,-583
-114,-474,-589
-112,-474,-591
-108,-475,-593
-107,-471,-593
-108,-469,-595
-106,-462,-600
-110,-455,-600
-112,-447,-603
-116,-440,-601
-124,-434,-598
-119,-433,-595
-102,-423,-589
-88,-405,-591
-79,-375,-598
-62,-339,-606
-49,-306,-610
-41,-284,-610
-42,-280,-605
-42,-288,-592
-45,-296,-584
-42,-300,-579
-41,-295,-581
-28,-292,-580
-13,-290,-578
-12,-297,-577
-19,-316,-568
-31,-331,-562
-46,-333,-560
-53,-331,-562
-58,-328,-566
-60,-326,-565
-66,-331,-562
-71,-346,-554
-73,-356,-548
-78,-360,-549
-81,-362,-550
-84,-359,-557
-92,-346,-569
-104,-338,-576
-111,-332,-581
-117,-340,-579
-118,-342,-579
-125,-335,-584
-132,-328,-587
-137,-313,-591
-146,-301,-590
-152,-286,-593
-152,-273,-597
-148,-264,-599
-141,-253,-601
-134,-245,-604
-129,-237,-607
-123,-239,-607
-118,-241,-607
-113,-239,-610
-115,-246,-605
-115,-260,-601
-111,-268,-598
-110,-267,-596
-106,-264,-598
-105,-253,-602
-111,-236,-608
-118,-225,-608
-127,-220,-604
-136,-214,-604
-142,-206,-605
-155,-197,-602
-167,-183,-599
-183,-161,-600
-203,-130,-597
-219,-92,-594
-231,-51,-592
-231,-15,-588
-224,6,-587
-219,25,-585
-214,28,-586
-214,21,-588
-215,5,-588
-214,-18,-590
-212,-37,-591
-208,-47,-592
-210,-57,-591
-213,-70,-590
-218,-64,-589
-221,-42,-588
-224,-16,-586
-229,-7,-582
-243,-7,-577
-257,-5,-574
-256,-5,-578
-243,-6,-583
-228,-17,-594
-212,-31,-603
-200,-47,-607
-199,-71,-609
-205,-95,-609
-220,-124,-608
-228,-147,-603
-234,-163,-602
-238,-180,-601
-241,-191,-602
-243,-200,-603
-242,-203,-603
-239,-201,-604
-234,-190,-608
-231,-179,-611
-228,-165,-612
-228,-155,-616
-228,-152,-614
-226,-150,-615
-225,-145,-619
-223,-139,-619
-220,-131,-623
-216,-124,-626
-208,-116,-629
-195,-111,-632
-180,-108,-637
-165,-109,-639
-153,-108,-642
-139,-107,-646
-126,-108,-647
-116,-109,-650
-110,-107,-651
-102,-104,-652
-96,-105,-653
-89,-106,-655
-81,-105,-656
-68,-105,-662
-53,-100,-663
-38,-99,-662
-27,-96,-666
-15,-93,-670
-8,-95,-672
2,-102,-673
10,-108,-678
23,-110,-681
34,-113,-686
50,-110,-691
69,-106,-698
91,-108,-701
116,-114,-704
152,-127,-701
200,-136,-691
246,-141,-676
291,-153,-655
328,-178,-630
361,-214,-601
379,-245,-575
387,-271,-555
399,-290,-537
407,-307,-521
411,-316,-508
416,-318,-504
422,-336,-494
409,-397,-471
375,-513,-393
344,-592,-319
333,-576,-353
337,-536,-402
351,-488,-439
371,-462,-448
393,-420,-479
404,-421,-468
412,-454,-423
417,-457,-401
424,-449,-380
440,-427,-374
445,-431,-347
441,-444,-312
450,-438,-303
454,-437,-295
454,-434,-292
451,-439,-285
452,-443,-277
453,-444,-272
453,-449,-267
447,-447,-278
447,-437,-292
455,-421,-309
459,-398,-332
470,-366,-356
475,-327,-387
486,-294,-407
493,-265,-420
494,-234,-439
491,-198,-460
483,-159,-485
473,-125,-505
464,-92,-522
449,-55,-540
436,-21,-552
422,14,-569
413,54,-574
410,91,-579
408,120,-581
410,138,-585
416,145,-588
425,141,-593
433,146,-593
451,160,-579
488,187,-546
543,228,-490
595,251,-429
631,257,-376
678,238,-325
715,199,-289
756,140,-261
782,84,-249
794,35,-245
805,-26,-252
815,-86,-255
820,-150,-264
819,-208,-265
829,-258,-244
834,-314,-220
842,-356,-191
853,-386,-150
872,-395,-109
896,-394,-74
914,-385,-30
932,-376,8
941,-354,39
956,-335,72
971,-325,100
978,-317,126
990,-306,155
995,-300,182
999,-297,208
1004,-289,237
1006,-286,270
1002,-277,302
1002,-277,324
1007,-286,340
1004,-297,367
999,-303,390
995,-306,405
989,-303,417
988,-287,429
987,-283,436
984,-280,443
984,-274,448
980,-274,453
977,-273,454
980,-254,465
981,-239,455
982,-211,454
981,-176,455
990,-145,442
1002,-113,418
1010,-71,396
1017,-41,377
1018,-6,360
1024,36,346
1027,66,335
1033,93,317
1036,126,292
1043,161,260
1046,189,232
1047,222,207
1045,265,172
1036,297,136
1027,334,94
1018,358,42
1014,359,4
1015,353,-26
1024,339,-45
1033,317,-63
1034,317,-73
1035,318,-77
1036,311,-78
1037,307,-74
1045,289,-64
1053,269,-50
1055,252,-34
1069,224,-20
1080,199,-11
1093,175,0
1103,150,14
1107,129,27
1112,117,45
1111,120,60
1100,132,75
1091,157,75
1087,178,76
1079,199,65
1070,235,46
1064,256,30
1068,250,31
1076,242,39
1082,237,54
1094,232,53
1114,214,43
1122,209,38
1121,218,27
1117,236,22
1114,250,3
1104,255,-26
1097,256,-58
1088,255,-87
1074,251,-102
1047,251,-108
1027,224,-87
1018,169,-57
1004,119,-23
994,55,22
981,-25,64
973,-117,108
953,-206,132
922,-287,142
896,-358,162
864,-425,193
835,-488,216
810,-530,238
786,-568,239
764,-614,202
751,-641,162
734,-658,130
724,-667,118
728,-661,118
734,-650,115
737,-639,99
742,-626,78
758,-611,53
768,-607,50
769,-600,60
771,-594,69
773,-572,90
786,-545,127
799,-522,166
803,-501,195
806,-488,217
810,-472,252
811,-456,279
814,-437,301
813,-418,323
808,-405,344
805,-387,370
803,-373,385
801,-364,387
801,-355,394
801,-343,394
797,-333,400
795,-326,409
789,-322,417
785,-315,425
784,-305,434
783,-299,440
785,-300,439
784,-305,436
790,-317,419
791,-344,386
802,-368,351
805,-371,320
808,-352,301
814,-304,309
810,-247,341
798,-228,365
787,-254,370
782,-275,372
780,-265,382
786,-248,380
790,-240,367
796,-237,352
804,-235,338
810,-241,317
811,-256,299
816,-273,281
816,-290,273
814,-294,269
817,-296,264
814,-299,260
812,-298,264
811,-291,271
810,-285,278
808,-286,283
807,-284,287
807,-285,290
805,-295,285
809,-305,275
813,-324,256
817,-343,236
830,-362,213
836,-387,185
839,-414,160
851,-430,132
864,-441,107
870,-458,79
878,-467,70
884,-474,79
887,-481,101
885,-482,127
877,-483,161
871,-479,186
868,-470,208
861,-461,233
852,-447,254
846,-429,276
846,-414,284
847,-398,286
855,-383,273
865,-373,239
880,-370,186
900,-363,121
917,-357,53
929,-351,-17
939,-348,-57
945,-354,-83
948,-364,-85
954,-375,-68
955,-393,-43
951,-418,-28
959,-436,-13
959,-451,-9
956,-471,-13
953,-488,-18
948,-506,-11
940,-529,-1
936,-544,14
931,-555,29
928,-566,45
925,-571,70
917,-578,87
913,-580,108
914,-582,136
914,-578,155
914,-578,162
915,-573,172
917,-569,175
921,-571,174
923,-569,180
924,-566,185
926,-562,184
928,-561,183
921,-567,172
901,-585,149
877,-606,128
847,-624,94
826,-628,74
813,-619,75
811,-599,74
813,-566,65
821,-520,62
834,-468,69
849,-422,72
860,-377,78
867,-342,97
871,-295,155
869,-239,229
863,-205,282
850,-193,325
839,-192,357
837,-195,365
831,-208,361
833,-211,347
840,-209,334
844,-217,331
853,-222,327
856,-237,328
857,-250,331
859,-256,338
859,-261,346
856,-272,355
853,-288,357
851,-303,351
852,-307,342
856,-299,327
858,-302,316
851,-318,309
849,-329,301
848,-343,290
842,-361,284
840,-377,276
834,-387,270
831,-392,267
833,-389,258
833,-388,249
831,-393,235
840,-383,221
852,-370,205
855,-352,200
860,-332,203
856,-324,196
849,-341,195
828,-376,197
800,-426,196
766,-481,191
738,-534,183
714,-570,168
695,-593,155
684,-613,142
679,-633,120
675,-649,96
682,-646,85
698,-635,81
711,-621,73
722,-612,67
730,-604,60
722,-605,60
717,-601,72
730,-571,85
758,-516,111
780,-442,157
802,-379,190
822,-322,212
833,-261,236
839,-208,255
834,-163,268
835,-124,276
842,-81,277
843,-44,276
841,-12,284
839,12,285
836,35,286
833,53,288
834,64,281
838,69,272
844,70,258
855,57,242
860,36,213
874,-2,176
885,-58,133
896,-118,91
894,-154,87
886,-170,101
881,-180,125
877,-195,143
871,-212,155
868,-228,145
871,-232,130
874,-220,132
871,-216,141
868,-201,157
865,-201,163
863,-206,162
865,-206,150
870,-203,129
873,-195,110
878,-190,93
883,-190,77
883,-191,64
887,-189,55
889,-191,41
889,-198,16
892,-200,-5
896,-201,-22
899,-202,-34
908,-196,-44
913,-180,-38
924,-162,-20
929,-137,-3
935,-111,12
936,-81,24
941,-58,34
940,-42,39
940,-30,46
940,-17,52
940,-12,56
939,-7,56
939,6,55
938,20,53
935,31,51
936,45,59
935,58,64
935,67,69
935,84,74
935,96,75
930,107,75
929,120,83
926,130,95
923,132,106
921,138,120
917,140,134
915,138,146
912,143,153
908,142,165
909,134,175
911,131,181
914,121,184
917,108,181
917,87,177
917,48,180
926,-9,175
921,-55,172
912,-98,177
901,-137,184
886,-181,202
872,-223,223
855,-259,241
843,-289,248
839,-308,236
842,-318,203
848,-321,156
852,-330,121
858,-341,101
859,-346,86
862,-355,73
855,-358,65
860,-358,55
869,-355,42
880,-346,27
892,-331,16
903,-309,8
914,-293,7
927,-272,11
940,-245,18
952,-220,32
958,-188,50
967,-157,59
976,-133,62
984,-102,74
989,-77,82
997,-59,93
1002,-38,112
1003,-24,130
1007,-12,138
1010,5,151
1008,16,161
1011,15,168
1015,19,171
1016,22,176
1016,29,183
1017,34,193
1014,30,202
1012,25,207
1012,21,205
1014,16,197
1019,5,186
1021,7,176
1021,11,172
1019,15,164
1015,28,160
1007,36,156
997,50,157
990,72,160
979,92,173
963,104,190
945,117,198
934,126,185
926,138,154
914,159,93
897,179,3
873,190,-107
839,193,-202
800,189,-280
757,177,-354
708,165,-423
645,143,-494
579,116,-559
515,91,-614
448,65,-659
384,43,-693
318,23,-717
265,0,-739
225,-18,-756
175,-43,-772
125,-80,-784
73,-139,-787
26,-208,-783
-18,-284,-770
-57,-361,-743
-87,-429,-713
-111,-502,-664
-119,-563,-627
-120,-609,-596
-112,-656,-560
-91,-700,-520
-60,-741,-476
-22,-776,-443
17,-798,-421
64,-809,-404
113,-815,-390
162,-813,-379
198,-808,-368
214,-803,-361
225,-793,-366
217,-777,-370
203,-768,-372
172,-766,-360
128,-767,-344
95,-768,-324
64,-766,-310
31,-757,-306
2,-743,-313
-31,-730,-325
-61,-713,-336
-91,-700,-341
-120,-690,-339
-147,-681,-338
-168,-678,-337
-182,-673,-339
-190,-670,-344
-189,-669,-355
-178,-670,-373
-170,-668,-389
-180,-656,-415
-198,-634,-443
-222,-605,-465
-258,-587,-469
-301,-570,-466
-345,-545,-463
-392,-509,-463
-438,-463,-462
-480,-405,-467
-521,-350,-474
-553,-297,-475
-578,-244,-477
-602,-193,-479
-618,-141,-484
-629,-96,-488
-645,-59,-487
-662,-24,-482
-675,24,-473
-682,73,-474
-684,116,-473
-684,138,-474
-680,148,-478
-665,151,-483
-652,156,-496
-642,165,-508
-638,162,-516
-645,141,-517
-664,102,-508
-683,65,-497
-699,34,-482
-710,-3,-465
-716,-51,-447
-714,-95,-440
-698,-116,-442
-678,-120,-453
-651,-120,-464
-631,-130,-472
-610,-130,-477
-605,-140,-477
-606,-153,-474
-602,-149,-479
-601,-148,-487
-595,-138,-496
-591,-133,-508
-586,-130,-513
-584,-121,-516
-589,-115,-512
-593,-109,-497
-603,-110,-471
-616,-115,-436
-633,-115,-390
-645,-114,-328
-659,-128,-251
-658,-155,-172
-639,-194,-102
-616,-236,-47
-586,-274,-11
-553,-318,15
-525,-353,34
-504,-372,43
-492,-386,36
-484,-393,27
-474,-404,24
-464,-418,25
-460,-427,30
-457,-428,31
-454,-431,37
-452,-433,48
-452,-431,59
-453,-433,70
-445,-437,76
-440,-444,74
-437,-444,79
-437,-439,86
-447,-433,92
-461,-418,93
-474,-404,97
-486,-386,99
-501,-368,100
-516,-352,101
-531,-330,95
-545,-306,89
-559,-277,70
-574,-249,62
-589,-223,58
-600,-191,47
-611,-159,30
-621,-124,8
-629,-93,-20
-634,-67,-49
-636,-40,-82
-633,-17,-126
-627,6,-184
-613,23,-247
-589,36,-310
-557,51,-384
-512,57,-460
-452,50,-539
-381,45,-609
-298,34,-668
-189,8,-719
-73,-19,-747
59,-45,-751
171,-63,-731
267,-83,-695
353,-103,-644
427,-120,-585
490,-135,-519
535,-153,-461
573,-165,-415
596,-174,-369
620,-185,-327
627,-198,-286
641,-207,-249
660,-216,-213
668,-229,-179
676,-244,-147
676,-255,-121
681,-265,-94
688,-270,-70
682,-281,-48
681,-294,-28
676,-302,-8
674,-317,5
678,-326,12
674,-337,17
673,-348,20
668,-358,19
667,-362,23
670,-366,30
674,-369,33
679,-365,31
683,-360,28
688,-356,29
699,-348,33
708,-337,30
717,-323,31
727,-300,26
739,-275,21
752,-252,15
763,-231,12
770,-219,9
773,-209,-1
780,-198,-8
781,-190,-19
786,-181,-28
790,-170,-33
793,-160,-41
798,-154,-49
800,-146,-54
802,-138,-63
806,-135,-70
810,-125,-72
815,-121,-73
819,-117,-70
826,-106,-68
831,-100,-61
834,-97,-48
842,-87,-31
848,-82,-14
855,-71,3
863,-58,18
870,-51,28
872,-45,33
877,-34,37
881,-22,41
881,-14,43
884,0,53
888,6,61
891,14,70
893,23,76
895,24,80
898,22,78
901,22,78
903,24,80
902,23,79
903,27,82
906,25,84
909,19,85
908,16,84
908,3,82
907,-13,79
907,-28,80
906,-44,78
905,-63,76
902,-78,79
901,-97,78
899,-119,77
895,-137,82
892,-158,83
889,-178,85
884,-195,87
878,-217,93
874,-238,98
870,-249,107
865,-268,117
858,-287,125
853,-306,132
844,-332,140
839,-356,145
832,-384,152
821,-417,159
811,-449,165
802,-474,174
793,-494,181
781,-518,187
774,-532,195
766,-550,204
758,-562,212
752,-573,224
744,-582,236
738,-589,246
731,-590,262
724,-595,273
721,-600,280
718,-600,291
719,-601,301
716,-600,307
719,-602,309
719,-605,310
717,-608,309
712,-609,309
707,-618,305
701,-626,301
697,-627,306
692,-633,307
683,-636,310
680,-628,320
676,-622,330
677,-614,337
682,-603,344
693,-586,344
710,-560,343
727,-532,347
748,-517,333
763,-498,322
767,-482,334
761,-477,352
741,-469,394
721,-450,444
714,-414,482
708,-384,506
701,-370,519
699,-370,519
697,-380,512
695,-390,510
693,-401,505
689,-420,498
697,-432,483
713,-450,456
725,-474,419
737,-487,401
747,-504,373
753,-533,335
751,-558,298
738,-595,267
713,-630,248
689,-664,235
663,-689,224
637,-703,214
613,-722,198
583,-736,184
553,-746,166
529,-751,168
508,-752,180
490,-749,190
472,-744,206
458,-740,215
443,-732,225
429,-727,238
416,-713,247
407,-703,248
406,-692,249
426,-679,246
453,-666,237
482,-651,224
522,-631,199
562,-611,167
585,-599,148
596,-589,135
597,-582,130
591,-583,140
582,-589,154
570,-597,166
548,-605,182
525,-615,193
501,-626,211
469,-643,234
437,-660,238
405,-675,241
375,-687,246
349,-700,239
330,-715,225
302,-731,208
281,-749,182
256,-766,147
229,-780,116
207,-801,75
185,-813,37
162,-823,6
144,-827,-26
127,-830,-53
106,-832,-80
91,-832,-103
83,-830,-121
68,-827,-141
55,-824,-159
41,-818,-172
20,-816,-179
0,-813,-183
-24,-807,-186
-54,-798,-193
-75,-786,-204
-96,-771,-226
-124,-751,-250
-152,-738,-256
-178,-731,-243
-204,-724,-222
-227,-718,-202
-248,-712,-189
-271,-701,-180
-288,-692,-171
-301,-687,-163
-308,-681,-156
-310,-683,-147
-311,-683,-134
-314,-681,-126
-318,-676,-125
-329,-672,-119
-339,-669,-105
-347,-667,-80
-353,-670,-48
-367,-669,-28
-380,-661,-26
-401,-650,-33
-422,-637,-37
-438,-626,-49
-454,-610,-81
-466,-596,-96
-476,-586,-97
-486,-576,-95
-494,-566,-88
-503,-562,-84
-507,-558,-86
-504,-561,-86
-500,-566,-88
-490,-580,-89
-478,-597,-83
-460,-623,-69
-427,-648,-52
-394,-676,-38
-355,-705,-17
-319,-730,2
-281,-749,15
-246,-758,24
-216,-767,33
-192,-770,45
-171,-773,52
-156,-776,57
-147,-776,61
-139,-776,71
-130,-773,85
-122,-772,102
-116,-769,118
-110,-768,134
-107,-768,141
-103,-766,146
-99,-767,142
-100,-768,144
-99,-768,148
-101,-769,152
-104,-767,154
-104,-766,158
-108,-765,161
-109,-763,168
-112,-763,170
-111,-764,171
-110,-761,166
-107,-763,165
-106,-763,161
-105,-762,163
-105,-760,168
-109,-761,172
-112,-755,178
-118,-755,180
-125,-758,180
-136,-754,181
-147,-752,180
-161,-751,180
-176,-747,182
-193,-741,187
-216,-734,192
-241,-722,201
-268,-705,214
-301,-682,244
-339,-638,292
-380,-588,336
-413,-530,366
-451,-485,365
-489,-449,352
-514,-417,336
-532,-392,320
-543,-383,294
-548,-387,277
-537,-394,269
-525,-418,255
-503,-446,241
-491,-484,228
-464,-512,228
-428,-535,231
-395,-559,236
-352,-581,247
-311,-605,260
-269,-623,264
-224,-635,269
-189,-650,265
-152,-661,258
-115,-670,249
-82,-678,242
-47,-684,237
-16,-688,229
14,-692,221
42,-690,217
70,-689,213
94,-686,214
112,-684,213
125,-683,211
142,-685,208
154,-685,199
167,-687,191
176,-692,182
173,-694,163
180,-700,138
188,-702,120
202,-704,111
221,-701,101
241,-696,86
262,-692,77
278,-692,61
288,-692,41
297,-693,28
306,-695,7
313,-699,-15
322,-703,-28
334,-708,-39
344,-716,-51
356,-722,-64
377,-727,-78
404,-731,-87
442,-732,-91
487,-728,-108
546,-709,-139
614,-678,-167
689,-636,-186
758,-597,-192
809,-563,-182
845,-531,-195
876,-506,-206
895,-486,-213
909,-466,-220
924,-447,-220
930,-442,-209
933,-455,-189
924,-470,-196
918,-481,-192
917,-481,-178
920,-478,-157
920,-470,-125
919,-463,-108
919,-459,-93
913,-456,-73
911,-447,-57
908,-437,-43
901,-430,-25
899,-429,-15
897,-425,-2
892,-421,11
891,-416,15
891,-408,23
885,-402,31
882,-398,34
881,-395,34
875,-395,44
872,-393,44
870,-390,42
866,-390,45
864,-389,42
863,-387,36
861,-384,40
862,-382,42
859,-383,39
854,-386,36
849,-398,24
837,-417,0
811,-439,-21
782,-466,-49
746,-497,-82
704,-529,-113
671,-553,-142
639,-576,-166
616,-592,-194
599,-598,-231
593,-595,-271
615,-568,-297
654,-534,-314
697,-492,-317
747,-447,-300
800,-405,-262
837,-377,-226
862,-357,-189
888,-338,-153
905,-326,-117
921,-319,-61
932,-312,-19
939,-304,15
943,-300,50
949,-286,72
954,-268,89
954,-256,113
957,-248,133
958,-242,147
955,-241,163
955,-239,168
957,-236,170
954,-237,179
955,-238,183
954,-240,181
951,-244,188
948,-251,187
949,-253,187
945,-263,190
943,-270,181
942,-288,164
934,-318,152
914,-356,135
889,-411,120
854,-467,103
817,-531,79
782,-571,53
748,-597,34
717,-616,15
689,-629,0
662,-630,-6
647,-624,-3
647,-614,19
655,-590,53
673,-559,81
691,-516,106
717,-468,133
751,-416,155
773,-356,178
788,-308,201
805,-257,229
804,-244,247
804,-243,238
814,-243,213
822,-236,187
829,-240,166
831,-244,152
833,-244,143
839,-243,129
845,-241,103
852,-251,80
857,-257,68
860,-260,59
864,-272,47
871,-280,34
876,-294,25
882,-311,18
883,-324,9
888,-330,-10
891,-335,-30
894,-339,-38
898,-337,-48
906,-335,-56
911,-331,-60
915,-339,-63
915,-347,-67
919,-345,-67
922,-343,-70
927,-340,-67
930,-333,-62
932,-328,-59
935,-323,-57
938,-312,-51
942,-311,-51
944,-307,-53
944,-294,-51
951,-288,-59
955,-282,-64
955,-265,-67
953,-252,-83
951,-262,-89
938,-314,-62
901,-403,-39
838,-535,-22
739,-675,-6
618,-834,31
469,-950,70
307,-1025,78
140,-1085,20
-9,-1107,-75
-137,-1099,-182
-198,-1071,-321
-215,-1031,-448
-219,-1001,-526
-205,-1008,-550
-178,-1016,-562
-160,-1022,-577
-145,-1039,-578
-131,-1047,-582
-131,-1051,-578
-117,-1057,-569
-106,-1061,-570
-109,-1070,-559
-107,-1078,-555
-113,-1081,-551
-133,-1078,-533
-158,-1099,-480
-184,-1128,-405
-203,-1148,-332
-210,-1164,-281
-206,-1188,-230
-190,-1209,-172
-153,-1237,-122
-105,-1272,-71
-36,-1304,-38
56,-1349,-17
160,-1384,-23
251,-1401,-55
329,-1407,-123
353,-1408,-189
341,-1420,-181
331,-1435,-163
309,-1430,-208
295,-1404,-275
295,-1391,-283
317,-1386,-245
348,-1382,-120
399,-1370,39
454,-1322,155
494,-1259,193
536,-1191,198
544,-1140,178
536,-1096,156
538,-1053,140
540,-1014,120
546,-965,118
559,-921,104
574,-873,76
588,-824,53
602,-775,16
612,-723,-19
631,-668,-37
657,-611,-54
674,-558,-78
684,-505,-104
692,-456,-130
694,-414,-160
696,-376,-199
690,-341,-235
683,-311,-267
680,-285,-290
671,-271,-310
658,-262,-333
650,-251,-351
639,-248,-370
632,-250,-381
629,-245,-389
624,-242,-397
625,-238,-397
628,-229,-400
632,-218,-402
634,-202,-406
637,-182,-414
639,-177,-416
647,-178,-408
659,-163,-399
664,-145,-395
670,-124,-389
678,-97,-384
685,-71,-375
690,-50,-374
694,-43,-373
698,-55,-370
703,-77,-364
713,-91,-349
721,-107,-330
735,-106,-306
753,-92,-278
766,-76,-248
777,-56,-214
788,-30,-177
797,-15,-142
805,1,-111
810,18,-82
816,28,-52
817,39,-21
820,54,12
823,61,45
821,66,71
821,72,93
821,70,126
814,71,155
807,76,174
807,71,184
803,69,191
799,72,189
801,68,189
800,67,183
800,70,167
801,64,152
798,57,133
794,53,125
787,48,122
777,41,124
769,32,121
760,18,124
754,6,125
747,-1,124
746,-14,123
744,-23,122
745,-28,120
748,-36,117
749,-38,116
755,-43,113
756,-50,122
755,-57,136
752,-63,145
747,-72,155
737,-79,158
730,-86,156
717,-97,146
712,-99,137
710,-103,126
714,-106,107
715,-110,91
717,-106,72
716,-110,63
717,-110,53
719,-106,47
721,-106,44
724,-105,42
728,-100,35
734,-97,33
740,-96,32
751,-90,27
761,-87,21
771,-84,13
781,-78,5
788,-81,-2
797,-81,-11
802,-74,-28
808,-65,-43
812,-60,-55
814,-58,-53
815,-62,-48
812,-59,-47
811,-54,-61
808,-57,-78
804,-53,-99
802,-49,-135
795,-48,-183
789,-48,-229
781,-38,-271
771,-29,-315
762,-13,-352
758,20,-383
759,45,-389
762,65,-388
774,82,-374
791,92,-349
814,95,-311
829,99,-285
837,99,-267
845,89,-253
853,87,-238
857,81,-222
863,80,-207
869,82,-195
871,81,-191
871,83,-190
869,94,-189
872,101,-186
874,109,-178
872,124,-168
871,131,-173
859,139,-184
855,155,-196
852,170,-199
856,171,-191
860,173,-180
864,175,-165
862,178,-155
860,186,-149
857,192,-149
855,190,-150
852,190,-154
852,188,-157
852,185,-163
850,190,-161
846,196,-164
843,200,-160
839,209,-165
836,209,-184
831,205,-207
829,208,-217
821,213,-230
819,214,-241
815,219,-245
813,222,-253
806,232,-259
798,245,-272
792,253,-289
782,262,-302
776,278,-310
767,293,-311
765,291,-321
764,294,-322
767,295,-319
771,290,-313
777,288,-303
786,282,-290
796,273,-275
803,265,-262
815,246,-245
828,226,-226
841,207,-207
850,185,-189
855,168,-172
862,144,-158
867,116,-146
868,93,-134
871,76,-120
874,57,-105
877,33,-89
878,18,-74
879,0,-57
880,-10,-47
882,-13,-38
885,-19,-38
886,-16,-46
884,4,-65
883,30,-83
889,58,-104
887,94,-136
880,115,-182
870,132,-242
866,134,-288
864,133,-322
864,142,-343
864,151,-359
870,155,-366
871,159,-376
879,169,-380
889,184,-375
898,207,-368
909,243,-348
922,263,-341
935,271,-334
945,271,-342
957,238,-362
974,212,-372
989,235,-375
1009,253,-376
1025,269,-385
1031,295,-402
1037,311,-419
1034,294,-439
1029,265,-456
1030,270,-441
1032,275,-419
1031,265,-409
1033,251,-397
1035,246,-384
1034,239,-374
1032,226,-360
1033,210,-339
1029,204,-325
1026,198,-310
1026,186,-287
1025,184,-262
1024,174,-231
1026,159,-203
1028,148,-182
1029,133,-158
1029,117,-131
1029,91,-107
1028,62,-89
1023,33,-73
1020,1,-68
1015,-42,-74
1010,-86,-79
1005,-114,-75
1000,-137,-66
994,-159,-58
988,-178,-57
981,-201,-53
974,-224,-47
971,-232,-39
967,-242,-32
967,-249,-23
964,-247,-9
962,-256,-1
960,-271,9
955,-285,21
949,-306,26
942,-322,28
938,-328,23
933,-338,23
928,-346,29
923,-350,31
911,-355,32
905,-355,34
902,-351,36
893,-357,44
890,-365,55
885,-366,67
883,-374,73
882,-380,80
884,-382,88
885,-382,86
888,-374,80
889,-362,82
889,-356,96
891,-352,90
898,-331,80
899,-316,79
900,-309,86
902,-309,99
893,-329,126
888,-340,164
892,-361,172
896,-353,171
900,-338,160
904,-329,164
905,-328,168
904,-317,178
905,-317,199
903,-322,221
901,-323,243
905,-313,262
899,-316,288
892,-329,309
889,-338,322
887,-349,336
887,-345,346
889,-333,356
896,-321,359
907,-307,360
914,-287,363
918,-270,368
918,-251,368
918,-235,368
923,-231,370
915,-239,373
900,-256,383
888,-284,382
872,-313,385
852,-334,391
841,-356,389
831,-375,381
824,-398,373
819,-417,352
812,-431,335
806,-449,321
798,-467,300
791,-492,275
776,-513,254
761,-536,226
738,-564,203
711,-595,185
686,-622,155
657,-651,135
618,-679,120
583,-707,107
541,-740,91
496,-772,82
454,-799,69
408,-820,56
366,-840,41
335,-851,22
306,-860,1
288,-867,-21
285,-868,-42
285,-868,-67
285,-866,-89
296,-857,-108
307,-852,-124
319,-850,-138
333,-841,-148
342,-837,-155
346,-832,-154
351,-828,-154
351,-825,-155
330,-827,-158
304,-833,-161
279,-839,-159
245,-846,-160
207,-850,-161
169,-855,-160
139,-853,-168
116,-842,-185
98,-831,-205
76,-822,-218
56,-814,-224
33,-808,-222
9,-801,-214
-10,-794,-213
-30,-786,-213
-49,-778,-213
-59,-773,-212
-69,-770,-207
-74,-765,-200
-68,-767,-187
-52,-770,-171
-26,-774,-152
10,-779,-131
53,-781,-112
95,-777,-100
117,-774,-99
128,-767,-99
136,-762,-82
144,-762,-45
151,-762,3
163,-755,48
177,-747,81
195,-739,105
217,-731,111
245,-720,114
274,-708,121
297,-696,129
322,-685,132
338,-677,134
347,-675,127
360,-672,127
369,-672,129
375,-676,120
374,-683,104
361,-694,80
341,-705,53
322,-718,28
293,-735,4
262,-744,-7
232,-750,-8
203,-759,-13
179,-766,-23
152,-775,-39
128,-781,-52
102,-785,-57
75,-793,-55
49,-800,-43
29,-806,-33
23,-813,-34
31,-819,-42
47,-825,-64
53,-826,-102
43,-825,-154
20,-814,-197
-6,-808,-222
-22,-810,-214
-34,-817,-189
-55,-823,-156
-71,-825,-140
-87,-827,-136
-101,-823,-146
-113,-820,-163
-122,-813,-181
-128,-811,-195
-132,-812,-201
-144,-811,-207
-154,-811,-210
-168,-811,-211
-177,-815,-197
-188,-821,-181
-197,-822,-169
-208,-818,-166
-216,-813,-163
-223,-801,-175
-231,-788,-195
-242,-776,-212
-252,-761,-218
-263,-750,-221
-275,-733,-232
-291,-714,-249
-306,-692,-267
-321,-671,-279
-333,-649,-291
-343,-631,-296
-356,-614,-301
-362,-598,-306
-362,-585,-315
-358,-572,-327
-346,-563,-345
-329,-552,-364
-315,-538,-386
-304,-509,-409
-291,-472,-439
-286,-433,-459
-288,-400,-469
-290,-379,-471
-293,-367,-466
-294,-356,-458
-289,-339,-459
-283,-316,-469
-266,-286,-483
-246,-254,-498
-222,-226,-516
-196,-202,-525
-170,-181,-533
-144,-157,-540
-110,-134,-546
-80,-111,-548
-50,-93,-548
-18,-84,-544
21,-80,-536
61,-75,-526
111,-65,-516
159,-52,-500
199,-44,-480
240,-51,-459
270,-60,-441
297,-83,-424
312,-111,-411
314,-136,-401
312,-158,-395
308,-173,-391
297,-187,-391
286,-187,-394
284,-183,-396
275,-188,-397
264,-189,-401
240,-183,-410
227,-181,-417
219,-185,-419
205,-195,-421
185,-196,-428
160,-198,-436
133,-209,-440
112,-210,-447
90,-220,-450
71,-226,-451
47,-234,-451
26,-241,-452
7,-245,-453
-14,-248,-454
-39,-251,-452
-66,-258,-452
-91,-261,-449
-112,-261,-447
-134,-267,-445
-151,-268,-441
-169,-271,-437
-185,-273,-435
-200,-275,-430
-215,-281,-424
-223,-285,-421
-229,-287,-414
-236,-290,-413
-240,-293,-410
-243,-292,-410
-246,-292,-410
-248,-290,-409
-249,-291,-409
-252,-289,-408
-252,-291,-410
-251,-293,-410
-248,-292,-410
-247,-289,-411
-248,-284,-413
-252,-279,-415
-251,-273,-414
-252,-263,-416
-251,-257,-419
-253,-252,-418
-254,-248,-416
-253,-247,-419
-248,-245,-421
-243,-242,-422
-241,-240,-423
-236,-239,-426
-229,-232,-428
-222,-223,-432
-216,-214,-437
-210,-201,-442
-200,-191,-448
-188,-180,-456
-171,-164,-461
-161,-152,-466
-154,-140,-471
-143,-132,-474
-132,-124,-476
-120,-125,-482
-114,-124,-482
-104,-125,-483
-99,-126,-483
-93,-131,-483
-92,-138,-483
-87,-138,-484
-71,-138,-485
-66,-137,-486
-65,-147,-484
-75,-153,-481
-81,-154,-477
-82,-152,-478
-83,-144,-478
-81,-135,-482
-74,-124,-486
-70,-121,-489
-63,-117,-489
-60,-110,-493
-59,-106,-494
-57,-107,-494
-56,-105,-493
-53,-99,-494
-50,-91,-499
-49,-84,-499
-47,-85,-501
-51,-95,-498
-51,-106,-496
-50,-115,-494
-46,-127,-492
-39,-139,-494
-28,-135,-493
-19,-137,-494
-8,-135,-495
-1,-130,-497
8,-127,-495
17,-121,-498
25,-109,-499
29,-87,-502
29,-74,-505
35,-61,-504
36,-45,-506
40,-40,-505
44,-40,-504
43,-38,-504
40,-38,-505
40,-38,-505
42,-41,-505
44,-39,-505
48,-24,-505
56,-3,-504
60,11,-505
67,24,-501
72,36,-500
68,40,-499
51,37,-502
31,25,-505
11,4,-505
-15,-20,-503
-38,-45,-502
-55,-82,-496
-65,-114,-491
-69,-135,-484
-71,-164,-478
-67,-188,-469
-69,-209,-462
-71,-233,-453
-75,-255,-444
-81,-280,-432
-85,-304,-417
-91,-324,-408
-96,-340,-394
-106,-356,-383
-121,-369,-369
-137,-380,-357
-147,-383,-352
-155,-379,-348
-169,-372,-350
-176,-365,-353
-184,-356,-356
-189,-345,-359
-198,-342,-359
-204,-336,-363
-207,-333,-363
-206,-330,-363
-208,-328,-365
-207,-317,-371
-209,-306,-379
-207,-297,-386
-200,-284,-396
-198,-271,-408
-197,-259,-415
-202,-250,-418
-205,-240,-425
-210,-232,-427
-214,-220,-431
-215,-210,-436
-221,-200,-441
-226,-189,-443
-223,-184,-443
-226,-180,-447
-223,-180,-448
-212,-183,-447
-204,-186,-448
-193,-186,-449
-183,-189,-452
-173,-189,-454
-165,-187,-458
-154,-181,-461
-140,-175,-467
-122,-167,-474
-97,-156,-481
-75,-144,-489
-58,-129,-494
-42,-117,-499
-27,-104,-503
-14,-94,-508
1,-82,-509
17,-69,-511
32,-64,-511
39,-55,-514
44,-49,-513
51,-49,-513
58,-54,-512
66,-47,-512
76,-40,-514
87,-36,-513
96,-30,-511
102,-28,-510
108,-27,-511
114,-24,-509
124,-18,-506
134,-8,-506
143,0,-506
146,6,-504
155,9,-503
159,20,-501
161,28,-502
160,29,-499
161,34,-502
160,44,-502
162,47,-500
166,54,-496
175,71,-494
182,84,-488
184,94,-486
185,94,-486
180,93,-486
175,93,-491
162,85,-492
147,70,-500
126,51,-508
107,34,-512
93,16,-516
80,8,-517
70,1,-519
63,-8,-518
54,-15,-519
45,-29,-521
38,-37,-518
36,-45,-519
36,-42,-519
41,-47,-518
44,-46,-518
45,-42,-518
47,-47,-518
51,-49,-515
52,-49,-517
54,-45,-516
60,-30,-518
70,-10,-515
78,1,-515
81,8,-515
80,-3,-514
80,-10,-516
74,-21,-517
71,-29,-516
70,-39,-515
63,-58,-514
60,-56,-515
60,-55,-518
73,-42,-516
84,-26,-515
91,-12,-515
89,-8,-515
88,-16,-515
88,-21,-515
91,-21,-514
87,-24,-517
80,-31,-516
79,-37,-516
77,-45,-516
69,-57,-515
62,-68,-513
51,-84,-513
47,-96,-511
40,-113,-508
32,-128,-506
31,-147,-503
31,-161,-499
35,-173,-497
38,-174,-500
39,-167,-503
35,-161,-506
33,-163,-507
25,-167,-508
19,-175,-507
20,-188,-501
22,-202,-495
25,-219,-488
27,-237,-478
33,-256,-468
43,-278,-456
49,-303,-437
57,-325,-420
63,-345,-402
70,-357,-388
79,-363,-382
92,-367,-378
108,-372,-368
125,-373,-364
145,-373,-353
171,-377,-342
198,-367,-341
231,-334,-352
265,-295,-361
297,-283,-349
321,-282,-331
347,-281,-311
374,-270,-296
399,-269,-269
427,-255,-247
453,-236,-231
474,-224,-209
491,-217,-185
510,-221,-158
521,-233,-134
525,-248,-108
530,-274,-88
534,-293,-65
536,-315,-38
538,-328,-9
542,-334,17
542,-346,39
541,-359,52
539,-375,60
536,-387,58
534,-395,51
532,-403,37
531,-412,16
529,-424,-11
529,-427,-25
536,-429,-21
543,-433,-10
550,-436,1
554,-435,16
562,-436,24
570,-436,28
569,-438,36
570,-445,40
568,-450,59
569,-451,86
570,-454,109
562,-461,122
556,-470,136
553,-476,158
546,-487,165
537,-502,162
525,-521,156
515,-537,151
512,-551,145
507,-560,137
508,-565,126
511,-568,113
514,-562,112
516,-559,108
513,-557,104
508,-563,100
506,-564,83
500,-565,66
496,-571,41
486,-575,20
478,-577,5
470,-582,-18
460,-585,-43
453,-589,-66
447,-592,-85
439,-594,-101
430,-602,-109
421,-609,-114
408,-616,-114
404,-619,-113
402,-619,-112
395,-614,-124
394,-605,-143
390,-592,-158
392,-583,-162
402,-574,-158
412,-564,-153
418,-557,-146
427,-553,-138
429,-549,-142
426,-545,-154
429,-544,-149
435,-543,-140
442,-541,-127
452,-537,-121
467,-532,-120
475,-525,-122
485,-519,-116
492,-519,-116
489,-526,-113
484,-535,-118
473,-545,-133
461,-552,-146
452,-561,-159
448,-565,-167
443,-570,-168
442,-575,-172
443,-581,-173
440,-589,-181
444,-593,-183
449,-599,-180
457,-607,-171
467,-617,-153
476,-630,-134
478,-641,-117
484,-646,-107
486,-648,-102
490,-649,-89
498,-647,-76
510,-642,-61
521,-646,-46
528,-646,-39
533,-647,-38
530,-653,-48
526,-662,-61
519,-674,-74
512,-688,-81
515,-696,-88
517,-709,-96
521,-718,-94
531,-722,-95
537,-728,-94
538,-738,-75
540,-746,-75
540,-754,-74
530,-763,-70
531,-766,-69
535,-769,-51
533,-773,-30
537,-773,-17
545,-774,-2
543,-781,9
538,-789,18
534,-799,12
530,-806,-12
540,-809,5
566,-801,34
588,-789,57
605,-776,79
615,-773,66
619,-772,37
642,-752,-8
684,-708,-52
724,-649,-120
774,-565,-178
823,-482,-189
848,-431,-166
864,-400,-124
879,-366,-79
885,-352,-57
880,-358,-51
874,-371,-47
868,-386,-43
863,-403,-37
863,-401,-27
863,-401,-15
865,-401,-12
870,-392,6
871,-388,19
876,-380,32
882,-369,53
886,-365,65
890,-358,77
895,-350,87
896,-345,95
901,-341,105
905,-336,111
907,-335,116
911,-326,116
915,-321,119
918,-320,122
918,-313,127
922,-309,131
922,-314,131
925,-309,134
928,-300,139
926,-299,142
930,-292,148
932,-283,153
931,-280,154
935,-276,156
933,-274,155
933,-278,153
934,-275,150
939,-271,145
936,-274,148
936,-284,138
936,-294,126
931,-317,117
925,-337,107
920,-348,102
915,-360,90
914,-369,83
910,-369,66
906,-376,54
904,-379,45
900,-383,33
896,-385,19
891,-387,8
890,-388,-4
884,-388,-20
881,-384,-33
879,-381,-46
872,-389,-56
869,-385,-58
871,-382,-54
864,-387,-56
860,-392,-45
857,-393,-26
861,-385,2
865,-374,20
876,-345,41
881,-320,58
882,-295,90
882,-280,131
879,-265,168
871,-240,217
867,-216,246
864,-184,265
863,-154,264
859,-140,253
852,-157,235
841,-179,221
838,-199,201
829,-213,180
822,-219,171
814,-230,155
808,-247,135
806,-247,127
808,-248,118
803,-261,109
802,-271,105
802,-270,103
804,-279,91
807,-279,86
810,-275,81
816,-275,78
821,-273,76
824,-271,74
832,-270,76
841,-264,81
851,-256,86
860,-250,88
868,-241,97
879,-230,101
888,-225,106
900,-214,111
910,-206,113
922,-200,110
930,-194,109
940,-191,109
951,-184,105
962,-176,102
971,-171,98
980,-165,92
987,-153,101
997,-145,111
1005,-127,111
1011,-117,118
1016,-118,120
1021,-119,117
1023,-113,127
1028,-109,138
1028,-112,132
1029,-117,134
1031,-119,140
1031,-129,140
1028,-139,132
1025,-154,125
1022,-176,108
1013,-190,87
1007,-202,74
1001,-216,62
995,-221,48
991,-212,27
991,-205,3
988,-189,-33
984,-169,-69
976,-143,-109
968,-111,-145
965,-86,-173
956,-57,-208
944,-27,-241
930,5,-281
918,25,-314
906,45,-352
889,60,-390
874,68,-422
863,77,-447
857,83,-467
849,88,-479
850,92,-487
854,92,-490
862,81,-482
867,81,-479
872,82,-476
881,78,-468
886,76,-464
891,72,-462
889,64,-470
885,60,-477
880,59,-488
874,58,-499
867,60,-512
862,65,-522
854,65,-534
849,67,-543
844,65,-554
841,58,-556
845,48,-556
851,37,-547
861,22,-534
869,8,-520
881,-8,-503
891,-25,-485
899,-35,-470
909,-38,-452
917,-40,-432
924,-46,-410
929,-52,-393
935,-61,-378
937,-64,-370
934,-58,-368
929,-57,-371
922,-48,-379
918,-36,-388
910,-20,-399
903,-4,-407
895,15,-416
887,38,-419
889,62,-416
885,89,-412
884,111,-409
877,143,-406
872,167,-406
867,188,-406
862,208,-407
857,220,-409
856,223,-402
858,228,-396
859,236,-387
864,239,-371
868,245,-357
872,244,-345
875,243,-336
877,242,-329
877,244,-323
877,251,-319
873,264,-316
870,277,-311
864,290,-307
857,304,-308
850,319,-311
839,332,-316
830,345,-323
823,353,-329
817,359,-337
811,366,-344
804,373,-350
802,378,-354
794,381,-359
790,387,-362
787,387,-366
785,391,-371
781,395,-377
777,398,-377
773,401,-384
769,400,-392
765,395,-403
762,390,-415
759,388,-424
755,383,-431
758,377,-435
762,368,-437
765,356,-442
759,345,-454
756,335,-471
750,328,-485
742,329,-495
737,335,-493
738,345,-492
738,350,-490
737,350,-491
737,351,-484
741,353,-476
744,355,-469
744,351,-466
744,345,-473
738,345,-488
730,344,-503
721,349,-516
720,354,-518
722,357,-510
721,365,-504
717,365,-506
712,356,-514
707,343,-529
702,333,-538
699,317,-550
695,311,-556
695,307,-558
701,303,-559
703,296,-556
706,290,-556
713,273,-553
715,255,-556
715,225,-567
713,186,-581
708,140,-602
700,99,-624
686,62,-641
671,22,-661
648,-12,-687
620,-47,-712
585,-78,-737
558,-108,-759
530,-139,-774
508,-159,-789
479,-178,-802
464,-189,-812
460,-195,-824
447,-199,-835
436,-203,-849
421,-208,-862
410,-220,-878
398,-238,-891
376,-259,-907
351,-280,-918
325,-303,-921
306,-324,-921
292,-339,-918
284,-346,-916
277,-333,-916
265,-304,-920
255,-284,-916
250,-277,-916
261,-253,-915
267,-226,-918
280,-229,-911
280,-240,-907
267,-250,-902
251,-277,-895
236,-305,-885
230,-332,-872
218,-342,-866
208,-356,-861
204,-382,-847
183,-407,-839
147,-439,-825
88,-468,-805
9,-510,-769
-87,-587,-698
-183,-662,-594
-279,-710,-481
-350,-706,-419
-403,-676,-397
-440,-642,-395
-463,-620,-389
-475,-606,-391
-473,-620,-376
-450,-647,-360
-416,-671,-377
-366,-684,-414
-307,-684,-485
-222,-673,-554
-121,-649,-620
-17,-616,-674
108,-615,-686
234,-615,-682
332,-608,-669
380,-604,-661
386,-611,-655
374,-635,-637
355,-658,-617
335,-704,-578
314,-752,-527
290,-786,-494
261,-806,-475
238,-809,-476
224,-798,-491
213,-788,-508
199,-775,-530
189,-765,-545
178,-753,-564
161,-750,-574
139,-757,-574
115,-766,-570
94,-785,-554
85,-808,-533
82,-823,-521
68,-824,-521
34,-809,-539
1,-776,-568
-34,-733,-599
-74,-697,-617
-118,-671,-624
-157,-640,-630
-191,-607,-637
-219,-570,-644
-239,-532,-653
-249,-499,-665
-251,-469,-676
-250,-445,-683
-248,-425,-689
-241,-411,-696
-224,-406,-701
-196,-400,-711
-170,-386,-724
-143,-364,-742
-119,-328,-754
-105,-289,-766
-96,-276,-764
-92,-278,-760
-92,-288,-751
-95,-301,-741
-92,-306,-739
-82,-298,-735
-67,-284,-738
-54,-264,-741
-37,-241,-745
-23,-222,-745
-12,-208,-744
-5,-200,-744
-6,-201,-738
-5,-220,-734
-3,-242,-728
2,-268,-723
8,-288,-717
25,-293,-715
44,-271,-720
65,-244,-726
88,-221,-731
108,-201,-738
135,-184,-742
145,-180,-743
147,-183,-740
149,-186,-741
145,-190,-741
139,-203,-743
129,-215,-745
129,-225,-743
123,-228,-748
124,-229,-754
116,-227,-766
114,-215,-777
106,-196,-791
92,-168,-804
68,-157,-817
32,-167,-823
-1,-202,-824
-32,-242,-821
-56,-268,-818
-78,-281,-818
-100,-285,-821
-109,-281,-825
-113,-276,-830
-110,-275,-834
-105,-268,-839
-99,-259,-846
-91,-249,-853
-91,-237,-859
-102,-229,-864
-112,-235,-865
-127,-245,-863
-138,-230,-867
-154,-199,-872
-163,-154,-877
-170,-107,-880
-174,-54,-885
-177,-19,-886
-179,-7,-888
-180,19,-887
-191,59,-886
-206,81,-881
-233,94,-876
-264,100,-868
-292,72,-863
-316,9,-864
-336,-57,-857
-327,-97,-859
-293,-109,-869
-284,-39,-875
-291,74,-872
-272,178,-867
-279,291,-838
-264,407,-792
-213,502,-752
-160,586,-703
-89,695,-618
-24,759,-547
8,763,-544
-21,702,-617
-55,659,-661
-115,663,-646
-171,656,-641
-231,612,-659
-289,550,-688
-320,523,-695
-335,497,-710
-344,494,-708
-343,508,-691
-344,503,-689
-349,489,-695
-352,459,-717
-357,448,-719
-362,449,-708
-373,435,-711
-387,416,-713
-401,387,-720
-420,367,-717
-435,352,-707
-453,332,-706
-467,310,-703
-490,280,-702
-506,261,-697
-519,248,-688
-536,244,-672
-558,229,-658
-582,206,-646
-602,191,-632
-619,183,-613
-642,176,-591
-661,168,-572
-678,156,-550
-696,138,-534
-708,114,-523
-724,81,-502
-739,42,-483
-744,6,-479
-747,-32,-469
-754,-69,-455
-760,-106,-439
-764,-140,-424
-765,-163,-410
-769,-173,-403
-773,-179,-395
-778,-185,-388
-782,-192,-377
-792,-199,-356
-801,-222,-323
-807,-248,-288
-807,-277,-264
-801,-312,-247
-802,-346,-219
-799,-377,-179
-792,-404,-136
-786,-430,-98
-774,-454,-73
-759,-478,-40
-750,-496,-16
-740,-511,-2
-728,-527,24
-721,-536,52
-711,-542,87
-706,-542,126
-700,-544,162
-690,-550,193
-677,-558,214
-663,-569,230
-651,-583,237
-639,-599,238
-629,-615,233
-620,-628,226
-608,-642,214
-600,-652,218
-588,-662,226
-577,-671,228
-568,-679,234
-560,-684,237
-551,-692,241
-545,-698,247
-539,-701,250
-534,-707,250
-533,-712,240
-529,-717,237
-527,-719,234
-524,-722,226
-525,-725,214
-528,-726,211
-526,-727,213
-523,-730,216
-517,-728,230
-512,-724,255
-508,-718,277
-510,-714,283
-510,-715,281
-514,-715,268
-520,-715,257
-527,-715,242
-538,-713,225
-554,-703,211
-577,-684,214
-599,-656,236
-617,-628,252
-632,-614,248
-640,-609,237
-640,-616,210
-629,-636,182
-614,-666,141
-597,-683,124
-596,-681,135
-602,-671,144
-610,-668,136
-621,-660,119
-632,-649,109
-640,-640,113
-642,-627,131
-644,-618,149
-639,-611,179
-632,-610,194
-621,-614,193
-613,-618,182
-599,-631,157
-591,-647,120
-565,-671,87
-517,-702,64
-453,-739,48
-372,-778,54
-284,-814,70
-179,-837,80
-62,-845,91
68,-834,112
174,-811,128
263,-777,142
322,-742,179
354,-708,220
380,-670,264
405,-633,293
436,-587,326
478,-527,350
525,-451,374
563,-367,392
585,-312,394
607,-271,398
613,-262,393
610,-265,388
609,-263,391
608,-261,393
598,-259,401
593,-256,409
584,-255,416
571,-261,427
555,-277,439
537,-297,446
520,-320,450
501,-337,459
486,-347,464
489,-357,460
493,-378,440
502,-378,431
521,-376,416
532,-387,397
533,-414,380
539,-438,369
524,-471,361
496,-507,352
477,-528,353
465,-540,356
452,-545,370
443,-548,376
443,-556,373
445,-561,366
451,-560,363
450,-552,359
465,-544,354
486,-532,346
507,-515,344
521,-493,347
536,-471,346
547,-457,347
556,-446,348
564,-436,347
557,-442,340
547,-470,331
514,-514,328
468,-556,319
422,-601,302
379,-643,278
332,-678,251
291,-707,225
254,-721,205
214,-734,192
174,-743,182
134,-747,169
100,-753,148
69,-754,122
49,-754,94
41,-752,76
42,-750,64
64,-746,67
103,-742,66
149,-736,46
181,-729,20
203,-723,-4
209,-719,-19
202,-717,-18
205,-716,0
209,-714,29
214,-710,61
219,-706,79
225,-699,81
234,-692,77
246,-687,61
253,-680,39
264,-673,23
275,-664,13
287,-654,2
299,-643,-2
310,-628,1
328,-616,2
344,-601,-2
344,-598,-13
329,-600,-34
308,-605,-74
280,-607,-114
240,-609,-147
204,-614,-172
165,-619,-189
136,-624,-199
100,-625,-207
67,-624,-219
48,-619,-235
35,-611,-261
28,-600,-289
22,-587,-321
22,-578,-352
36,-565,-382
59,-558,-411
89,-544,-444
118,-527,-481
130,-511,-518
131,-495,-555
120,-491,-582
87,-497,-604
49,-514,-615
4,-535,-614
-42,-557,-617
-94,-565,-619
-156,-564,-626
-211,-548,-641
-266,-518,-662
-323,-476,-686
-378,-435,-696
-439,-401,-694
-494,-383,-686
-544,-368,-676
-579,-347,-675
-594,-336,-682
-600,-340,-696
-587,-342,-720
-557,-339,-759
-520,-324,-806
-500,-289,-841
-501,-292,-843
-500,-339,-831
-487,-347,-836
-468,-332,-858
-456,-324,-872
-442,-318,-881
-449,-322,-881
-460,-323,-873
-458,-331,-872
-442,-332,-879
-428,-321,-899
-405,-313,-914
-383,-295,-931
-368,-269,-951
-364,-244,-965
-365,-237,-972
-374,-243,-974
-390,-244,-975
-405,-242,-977
-409,-240,-981
-422,-233,-986
-436,-231,-988
-446,-229,-991
-460,-218,-994
-475,-203,-997
-480,-197,-1001
-492,-191,-1007
-496,-181,-1010
-505,-179,-1014
-510,-180,-1020
-511,-175,-1024
-519,-167,-1028
-526,-161,-1030
-542,-165,-1029
-564,-173,-1023
-595,-185,-1012
-624,-192,-1000
-643,-193,-993
-657,-190,-988
-665,-188,-990
-671,-188,-996
-664,-183,-1006
-651,-181,-1020
-637,-179,-1031
-623,-180,-1048
-605,-175,-1065
-588,-154,-1080
-576,-138,-1094
-563,-129,-1104
-559,-123,-1113
-552,-108,-1121
-547,-99,-1130
-543,-80,-1137
-541,-64,-1142
-536,-60,-1147
-517,-49,-1162
-494,-31,-1178
-482,-36,-1183
-478,-51,-1190
-479,-48,-1190
-483,-43,-1190
-488,-34,-1188
-494,-34,-1191
-491,-35,-1194
-483,-26,-1195
-488,-17,-1197
-487,-12,-1197
-486,0,-1198
-499,11,-1190
-514,-21,-1184
-525,-41,-1181
-535,-21,-1176
-544,-37,-1171
-534,-66,-1178
-510,-104,-1189
-496,-156,-1193
-494,-235,-1189
-485,-342,-1176
-498,-446,-1147
-525,-577,-1086
-548,-740,-990
-559,-885,-877
-572,-982,-774
-605,-1054,-660
-634,-1079,-588
-641,-1075,-577
-635,-1066,-600
-626,-1057,-633
-610,-1053,-655
-578,-1055,-683
-521,-1049,-740
-437,-1051,-790
-309,-1079,-821
-136,-1107,-833
13,-1077,-887
178,-1068,-892
354,-1074,-838
522,-992,-844
687,-768,-936
815,-501,-986
969,-296,-941
1066,-220,-837
1096,-207,-735
1127,-237,-650
1128,-282,-597
1116,-367,-553
1096,-405,-534
1083,-406,-524
1070,-425,-504
1057,-442,-484
1042,-475,-457
1033,-492,-428
1028,-498,-397
1018,-511,-364
1004,-525,-340
980,-553,-324
951,-577,-317
914,-597,-330
859,-635,-353
794,-684,-366
722,-745,-367
637,-809,-351
538,-862,-335
422,-909,-326
294,-937,-335
159,-947,-353
27,-937,-382
-92,-917,-389
-208,-902,-363
-315,-875,-321
-412,-835,-278
-490,-797,-241
-553,-762,-207
-597,-724,-176
-625,-695,-154
-642,-671,-133
-650,-659,-119
-655,-644,-107
-659,-628,-93
-670,-607,-75
-675,-588,-53
-682,-572,-35
-687,-556,-28
-693,-532,-17
-702,-511,-9
-707,-489,-3
-713,-472,3
-715,-455,11
-723,-428,14
-728,-406,12
-724,-395,16
-718,-392,18
-705,-394,21
-689,-403,24
-674,-413,24
-661,-424,25
-643,-433,24
-625,-441,23
-595,-462,20
-551,-497,14
-496,-552,14
-407,-608,22
-281,-657,30
-151,-687,26
-25,-694,-7
88,-673,-85
180,-624,-182
248,-561,-248
303,-521,-249
351,-502,-194
396,-466,-125
437,-427,-63
474,-394,-5
491,-358,21
492,-341,31
495,-333,41
484,-339,52
465,-355,61
446,-366,67
425,-381,75
406,-393,78
385,-405,77
361,-417,76
341,-426,73
325,-436,67
310,-444,59
295,-457,59
271,-473,63
247,-495,75
227,-511,82
205,-532,82
182,-549,75
161,-561,72
138,-572,75
120,-578,82
101,-581,93
91,-582,103
86,-581,112
82,-581,123
72,-576,135
66,-574,142
60,-573,145
67,-572,142
80,-568,129
91,-564,121
108,-554,133
110,-547,129
98,-543,114
85,-535,99
73,-528,98
61,-519,103
56,-507,127
54,-491,164
52,-474,192
50,-456,216
47,-444,227
46,-432,236
46,-424,240
46,-415,243
47,-404,251
47,-392,256
49,-374,269
56,-357,286
65,-339,301
74,-315,315
89,-294,328
107,-275,339
121,-267,346
123,-274,354
120,-299,354
120,-338,347
118,-373,334
120,-400,321
122,-415,314
123,-420,317
126,-420,327
123,-417,343
122,-405,360
125,-395,373
130,-388,384
132,-377,388
135,-372,389
144,-364,395
155,-351,398
170,-326,403
194,-291,406
218,-271,398
234,-265,388
246,-260,378
261,-253,376
283,-243,372
304,-217,370
324,-188,375
343,-164,371
359,-149,364
373,-133,350
388,-121,337
406,-101,325
422,-69,310
435,-37,294
437,4,270
445,50,242
456,95,212
455,136,174
452,172,134
451,199,92
450,220,57
449,237,29
441,249,-1
440,254,-15
445,254,-25
452,248,-22
452,246,-16
461,243,-5
476,234,3
494,225,9
507,216,7
513,212,-1
516,215,-15
517,220,-32
514,230,-51
509,242,-70
509,254,-90
498,265,-116
486,282,-143
467,302,-171
452,323,-192
442,343,-206
431,364,-215
419,382,-221
425,386,-226
434,382,-238
444,372,-246
455,359,-256
466,339,-272
483,314,-292
491,296,-305
497,276,-316
503,260,-326
510,243,-334
519,229,-334
525,218,-337
529,214,-340
534,208,-343
536,204,-346
537,205,-348
540,201,-355
541,200,-362
537,202,-371
532,205,-383
523,211,-393
520,224,-400
522,236,-400
521,250,-396
525,256,-391
531,265,-380
535,280,-365
542,294,-354
543,301,-347
548,298,-351
550,294,-358
552,286,-364
551,283,-371
548,286,-373
543,293,-379
534,308,-385
523,317,-397
513,321,-411
501,327,-429
485,338,-448
463,349,-466
446,356,-487
437,358,-506
432,354,-524
427,351,-538
432,338,-552
434,318,-570
438,306,-579
446,296,-581
456,286,-580
474,274,-572
487,268,-562
499,263,-555
509,255,-542
522,247,-531
535,235,-524
544,226,-517
547,223,-510
553,220,-503
560,220,-497
563,227,-489
570,229,-480
577,233,-471
581,238,-463
587,244,-456
592,253,-448
596,255,-443
602,257,-443
605,255,-448
606,258,-453
600,261,-457
596,257,-456
596,243,-450
598,219,-448
604,197,-439
610,183,-421
612,191,-404
607,200,-389
603,196,-382
601,180,-378
604,166,-373
603,152,-370
603,138,-369
603,125,-365
603,122,-363
602,121,-361
604,119,-357
604,121,-352
603,124,-350
603,130,-346
597,143,-341
595,164,-332
598,184,-323
596,205,-315
597,225,-311
596,236,-308
602,240,-309
600,234,-317
599,223,-334
593,206,-354
588,189,-380
583,171,-399
577,163,-410
572,157,-425
569,154,-437
567,156,-445
571,160,-450
575,166,-457
583,183,-453
589,203,-453
597,223,-452
596,243,-455
601,253,-458
606,263,-454
618,265,-436
635,261,-415
654,257,-390
669,248,-366
684,222,-352
700,189,-343
720,149,-335
735,101,-332
739,59,-329
749,18,-325
756,-27,-324
762,-76,-329
766,-125,-330
764,-169,-333
768,-210,-329
775,-249,-313
777,-317,-300
775,-373,-285
773,-428,-273
761,-491,-267
751,-551,-267
733,-614,-282
705,-673,-305
671,-726,-337
632,-770,-370
584,-798,-418
530,-807,-470
506,-808,-496
506,-808,-505
508,-810,-494
516,-809,-487
521,-807,-474
539,-821,-438
552,-827,-415
534,-814,-453
550,-825,-421
570,-836,-375
575,-826,-390
587,-821,-394
597,-834,-365
571,-876,-329
525,-945,-222
425,-1005,-118
282,-1037,-132
137,-1025,-199
6,-1004,-214
-125,-958,-256
-220,-918,-247
-284,-893,-210
-327,-855,-216
-347,-831,-208
-355,-813,-198
-354,-810,-163
-336,-824,-95
-322,-832,-26
-311,-833,18
-315,-834,40
-329,-826,44
-344,-820,43
-370,-808,20
-393,-787,-26
-413,-765,-107
-429,-736,-174
-438,-714,-207
-440,-707,-203
-446,-709,-194
-452,-705,-188
-449,-702,-206
-448,-689,-241
-452,-672,-275
-455,-663,-286
-458,-650,-291
-456,-647,-293
-440,-658,-279
-427,-664,-269
-427,-655,-270
-417,-651,-271
-403,-656,-263
-386,-661,-257
-371,-666,-254
-365,-665,-248
-356,-665,-236
-361,-663,-223
-369,-657,-204
-372,-659,-173
-370,-664,-132
-363,-676,-83
-355,-681,-35
-340,-689,10
-318,-699,55
-293,-709,82
-274,-720,88
-266,-728,75
-267,-730,44
-267,-726,7
-268,-724,-17
-263,-724,-23
-249,-731,-13
-231,-736,-2
-218,-738,-3
-204,-746,0
-197,-748,-10
-187,-753,-31
-176,-754,-53
-166,-761,-76
-152,-766,-93
-138,-779,-116
-133,-784,-136
-139,-785,-149
-151,-786,-173
-178,-773,-216
-204,-740,-278
-236,-693,-354
-273,-634,-419
-308,-566,-470
-342,-503,-501
-374,-435,-523
-396,-388,-531
-412,-360,-531
-425,-317,-535
-438,-260,-541
-438,-197,-550
-430,-133,-559
-416,-64,-578
-384,1,-593
-349,55,-603
-307,101,-613
-275,123,-622
-246,128,-625
-226,124,-630
-216,114,-633
-224,77,-635
-230,72,-633
-241,72,-624
-275,38,-613
-313,-21,-594
-351,-87,-570
-370,-143,-543
-378,-192,-525
-393,-241,-499
-412,-297,-458
-428,-352,-405
-441,-382,-369
-462,-361,-381
-460,-288,-428
-449,-224,-465
-426,-171,-497
-403,-166,-513
-369,-187,-526
-318,-160,-566
-248,-85,-611
-151,-16,-659
-68,26,-682
-4,60,-686
48,97,-689
61,111,-691
35,93,-695
0,79,-694
-35,69,-685
-82,51,-672
-120,35,-658
-165,4,-641
-191,-40,-629
-192,-72,-627
-166,-58,-637
-127,2,-653
-102,72,-660
-122,81,-663
-165,40,-658
-235,-34,-636
-277,-93,-606
-287,-146,-594
-264,-114,-607
-225,-40,-628
-190,11,-644
-181,49,-649
-193,50,-656
-223,23,-652
-251,-9,-635
-289,-45,-613
-315,-94,-589
-326,-160,-567
-311,-168,-571
-283,-124,-593
-225,-66,-629
-159,-15,-663
-74,51,-703
-14,79,-723
22,76,-724
42,65,-731
63,73,-725
87,106,-715
120,136,-702
149,136,-695
149,92,-705
118,21,-722
56,-82,-733
-10,-187,-722
-66,-255,-699
-102,-264,-687
-119,-229,-685
-129,-178,-684
-138,-137,-687
-145,-105,-690
-153,-82,-690
-149,-69,-689
-137,-44,-688
-119,-14,-693
-96,17,-700
-75,53,-699
-70,68,-697
-73,41,-695
-101,-7,-691
-137,-46,-683
-177,-60,-663
-216,-61,-643
-264,-65,-616
-295,-61,-596
-303,-45,-579
-315,-38,-568
-314,-43,-563
-306,-34,-563
-292,-17,-569
-281,-30,-574
-266,-47,-582
-243,-38,-593
-211,-24,-603
-185,-19,-613
-165,-13,-622
-139,-20,-633
-104,-18,-644
-64,-18,-653
-22,2,-662
14,41,-667
50,75,-664
84,74,-666
121,61,-668
147,46,-670
163,11,-672
160,-49,-672
150,-117,-668
126,-129,-669
98,-80,-677
70,-51,-678
24,-38,-676
-8,-55,-673
-30,-54,-671
-21,-27,-672
2,-45,-678
45,-14,-685
69,4,-689
75,-46,-691
80,-141,-682
99,-200,-667
108,-196,-659
94,-199,-654
52,-224,-644
-13,-229,-638
-79,-218,-634
-139,-199,-626
-192,-180,-615
-242,-159,-597
-275,-133,-584
-303,-111,-572
-315,-106,-566
-316,-107,-564
-301,-85,-571
-288,-61,-580
-283,-50,-585
-264,-36,-596
-237,-15,-609
-193,24,-624
-152,63,-632
-129,87,-636
-117,86,-638
-113,79,-641
-119,83,-642
-124,77,-639
-123,66,-644
-120,59,-645
-106,58,-650
-87,54,-656
-51,65,-662
-15,71,-667
24,66,-673
63,57,-681
114,53,-686
163,48,-687
196,30,-689
217,-14,-690
210,-71,-692
191,-115,-694
164,-105,-697
127,-96,-695
88,-104,-693
53,-92,-688
28,-44,-681
10,-17,-675
-2,-15,-674
-3,-4,-669
6,13,-668
25,15,-669
52,33,-667
85,67,-667
109,99,-660
125,118,-656
132,123,-656
128,105,-660
120,89,-660
105,61,-665
88,36,-665
61,36,-663
27,63,-659
-5,90,-652
-27,122,-640
-43,158,-628
-57,196,-615
-51,218,-603
-44,230,-600
-41,234,-599
-37,233,-601
-35,235,-602
-28,243,-598
-26,243,-601
-26,240,-600
-30,241,-600
-28,244,-601
-14,251,-597
1,268,-587
19,291,-576
31,305,-567
44,317,-563
50,316,-561
46,305,-567
38,287,-574
18,273,-584
-8,223,-605
-23,180,-622
-10,186,-621
43,209,-618
101,211,-617
167,197,-618
214,171,-620
248,160,-621
262,178,-623
252,210,-623
231,260,-615
229,247,-625
220,225,-636
204,218,-645
175,182,-665
140,91,-696
84,-35,-714
31,-181,-710
-4,-341,-663
-30,-442,-617
-55,-519,-580
-77,-562,-552
-89,-577,-538
-91,-603,-522
-92,-628,-503
-90,-657,-488
-93,-673,-475
-104,-682,-461
-120,-704,-433
-143,-723,-399
-164,-748,-357
-188,-765,-315
-206,-776,-279
-220,-785,-236
-226,-795,-197
-233,-801,-163
-239,-805,-136
-233,-814,-104
-232,-817,-83
-230,-818,-65
-230,-817,-52
-233,-813,-42
-238,-809,-38
-241,-804,-39
-244,-800,-41
-254,-795,-60
-259,-790,-90
-265,-779,-127
-274,-761,-177
-285,-737,-229
-295,-697,-298
-306,-652,-363
-316,-600,-418
-324,-541,-469
-332,-484,-507
-339,-425,-539
-350,-382,-549
-363,-348,-553
-371,-307,-559
-367,-262,-566
-352,-215,-579
-329,-166,-592
-302,-123,-605
-282,-90,-610
-266,-70,-612
-252,-63,-611
-232,-64,-616
-194,-59,-630
-131,-16,-648
-44,48,-657
67,77,-653
157,78,-634
229,85,-612
292,60,-589
339,12,-567
368,-45,-548
386,-90,-533
394,-127,-523
389,-170,-515
380,-213,-507
361,-252,-501
348,-284,-498
339,-310,-499
314,-335,-500
286,-357,-505
247,-373,-512
216,-382,-520
190,-386,-528
156,-390,-537
120,-397,-539
77,-409,-536
43,-423,-527
9,-439,-516
-29,-452,-503
-69,-463,-489
-114,-467,-469
-151,-478,-448
-190,-488,-424
-218,-499,-398
-248,-504,-371
-269,-503,-346
-291,-503,-323
-310,-498,-304
-326,-496,-283
-334,-490,-270
-340,-482,-261
-341,-469,-264
-339,-457,-271
-334,-446,-283
-326,-435,-292
-313,-420,-309
-301,-402,-327
-284,-384,-345
-262,-358,-369
-239,-335,-392
-207,-308,-416
-175,-286,-432
-144,-260,-444
-109,-223,-462
-75,-178,-471
-40,-131,-476
-10,-88,-475
24,-49,-470
62,-5,-461
108,38,-441
167,84,-416
216,118,-381
260,146,-348
305,161,-311
348,172,-274
386,168,-238
416,163,-210
438,157,-184
459,144,-163
473,129,-138
486,113,-111
494,100,-82
506,95,-60
509,90,-35
509,85,-14
504,76,7
505,72,29
506,64,49
502,58,73
498,52,97
487,42,122
478,30,144
476,20,176
465,-1,203
456,-23,227
445,-43,250
432,-65,276
420,-84,297
405,-101,316
393,-111,330
376,-110,344
364,-96,355
363,-77,364
357,-56,366
351,-26,367
346,1,364
338,9,369
325,20,375
314,30,380
307,36,383
303,42,380
317,44,371
329,39,358
356,19,340
381,6,318
414,-7,287
437,-4,255
460,8,224
467,34,206
462,58,211
456,45,224
448,30,248
434,17,279
415,-18,310
395,-57,335
365,-75,362
346,-82,373
342,-82,373
350,-58,362
368,-25,338
373,10,316
367,25,317
350,35,334
319,12,361
307,-15,370
306,0,370
300,43,359
298,76,343
300,87,324
308,99,302
314,115,272
321,125,241
334,124,219
346,118,198
358,107,180
370,95,167
381,81,151
389,69,135
399,57,123
404,45,110
408,31,106
414,17,100
416,8,98
419,-4,101
417,-13,107
412,-21,121
406,-25,139
403,-29,160
395,-32,184
382,-34,211
368,-41,242
355,-47,272
344,-51,295
333,-57,320
321,-64,341
310,-76,360
305,-86,375
301,-92,387
300,-95,398
297,-94,409
295,-86,418
298,-79,426
298,-69,433
294,-55,445
293,-49,452
291,-44,459
290,-44,463
290,-43,463
294,-36,455
298,-20,444
302,-8,432
309,0,425
314,5,421
321,3,415
330,7,406
349,13,390
369,22,365
392,21,339
420,13,309
446,0,273
473,-13,233
490,-19,193
504,-21,157
511,-19,121
518,-18,89
517,-12,54
518,-9,29
519,-3,4
520,-3,-20
521,-5,-49
526,-13,-75
539,-25,-87
552,-39,-91
567,-60,-95
577,-91,-99
586,-122,-99
588,-145,-102
589,-167,-109
589,-182,-116
591,-195,-125
593,-201,-127
596,-203,-135
602,-201,-141
612,-197,-143
619,-191,-147
623,-184,-152
628,-182,-160
630,-195,-171
631,-206,-181
631,-213,-187
636,-216,-188
645,-217,-183
652,-217,-168
661,-225,-157
665,-240,-145
666,-261,-129
665,-281,-115
665,-295,-107
665,-309,-98
671,-317,-90
668,-323,-85
673,-326,-85
674,-333,-90
674,-340,-101
671,-348,-113
665,-360,-135
658,-369,-150
651,-379,-163
644,-390,-174
633,-399,-183
623,-409,-202
609,-414,-222
593,-419,-242
580,-425,-257
568,-428,-271
552,-430,-291
546,-429,-304
543,-428,-315
541,-429,-325
542,-421,-332
547,-419,-334
555,-417,-329
560,-415,-327
562,-416,-329
559,-418,-330
558,-419,-328
554,-420,-319
549,-418,-312
548,-409,-309
547,-402,-301
547,-395,-295
553,-399,-285
556,-399,-278
560,-401,-267
567,-403,-253
575,-406,-239
587,-406,-227
601,-404,-219
612,-401,-205
628,-400,-202
646,-397,-200
663,-393,-203
676,-388,-206
693,-390,-217
700,-397,-217
705,-413,-232
693,-434,-262
669,-451,-295
645,-462,-333
628,-471,-359
611,-474,-383
598,-472,-402
589,-474,-420
575,-477,-434
557,-487,-449
536,-496,-470
512,-505,-485
487,-512,-505
461,-518,-523
445,-519,-538
433,-517,-550
436,-508,-563
458,-494,-569
494,-483,-564
539,-474,-552
586,-463,-531
626,-454,-518
644,-462,-504
639,-498,-497
616,-554,-475
578,-624,-447
525,-702,-393
450,-784,-309
367,-858,-188
290,-904,-68
209,-926,12
160,-929,37
168,-918,61
213,-899,98
250,-881,124
285,-857,183
310,-840,255
306,-847,270
285,-863,238
279,-870,220
288,-873,182
347,-864,113
396,-851,31
444,-840,24
476,-834,96
475,-841,73
438,-850,50
385,-859,83
343,-866,113
340,-863,109
364,-852,49
420,-826,-39
464,-798,-115
501,-781,-115
535,-765,-110
549,-737,-174
560,-716,-202
569,-709,-199
575,-700,-191
593,-683,-181
603,-659,-187
623,-624,-201
662,-580,-211
693,-525,-226
724,-460,-243
752,-374,-261
767,-295,-294
774,-227,-330
770,-161,-368
754,-101,-411
718,-45,-460
692,10,-499
668,54,-538
625,84,-583
581,110,-621
534,122,-663
499,135,-691
471,150,-709
450,155,-724
436,152,-738
427,149,-750
415,135,-766
401,118,-783
396,102,-794
395,84,-801
396,64,-805
391,52,-806
378,39,-808
368,12,-811
354,-16,-815
340,-53,-820
321,-83,-825
301,-104,-828
274,-133,-829
248,-162,-831
219,-194,-830
188,-228,-828
165,-266,-824
138,-297,-816
114,-330,-804
92,-364,-793
78,-381,-782
63,-394,-774
45,-403,-768
24,-412,-762
14,-430,-748
1,-452,-737
-18,-476,-725
-27,-504,-709
-28,-522,-700
-24,-526,-699
-15,-530,-698
-4,-537,-694
1,-549,-687
3,-560,-679
5,-569,-675
4,-572,-670
10,-572,-672
14,-568,-672
21,-560,-678
26,-550,-683
34,-541,-692
44,-531,-697
56,-525,-705
75,-522,-712
81,-517,-717
93,-509,-721
96,-496,-726
86,-479,-729
69,-467,-729
51,-456,-724
33,-455,-721
17,-452,-718
10,-442,-720
9,-425,-726
13,-409,-731
18,-394,-736
17,-378,-740
25,-366,-744
