-846,27,-425
-849,24,-419
-851,23,-415
-853,20,-410
-854,16,-405
-858,12,-404
-861,10,-403
-861,9,-403
-861,12,-402
-859,18,-401
-858,21,-400
-855,26,-404
-851,28,-407
-844,35,-410
-834,64,-423
-807,107,-435
-758,181,-443
-705,277,-438
-653,361,-428
-583,430,-418
-515,472,-414
-439,494,-417
-389,499,-429
-358,498,-439
-332,501,-439
-312,512,-430
-303,521,-417
-297,522,-418
-286,516,-427
-284,508,-444
-286,493,-466
-299,462,-506
-313,434,-529
-322,414,-543
-344,382,-560
-365,340,-581
-398,288,-602
-408,232,-630
-391,188,-660
-371,173,-680
-346,163,-701
-331,131,-717
-322,115,-727
-316,112,-732
-310,109,-736
-310,105,-737
-303,113,-737
-301,117,-736
-307,114,-735
-315,116,-732
-328,113,-727
-349,111,-719
-367,110,-709
-383,113,-699
-399,126,-687
-417,142,-670
-436,176,-645
-451,205,-621
-460,223,-602
-469,238,-585
-479,259,-565
-482,268,-547
-482,287,-532
-478,306,-523
-470,314,-524
-466,318,-522
-464,324,-526
-461,328,-523
-464,332,-516
-471,338,-512
-477,343,-503
-476,346,-499
-475,337,-507
-472,330,-514
-459,323,-531
-441,318,-544
-414,314,-559
-387,314,-572
-366,315,-583
-339,326,-583
-315,342,-577
-287,362,-568
-270,386,-551
-257,402,-534
-254,394,-532
-244,397,-525
-237,425,-499
-228,453,-468
-220,474,-441
-228,485,-419
-240,490,-389
-268,502,-348
-283,519,-286
-291,528,-241
-303,522,-227
-323,507,-219
-346,489,-211
-361,479,-203
-374,474,-198
-384,471,-194
-384,472,-192
-372,478,-193
-362,487,-197
-355,498,-207
-343,507,-222
-334,510,-248
-329,507,-280
-334,500,-308
-341,483,-338
-356,457,-374
-367,429,-412
-376,407,-441
-378,405,-458
-374,414,-461
-373,432,-454
-375,436,-452
-379,434,-457
-379,431,-462
-379,427,-470
-377,425,-481
-378,419,-485
-384,412,-486
-395,393,-493
-411,375,-497
-428,361,-492
-450,337,-491
-470,308,-493
-489,273,-500
-506,240,-504
-523,224,-501
-534,215,-495
-540,208,-494
-541,199,-498
-544,192,-506
-545,193,-507
-545,196,-505
-540,200,-506
-535,211,-510
-535,221,-504
-541,236,-490
-559,251,-470
-591,268,-433
-636,280,-380
-679,285,-318
-736,273,-233
-788,237,-125
-837,174,-12
-858,88,68
-855,-11,133
-846,-111,172
-831,-196,204
-811,-270,234
-797,-299,277
-799,-291,323
-800,-276,355
-797,-268,373
-802,-245,380
-809,-226,387
-818,-222,387
-829,-216,379
-840,-206,369
-846,-205,361
-842,-217,358
-842,-228,360
-841,-229,357
-842,-235,348
-835,-240,338
-832,-241,319
-833,-240,301
-827,-234,288
-821,-219,276
-814,-209,263
-813,-211,243
-811,-215,217
-810,-216,187
-808,-214,156
-807,-209,123
-808,-197,91
-804,-181,68
-800,-164,37
-793,-151,-2
-780,-150,-47
-763,-150,-98
-740,-160,-152
-711,-175,-213
-676,-190,-273
-635,-210,-331
-598,-242,-369
-564,-269,-394
-535,-289,-413
-512,-302,-429
-497,-324,-424
-481,-332,-432
-472,-325,-446
-465,-313,-455
-462,-302,-462
-458,-276,-476
-461,-259,-488
-461,-248,-493
-462,-246,-497
-456,-251,-502
-451,-256,-506
-442,-257,-511
-436,-258,-515
-436,-254,-515
-432,-248,-518
-428,-241,-523
-423,-237,-528
-411,-236,-534
-403,-229,-540
-391,-223,-546
-383,-220,-552
-373,-215,-555
-371,-208,-560
-363,-202,-563
-356,-196,-569
-341,-184,-577
-324,-177,-588
-309,-171,-594
-294,-159,-602
-279,-152,-609
-259,-139,-615
-242,-125,-620
-229,-107,-624
-205,-90,-629
-181,-73,-634
-152,-55,-638
-122,-37,-641
-93,-13,-641
-62,12,-641
-28,42,-640
7,73,-641
56,108,-636
117,149,-628
195,196,-601
280,230,-563
373,252,-513
452,244,-455
517,219,-398
573,179,-341
612,130,-292
645,70,-246
661,25,-210
673,-16,-179
680,-58,-152
685,-98,-122
678,-140,-95
675,-178,-64
673,-208,-32
665,-241,-5
654,-270,18
639,-297,43
627,-318,63
622,-340,81
612,-357,96
600,-381,107
586,-405,115
572,-427,121
564,-449,131
551,-471,140
538,-492,148
528,-513,155
519,-531,159
516,-548,160
513,-563,161
514,-573,163
510,-586,165
511,-602,158
515,-620,146
517,-642,128
521,-662,100
528,-681,68
539,-697,43
555,-714,23
582,-723,5
613,-727,6
655,-734,2
697,-739,1
736,-742,0
780,-748,2
833,-749,9
881,-744,14
932,-737,21
980,-734,26
1022,-728,24
1063,-720,26
1110,-707,16
1150,-690,19
1187,-677,17
1220,-674,11
1230,-671,7
1237,-686,1
1238,-707,16
1225,-726,33
1207,-743,48
1191,-757,63
1160,-767,90
1134,-762,133
1110,-742,163
1053,-705,182
965,-674,177
846,-626,159
688,-574,130
557,-538,85
480,-482,14
455,-388,-43
415,-332,-105
344,-308,-122
233,-267,-131
103,-233,-158
-43,-213,-172
-211,-249,-112
-253,-340,20
-230,-432,170
-177,-527,332
-111,-611,456
-18,-690,582
14,-719,638
20,-732,641
38,-770,624
42,-805,596
54,-831,575
53,-851,558
52,-869,536
66,-888,518
69,-899,507
53,-909,484
32,-924,462
4,-934,436
-31,-939,412
-47,-943,388
-60,-952,368
-70,-943,373
-70,-934,393
-70,-924,414
-69,-909,430
-62,-886,472
-55,-866,509
-55,-858,517
-58,-858,514
-66,-865,504
-79,-857,508
-80,-842,528
-70,-836,543
-73,-828,551
-83,-827,549
-101,-834,545
-122,-837,535
-135,-843,532
-127,-844,550
-107,-837,576
-69,-831,610
-4,-826,645
76,-818,663
173,-803,682
276,-767,712
381,-704,748
486,-633,775
572,-571,795
641,-526,806
712,-491,817
788,-466,827
832,-455,858
876,-429,907
913,-390,970
917,-366,1046
903,-363,1137
870,-395,1216
803,-459,1296
714,-559,1372
599,-699,1418
418,-882,1424
253,-1021,1360
119,-1113,1252
-18,-1172,1117
-94,-1196,976
-123,-1194,824
-168,-1179,764
-178,-1176,722
-153,-1172,691
-176,-1159,689
-172,-1154,656
-147,-1154,630
-168,-1157,616
-159,-1143,615
-118,-1129,618
-152,-1097,651
-150,-1076,657
-132,-1082,592
-175,-1074,561
-182,-1074,520
-150,-1098,428
-198,-1109,397
-209,-1121,379
-201,-1142,408
-271,-1160,515
-315,-1182,646
-334,-1192,815
-376,-1176,1020
-343,-1128,1221
-250,-1070,1369
-169,-983,1489
-60,-908,1532
55,-836,1543
139,-742,1544
227,-651,1526
300,-568,1484
317,-518,1445
327,-498,1406
339,-497,1358
381,-491,1311
435,-510,1251
492,-514,1204
543,-504,1169
582,-506,1135
621,-524,1101
628,-542,1075
643,-563,1056
653,-590,1047
618,-626,1055
564,-656,1082
473,-697,1120
373,-730,1157
271,-752,1180
154,-773,1183
42,-791,1157
-57,-814,1109
-98,-843,1050
-105,-874,986
-90,-931,902
-62,-993,809
-34,-1013,758
-20,-1006,750
-20,-990,759
-29,-986,750
-26,-992,744
-17,-980,770
-16,-972,777
-12,-982,763
-7,-970,792
-3,-925,840
11,-918,853
21,-933,846
25,-926,851
31,-914,863
36,-914,867
34,-913,861
31,-925,850
27,-950,831
17,-976,801
16,-993,789
24,-1002,796
3,-996,816
-17,-986,839
-36,-975,880
-40,-934,940
-19,-894,1001
76,-832,1074
193,-723,1143
259,-611,1178
293,-595,1162
301,-636,1113
291,-702,1062
278,-715,1049
277,-656,1072
287,-637,1076
302,-629,1075
304,-613,1081
319,-603,1085
357,-596,1084
392,-610,1075
426,-596,1076
444,-595,1078
440,-610,1075
451,-594,1083
479,-561,1098
501,-489,1130
552,-434,1141
614,-410,1141
674,-380,1141
752,-342,1137
833,-303,1138
894,-292,1142
961,-300,1151
1027,-308,1176
1078,-332,1220
1115,-393,1292
1122,-500,1385
1070,-646,1503
919,-883,1618
672,-1151,1615
360,-1355,1498
138,-1378,1291
3,-1326,1077
-89,-1244,919
-124,-1166,786
-85,-1067,671
-106,-1012,602
-120,-994,555
-89,-973,518
-110,-944,491
-81,-920,477
-46,-926,462
-75,-916,462
-64,-917,468
-34,-934,487
-81,-907,525
-97,-891,577
-99,-891,632
-141,-860,694
-131,-817,789
-79,-779,895
-90,-786,906
-88,-831,863
-65,-866,807
-108,-879,746
-126,-924,629
-111,-943,569
-143,-920,566
-146,-916,561
-113,-927,554
-152,-927,556
-151,-949,524
-123,-970,504
-150,-991,502
-143,-1026,489
-108,-1059,513
-144,-1060,599
-143,-1055,693
-114,-1058,789
-119,-996,951
-78,-917,1101
-5,-846,1192
25,-752,1262
64,-666,1294
109,-594,1308
103,-519,1302
116,-459,1293
137,-415,1289
130,-388,1272
134,-398,1251
154,-409,1231
136,-417,1213
140,-430,1202
159,-442,1196
147,-443,1184
155,-450,1177
173,-462,1177
162,-473,1169
160,-506,1153
158,-544,1137
122,-569,1110
121,-593,1095
135,-628,1079
109,-642,1062
108,-653,1053
126,-672,1052
107,-680,1040
102,-678,1043
116,-679,1049
95,-679,1043
98,-678,1044
110,-683,1050
95,-685,1043
95,-694,1039
105,-705,1036
80,-712,1019
71,-722,1009
68,-735,1000
36,-742,980
23,-748,966
29,-757,959
8,-747,951
5,-735,950
15,-721,963
-1,-689,966
1,-660,974
16,-643,983
13,-631,973
27,-631,965
54,-643,961
45,-661,929
51,-685,904
64,-705,885
50,-715,859
46,-721,843
58,-736,827
35,-746,800
32,-749,793
40,-759,792
27,-758,783
30,-756,784
43,-770,781
33,-778,760
33,-787,748
44,-795,752
26,-801,733
27,-811,724
37,-814,729
23,-813,720
18,-813,716
31,-818,722
11,-805,721
5,-800,722
17,-799,738
5,-792,731
7,-798,729
20,-809,734
12,-817,719
19,-829,714
40,-849,714
35,-865,693
41,-883,679
55,-898,678
35,-902,666
35,-910,650
47,-920,656
36,-909,651
42,-898,658
65,-883,685
60,-867,695
63,-865,706
64,-878,720
30,-902,716
16,-951,698
-1,-1003,703
-52,-1031,754
-72,-1038,866
-79,-1038,992
-99,-1025,1087
-175,-1052,1067
-302,-1133,923
-375,-1214,747
-407,-1284,548
-381,-1328,398
-363,-1336,263
-312,-1321,175
-289,-1310,137
-278,-1302,104
-237,-1296,55
-189,-1297,22
-144,-1286,28
-119,-1283,41
-117,-1284,61
-140,-1273,68
-170,-1262,85
-188,-1250,160
-207,-1234,235
-208,-1225,292
-169,-1224,362
-97,-1228,416
7,-1243,456
126,-1255,474
241,-1252,503
342,-1242,545
414,-1235,582
463,-1208,648
490,-1172,720
494,-1144,765
485,-1119,794
477,-1086,831
460,-1055,862
433,-1038,879
412,-1043,882
391,-1074,866
370,-1102,871
363,-1127,908
363,-1152,948
347,-1180,977
323,-1206,995
291,-1206,1024
233,-1181,1039
187,-1159,1019
147,-1128,992
107,-1103,955
95,-1072,924
101,-1055,876
91,-1021,856
86,-996,853
90,-1005,821
75,-983,801
50,-994,743
55,-1035,665
72,-1017,660
86,-1007,671
102,-1036,644
121,-1028,651
120,-1036,648
115,-1071,612
104,-1090,597
117,-1096,611
146,-1100,633
163,-1085,670
177,-1072,700
196,-1063,738
210,-1042,788
243,-1071,793
310,-1103,800
381,-1101,829
479,-1092,842
589,-1094,810
699,-1075,764
789,-1043,686
855,-1003,603
869,-949,532
869,-901,465
855,-846,399
839,-804,352
840,-773,314
839,-729,291
828,-693,289
814,-653,291
806,-627,282
794,-611,276
784,-594,271
776,-573,261
771,-553,257
772,-530,244
777,-508,230
779,-484,218
785,-459,208
790,-432,191
792,-406,184
800,-383,174
807,-359,159
810,-335,150
818,-316,130
820,-301,109
819,-290,94
819,-289,73
815,-293,51
813,-305,35
810,-317,8
803,-326,-20
797,-331,-50
792,-333,-84
786,-332,-120
779,-322,-140
781,-309,-158
782,-290,-174
784,-275,-177
786,-261,-177
786,-252,-176
790,-247,-168
792,-234,-165
793,-224,-168
798,-215,-164
798,-208,-165
797,-199,-174
796,-188,-178
797,-174,-186
796,-155,-197
794,-135,-201
792,-118,-214
788,-99,-230
785,-80,-243
778,-61,-261
775,-50,-277
770,-44,-281
769,-41,-292
763,-36,-304
764,-39,-315
756,-42,-332
749,-41,-352
744,-40,-368
735,-38,-387
723,-33,-410
711,-17,-429
703,7,-450
687,37,-475
669,75,-498
637,117,-522
608,156,-550
583,195,-579
544,226,-612
503,251,-649
452,269,-680
417,280,-708
390,280,-730
366,276,-747
348,259,-765
339,232,-784
330,200,-801
315,170,-815
309,132,-829
300,99,-837
299,52,-845
290,12,-849
272,-16,-850
259,-51,-847
244,-90,-845
234,-136,-840
216,-186,-834
204,-230,-833
192,-257,-827
185,-265,-824
177,-273,-824
166,-284,-823
156,-312,-818
146,-357,-809
132,-398,-791
111,-436,-772
97,-465,-754
81,-472,-737
67,-472,-722
47,-467,-709
27,-459,-689
-5,-447,-678
-45,-432,-674
-80,-407,-667
-107,-389,-658
-134,-367,-656
-155,-348,-650
-168,-343,-644
-176,-348,-639
-187,-347,-631
-206,-336,-629
-227,-321,-626
-256,-315,-614
-285,-322,-595
-316,-341,-570
-349,-360,-539
-376,-378,-510
-397,-390,-485
-414,-401,-464
-427,-418,-444
-438,-439,-422
-446,-453,-407
-450,-468,-397
-458,-483,-383
-468,-495,-365
-472,-513,-348
-475,-529,-334
-483,-535,-324
-494,-531,-317
-502,-526,-313
-507,-515,-315
-511,-505,-318
-515,-504,-309
-516,-508,-291
-515,-519,-267
-517,-530,-236
-513,-548,-208
-498,-569,-177
-479,-595,-143
-455,-624,-114
-422,-654,-88
-385,-680,-66
-343,-700,-45
-299,-721,-29
-256,-739,-14
-217,-748,10
-177,-756,34
-146,-759,58
-118,-762,71
-95,-762,78
-79,-760,85
-69,-760,92
-65,-760,98
-62,-758,107
-58,-755,118
-53,-755,125
-45,-754,135
-37,-754,145
-30,-753,152
-26,-752,159
-23,-751,159
-20,-749,164
-18,-748,169
-14,-748,175
-15,-746,178
-11,-744,181
-12,-743,185
-13,-741,193
-15,-739,201
-16,-739,207
-15,-734,213
-13,-730,224
-11,-728,234
-12,-726,240
-13,-722,246
-19,-721,253
-25,-719,259
-33,-717,263
-46,-714,266
-60,-711,270
-76,-709,273
-95,-706,277
-120,-696,284
-145,-686,293
-170,-676,302
-197,-663,308
-219,-655,306
-237,-650,303
-243,-649,297
-236,-656,283
-228,-664,271
-201,-668,276
-162,-672,290
-121,-673,305
-78,-673,315
-31,-674,326
18,-669,332
69,-665,329
120,-655,328
171,-646,325
220,-629,318
263,-616,307
301,-603,293
332,-593,281
360,-583,263
386,-576,248
407,-567,232
431,-556,215
456,-538,200
481,-521,189
501,-508,174
513,-503,153
524,-502,127
538,-492,96
553,-479,77
567,-465,50
581,-451,28
593,-439,15
605,-430,-6
613,-422,-23
621,-418,-40
630,-414,-49
640,-409,-53
652,-407,-49
671,-404,-40
686,-401,-22
701,-403,2
705,-413,23
700,-443,38
690,-476,54
682,-516,73
684,-531,76
695,-532,69
705,-533,45
713,-531,21
714,-545,14
704,-568,18
684,-596,9
671,-619,-12
667,-636,-33
670,-642,-64
679,-641,-77
698,-633,-86
724,-612,-96
752,-585,-93
779,-551,-96
795,-532,-115
792,-535,-118
790,-536,-110
795,-530,-109
793,-529,-96
799,-520,-78
809,-506,-60
808,-501,-32
811,-493,-9
804,-487,7
802,-481,27
799,-474,48
799,-470,65
797,-462,90
792,-454,107
796,-444,125
796,-430,139
798,-423,142
797,-419,143
794,-422,152
795,-425,148
790,-437,126
775,-471,86
739,-531,18
681,-612,-70
587,-694,-105
491,-756,-87
415,-803,-25
347,-832,-29
299,-847,-62
280,-848,-121
285,-842,-186
288,-836,-228
298,-830,-262
305,-824,-255
300,-833,-248
296,-843,-249
298,-842,-251
298,-837,-262
305,-835,-242
305,-839,-214
315,-831,-217
333,-817,-220
363,-806,-197
395,-787,-171
442,-764,-162
497,-740,-153
552,-712,-128
598,-684,-106
650,-643,-98
705,-593,-83
750,-552,-67
783,-510,-32
811,-469,-4
828,-439,3
833,-427,12
826,-437,11
797,-477,-2
753,-539,-17
707,-609,-48
646,-665,-73
591,-703,-59
558,-724,-14
548,-726,19
551,-707,48
584,-673,51
632,-636,45
671,-588,54
703,-546,81
729,-504,123
743,-455,197
751,-398,273
747,-341,338
739,-328,362
735,-336,371
736,-351,360
738,-363,345
737,-366,339
739,-372,335
744,-372,340
749,-381,320
753,-398,295
756,-407,277
758,-424,257
763,-438,228
768,-448,204
770,-452,183
775,-457,164
776,-461,152
777,-469,130
779,-477,91
784,-482,57
790,-479,29
800,-470,1
814,-440,-26
828,-412,-52
839,-395,-82
849,-368,-108
860,-340,-128
870,-295,-156
886,-237,-165
899,-191,-173
902,-166,-194
900,-174,-208
901,-209,-231
892,-273,-255
854,-358,-271
802,-470,-292
719,-603,-308
613,-756,-287
487,-881,-235
353,-971,-204
209,-1034,-220
72,-1056,-281
-40,-1049,-362
-113,-1026,-446
-153,-998,-535
-169,-956,-620
-183,-931,-673
-187,-903,-702
-188,-896,-725
-189,-902,-732
-180,-905,-736
-168,-916,-743
-158,-916,-744
-157,-930,-735
-156,-944,-730
-161,-942,-733
-175,-947,-719
-188,-983,-669
-215,-1025,-591
-245,-1056,-517
-269,-1088,-444
-288,-1113,-372
-305,-1142,-286
-304,-1169,-242
-295,-1191,-214
-270,-1220,-194
-240,-1251,-190
-208,-1285,-177
-163,-1318,-151
-104,-1348,-153
-43,-1363,-190
-3,-1366,-236
14,-1366,-300
-7,-1343,-385
-33,-1311,-461
-40,-1306,-489
-42,-1328,-437
-35,-1351,-341
-4,-1389,-204
38,-1418,-64
89,-1415,11
143,-1408,20
202,-1382,23
247,-1362,38
292,-1352,67
330,-1329,95
361,-1302,116
393,-1278,108
416,-1251,109
432,-1225,105
460,-1197,114
487,-1165,133
503,-1126,158
516,-1095,153
520,-1064,144
517,-1035,133
519,-1008,105
520,-978,88
529,-946,73
546,-916,51
562,-884,40
579,-850,31
597,-820,20
616,-786,10
632,-752,1
646,-723,-15
652,-694,-29
656,-666,-45
657,-645,-69
656,-624,-86
655,-605,-107
647,-588,-134
633,-576,-162
618,-561,-190
597,-558,-224
574,-552,-257
550,-544,-289
524,-541,-324
510,-531,-353
492,-523,-371
473,-517,-392
458,-512,-412
439,-508,-420
428,-512,-428
421,-506,-439
423,-498,-447
422,-492,-456
424,-487,-459
423,-478,-468
422,-469,-480
425,-464,-489
432,-459,-493
438,-459,-493
448,-468,-489
450,-476,-483
449,-489,-479
449,-503,-473
453,-518,-460
467,-531,-439
488,-540,-414
518,-545,-381
543,-555,-345
575,-563,-301
598,-572,-257
617,-586,-210
644,-593,-153
666,-594,-100
687,-592,-66
712,-583,-53
739,-570,-56
759,-565,-56
772,-571,-34
786,-585,13
790,-605,77
792,-616,141
801,-622,200
813,-617,263
835,-587,328
871,-542,379
918,-487,422
949,-420,465
959,-388,500
962,-386,522
946,-372,559
937,-349,582
939,-335,584
943,-347,577
954,-318,553
967,-308,533
972,-326,530
976,-336,529
976,-341,525
977,-331,527
975,-327,526
969,-326,524
966,-320,535
962,-296,538
957,-258,541
960,-221,544
967,-192,543
977,-153,528
987,-117,515
996,-76,497
1008,-24,483
1022,38,476
1033,102,468
1043,147,463
1051,201,460
1062,252,443
1067,301,415
1053,349,385
1041,385,349
1034,421,295
1039,438,267
1044,437,259
1059,418,253
1077,374,243
1107,314,239
1116,285,232
1118,280,237
1127,275,258
1133,256,280
1135,232,293
1141,204,290
1130,186,290
1135,191,267
1149,186,254
1164,174,264
1169,154,282
1174,147,284
1171,153,279
1163,159,279
1146,185,267
1140,207,251
1141,217,238
1132,234,231
1116,250,230
1093,259,238
1076,251,250
1055,226,272
1031,199,300
1009,175,314
969,103,384
940,42,424
912,-10,453
892,-67,468
875,-124,472
868,-181,464
856,-237,456
847,-288,452
841,-325,435
837,-361,415
837,-385,391
833,-401,375
833,-419,367
828,-429,357
828,-438,348
825,-441,333
823,-443,327
822,-451,319
817,-459,305
812,-463,289
802,-467,283
791,-471,270
781,-477,259
773,-481,249
764,-480,240
758,-475,236
750,-475,225
738,-480,207
727,-491,185
721,-496,157
710,-503,127
711,-498,111
715,-487,103
723,-480,92
728,-470,88
736,-452,86
746,-439,82
753,-434,84
757,-424,95
760,-413,107
772,-392,130
786,-357,161
799,-320,184
807,-285,217
814,-244,254
815,-210,286
812,-172,316
809,-131,348
800,-101,370
789,-74,394
779,-42,411
774,-22,420
769,-7,430
761,7,440
757,10,448
750,17,452
748,29,456
749,38,456
747,45,455
751,53,454
754,64,450
756,69,450
758,77,449
766,82,437
785,77,418
816,55,387
852,18,337
874,-16,281
895,-55,230
907,-101,188
914,-154,158
912,-206,148
897,-255,159
877,-301,203
855,-325,256
826,-344,303
811,-335,340
813,-308,368
816,-278,377
823,-252,371
830,-213,359
836,-192,350
844,-176,347
850,-156,343
856,-142,336
860,-122,325
865,-104,316
874,-96,305
878,-86,297
880,-76,300
881,-79,306
878,-84,322
875,-86,334
877,-86,337
877,-73,333
881,-60,328
879,-56,323
877,-50,325
873,-44,336
870,-45,347
865,-45,351
868,-39,346
877,-36,328
886,-28,304
894,-20,281
905,-23,258
907,-21,239
912,-15,228
912,-13,214
914,-7,200
917,1,187
918,3,175
917,4,166
917,4,161
918,-6,154
919,-19,148
920,-35,146
918,-57,139
918,-81,136
915,-102,132
916,-133,122
914,-156,104
911,-178,86
905,-207,56
900,-229,24
892,-248,-15
881,-265,-54
868,-282,-90
847,-297,-138
821,-322,-188
786,-342,-256
744,-352,-321
695,-359,-386
639,-360,-449
579,-357,-503
513,-352,-550
453,-341,-588
402,-328,-618
346,-313,-644
296,-290,-664
241,-258,-681
193,-233,-695
155,-212,-706
116,-183,-713
78,-156,-717
29,-130,-719
-20,-119,-715
-68,-126,-711
-124,-141,-699
-180,-157,-682
-245,-185,-655
-296,-211,-624
-342,-232,-599
-384,-263,-559
-418,-293,-522
-442,-329,-482
-451,-363,-451
-456,-387,-434
-456,-411,-412
-455,-442,-390
-445,-473,-363
-434,-498,-345
-426,-521,-333
-413,-542,-324
-402,-555,-316
-385,-571,-300
-383,-590,-271
-389,-601,-234
-388,-622,-186
-387,-634,-141
-377,-645,-102
-366,-655,-70
-358,-664,-45
-343,-669,-20
-326,-678,-1
-311,-687,4
-292,-691,9
-272,-702,10
-251,-710,3
-225,-718,-4
-199,-729,-10
-172,-738,-9
-165,-740,-16
-170,-738,-31
-179,-735,-45
-187,-730,-42
-189,-732,-29
-188,-732,-17
-191,-730,-22
-192,-733,-32
-197,-731,-51
-198,-731,-64
-198,-733,-80
-194,-737,-101
-188,-737,-123
-183,-741,-147
-181,-744,-171
-183,-744,-188
-185,-747,-203
-190,-742,-228
-199,-728,-259
-213,-714,-291
-229,-700,-313
-250,-689,-317
-269,-681,-322
-281,-667,-327
-291,-651,-347
-304,-630,-376
-310,-604,-405
-319,-577,-433
-327,-545,-462
-340,-519,-481
-356,-494,-494
-369,-472,-503
-384,-445,-512
-399,-420,-515
-410,-398,-522
-415,-375,-529
-416,-349,-542
-411,-325,-556
-402,-295,-576
-385,-259,-598
-366,-220,-615
-350,-188,-623
-335,-155,-624
-327,-116,-622
-313,-89,-619
-301,-89,-612
-287,-109,-609
-269,-110,-614
-249,-110,-617
-227,-123,-621
-209,-143,-622
-195,-166,-619
-184,-171,-622
-170,-184,-622
-161,-192,-623
-149,-193,-623
-142,-204,-622
-138,-221,-617
-138,-262,-603
-141,-288,-593
-140,-296,-587
-134,-305,-587
-131,-307,-589
-129,-312,-589
-122,-319,-589
-116,-318,-592
-112,-317,-593
-109,-321,-593
-105,-325,-592
-104,-321,-595
-107,-322,-593
-116,-318,-592
-130,-315,-589
-141,-306,-590
-160,-304,-589
-175,-305,-580
-187,-307,-573
-192,-296,-572
-195,-281,-575
-197,-273,-575
-195,-263,-578
-195,-257,-578
-190,-262,-577
-188,-266,-576
-184,-262,-577
-176,-262,-581
-174,-259,-582
-169,-257,-583
-168,-261,-585
-167,-261,-582
-169,-259,-582
-168,-265,-580
-167,-268,-579
-167,-264,-582
-170,-264,-583
-171,-264,-582
-178,-267,-579
-183,-269,-579
-188,-270,-576
-195,-276,-576
-201,-276,-574
-212,-282,-571
-218,-285,-567
-228,-290,-564
-234,-289,-562
-246,-286,-558
-260,-289,-550
-279,-287,-545
-296,-281,-538
-305,-265,-537
-313,-253,-537
-314,-235,-539
-312,-230,-539
-308,-227,-536
-304,-227,-534
-299,-237,-526
-299,-258,-512
-302,-283,-497
-308,-308,-483
-308,-331,-469
-304,-351,-457
-298,-362,-455
-288,-365,-459
-281,-374,-461
-274,-388,-458
-272,-399,-448
-275,-419,-434
-276,-432,-427
-279,-441,-423
-282,-455,-412
-288,-470,-396
-301,-480,-375
-314,-483,-362
-326,-484,-350
-336,-474,-356
-341,-435,-399
-336,-371,-457
-326,-325,-491
-309,-301,-513
-293,-299,-521
-284,-297,-523
-265,-280,-533
-244,-267,-545
-221,-250,-553
-204,-229,-564
-189,-206,-568
-177,-189,-572
-173,-178,-572
-179,-178,-572
-183,-189,-567
-184,-196,-562
-186,-199,-558
-186,-195,-559
-190,-191,-559
-187,-192,-559
-182,-202,-555
-186,-212,-550
-192,-228,-541
-199,-232,-537
-206,-224,-535
-211,-221,-533
-216,-216,-534
-220,-203,-537
-222,-194,-540
-225,-190,-538
-230,-182,-538
-234,-181,-539
-239,-178,-540
-242,-166,-545
-244,-153,-549
-249,-145,-552
-251,-144,-553
-250,-142,-558
-248,-147,-561
-248,-149,-565
-249,-153,-567
-250,-155,-570
-257,-160,-569
-268,-170,-572
-278,-174,-571
-285,-178,-571
-297,-185,-569
-308,-196,-570
-322,-207,-570
-333,-217,-565
-344,-220,-563
-353,-215,-564
-359,-206,-567
-360,-204,-574
-360,-208,-575
-354,-216,-581
-344,-224,-587
-331,-226,-593
-314,-231,-601
-294,-223,-609
-271,-213,-621
-247,-202,-634
-218,-196,-643
-183,-190,-653
-145,-189,-663
-114,-189,-669
-79,-188,-673
-38,-188,-677
6,-191,-678
49,-196,-677
95,-204,-674
141,-212,-666
185,-220,-655
234,-230,-642
276,-243,-625
308,-257,-606
341,-274,-587
371,-291,-565
389,-311,-540
403,-340,-515
413,-363,-495
423,-381,-469
435,-401,-438
442,-426,-407
447,-442,-375
453,-454,-349
453,-467,-327
451,-475,-311
444,-487,-298
443,-496,-285
443,-504,-272
444,-511,-263
445,-516,-253
441,-517,-246
445,-522,-235
453,-524,-227
455,-522,-221
460,-520,-219
465,-510,-222
471,-501,-220
477,-489,-219
482,-480,-217
488,-472,-212
491,-463,-215
495,-455,-219
496,-451,-221
497,-446,-227
497,-445,-234
498,-439,-241
498,-437,-252
501,-434,-262
505,-429,-270
511,-419,-281
516,-410,-293
530,-394,-299
546,-380,-301
556,-374,-306
563,-375,-304
571,-377,-303
573,-383,-310
570,-385,-318
569,-387,-323
566,-400,-323
566,-407,-320
564,-420,-318
565,-431,-310
568,-447,-300
569,-464,-288
572,-484,-276
575,-503,-258
577,-526,-238
574,-555,-216
571,-577,-196
565,-606,-185
553,-628,-178
545,-645,-171
536,-664,-171
528,-678,-177
525,-690,-175
523,-705,-171
520,-723,-166
526,-734,-153
533,-744,-147
537,-752,-144
556,-750,-136
579,-747,-130
591,-745,-121
606,-740,-108
618,-740,-105
627,-737,-106
634,-734,-107
638,-733,-110
639,-733,-111
647,-726,-106
654,-722,-105
658,-721,-104
664,-716,-103
670,-714,-101
673,-707,-100
683,-699,-95
692,-693,-91
691,-692,-93
691,-692,-91
691,-693,-89
690,-695,-95
689,-692,-97
688,-695,-99
684,-698,-106
686,-695,-110
684,-696,-114
682,-699,-115
681,-697,-112
677,-701,-111
673,-706,-111
668,-710,-106
655,-719,-100
634,-737,-88
609,-754,-69
584,-777,-50
551,-792,-32
525,-799,-3
500,-808,28
485,-807,51
485,-797,78
496,-783,93
510,-770,94
534,-749,84
560,-721,74
584,-698,52
608,-672,35
632,-653,19
648,-629,2
667,-599,-3
686,-570,-17
701,-547,-30
713,-524,-29
722,-508,-36
727,-496,-41
731,-483,-39
732,-475,-37
736,-470,-40
740,-462,-40
742,-460,-22
739,-467,3
747,-448,27
771,-413,48
794,-352,46
811,-309,25
826,-257,-43
829,-211,-111
832,-160,-161
832,-99,-203
833,-31,-220
835,59,-203
841,139,-166
843,201,-134
827,259,-120
814,300,-114
812,322,-76
819,324,-50
822,306,-45
832,277,-36
842,256,-9
855,232,16
853,217,40
853,208,66
851,194,73
853,184,73
848,186,78
840,190,88
833,190,91
834,189,93
827,195,95
815,197,88
808,212,85
797,233,78
786,247,68
775,263,66
761,280,57
749,293,55
736,311,46
722,326,23
706,341,13
684,359,6
676,371,-12
668,374,-23
666,379,-32
665,381,-38
667,376,-42
667,380,-31
666,383,-21
665,378,-26
663,377,-27
668,368,-27
673,363,-32
673,359,-35
674,356,-35
677,353,-32
678,350,-32
683,348,-35
683,343,-36
685,347,-37
688,346,-35
689,342,-43
692,343,-45
698,339,-42
708,331,-53
721,326,-60
734,317,-65
745,310,-66
755,307,-57
763,302,-50
768,305,-47
768,310,-34
768,318,-20
766,326,-12
764,328,-4
767,330,2
774,319,2
784,304,-6
794,286,-17
808,265,-27
821,241,-44
843,204,-64
858,161,-92
864,123,-117
874,82,-137
879,45,-154
886,9,-169
893,-13,-174
900,-24,-164
908,-26,-151
913,-28,-135
916,-31,-107
922,-24,-85
928,-19,-69
927,-12,-61
924,-2,-52
922,15,-42
919,23,-29
918,31,-19
917,39,-8
912,39,-2
913,38,-2
915,23,-10
916,2,-30
919,-17,-51
919,-25,-66
916,-35,-77
918,-36,-70
922,-27,-51
925,-17,-35
926,-4,-23
927,15,-17
926,27,-11
929,38,-1
934,38,6
936,31,6
940,27,6
940,24,-1
941,20,-2
940,28,-2
939,41,-4
933,53,-3
931,64,7
928,74,11
924,79,10
925,82,12
926,77,17
924,73,9
924,67,-5
926,47,-21
926,16,-40
929,-23,-48
929,-75,-33
917,-137,3
903,-205,58
885,-257,119
867,-295,186
843,-314,237
827,-330,256
818,-340,248
816,-339,227
809,-347,197
807,-357,162
806,-361,128
806,-366,83
800,-373,42
791,-385,-5
779,-394,-46
767,-408,-78
757,-421,-104
748,-429,-124
736,-436,-146
731,-434,-164
727,-432,-181
720,-434,-195
715,-436,-202
714,-434,-204
712,-439,-201
714,-437,-197
715,-441,-196
714,-440,-204
716,-435,-208
725,-426,-213
731,-419,-217
737,-415,-207
745,-417,-191
750,-419,-173
754,-420,-152
751,-426,-135
747,-437,-112
744,-445,-90
739,-451,-67
736,-455,-38
734,-448,-5
736,-434,25
738,-429,37
748,-421,45
761,-414,38
778,-407,31
795,-393,20
809,-378,0
816,-362,-34
828,-334,-81
844,-296,-125
862,-250,-154
879,-194,-160
893,-127,-163
905,-81,-151
916,-48,-134
922,-25,-123
925,-20,-116
931,-14,-108
932,-8,-97
933,2,-89
933,17,-75
935,32,-62
935,48,-52
936,64,-37
934,80,-22
934,95,-10
931,114,3
928,134,20
924,139,33
920,150,45
919,157,57
915,157,73
913,156,91
911,159,98
908,162,100
907,159,97
908,159,74
910,150,26
909,141,-24
907,120,-77
901,76,-135
895,7,-176
895,-91,-187
886,-191,-157
872,-267,-116
865,-321,-75
856,-351,-43
849,-363,-9
845,-364,-1
842,-362,-13
838,-359,-46
837,-352,-81
833,-340,-106
833,-328,-120
841,-321,-131
838,-313,-148
839,-303,-167
836,-286,-185
839,-269,-202
853,-245,-222
870,-215,-235
885,-184,-243
896,-142,-257
909,-105,-260
921,-77,-261
930,-52,-248
942,-28,-233
955,-5,-203
969,17,-178
979,38,-166
984,54,-148
988,66,-136
993,78,-130
1000,81,-127
1005,95,-112
1008,107,-99
1002,106,-111
994,99,-137
983,91,-171
966,74,-199
954,61,-222
944,49,-235
939,20,-239
937,-12,-234
934,-49,-213
940,-99,-169
942,-152,-108
947,-221,-48
937,-294,-17
914,-364,0
892,-431,10
870,-480,5
851,-514,-6
838,-530,-5
830,-535,-5
823,-538,-11
820,-535,-8
813,-527,-9
813,-514,-13
820,-506,-15
821,-498,-17
825,-486,-27
825,-477,-39
819,-482,-52
812,-489,-56
804,-488,-46
803,-480,-34
803,-467,-19
809,-457,-3
812,-445,6
814,-427,21
815,-413,32
809,-414,33
801,-410,42
803,-398,53
803,-384,62
802,-369,74
797,-349,86
796,-331,96
796,-310,110
796,-290,119
794,-273,118
789,-253,121
789,-232,128
790,-218,129
790,-205,132
788,-192,137
784,-184,140
782,-169,150
781,-155,156
780,-148,160
780,-138,167
780,-128,178
779,-133,174
779,-147,156
786,-178,115
777,-232,53
771,-316,13
730,-421,21
661,-519,57
608,-609,82
575,-682,76
541,-751,70
536,-792,59
560,-812,53
578,-834,67
607,-834,118
637,-819,197
654,-822,200
672,-823,182
710,-811,178
740,-797,168
746,-788,147
741,-774,153
728,-755,164
694,-738,150
647,-733,121
590,-733,77
556,-730,53
546,-721,40
546,-700,24
572,-666,-1
602,-612,-37
642,-551,-80
686,-489,-104
711,-427,-112
732,-373,-113
748,-316,-94
755,-276,-74
753,-254,-67
751,-231,-56
746,-222,-40
741,-224,-23
733,-224,6
724,-222,35
715,-230,72
705,-241,112
699,-261,156
688,-292,179
676,-323,193
670,-355,210
664,-385,219
658,-419,235
644,-446,257
634,-460,276
625,-471,304
619,-477,336
617,-473,366
614,-466,401
614,-461,434
608,-454,460
606,-444,489
599,-433,521
592,-431,542
580,-424,568
566,-418,593
547,-421,609
518,-428,620
490,-430,639
470,-434,646
455,-441,638
448,-449,620
449,-463,579
460,-475,529
469,-484,484
493,-495,429
528,-497,392
553,-497,364
571,-503,334
583,-502,323
590,-498,317
594,-490,312
598,-476,313
598,-461,317
601,-442,322
607,-421,332
608,-397,354
599,-373,380
593,-348,415
587,-324,451
573,-308,484
552,-293,520
528,-278,561
504,-267,594
482,-256,622
457,-254,648
430,-264,666
405,-270,673
396,-276,676
405,-283,660
460,-288,615
541,-294,533
648,-311,399
722,-342,253
746,-388,124
731,-473,22
687,-574,-49
626,-678,-113
567,-752,-159
528,-804,-190
501,-844,-208
489,-876,-186
490,-900,-97
507,-915,-7
536,-919,63
556,-917,102
574,-915,103
580,-911,100
581,-919,95
593,-926,73
607,-924,68
632,-910,56
664,-879,34
691,-856,26
709,-833,14
726,-806,23
706,-802,25
675,-797,0
639,-796,-19
590,-807,-49
546,-808,-92
516,-797,-134
482,-784,-184
483,-755,-219
509,-722,-232
538,-683,-229
575,-637,-215
616,-577,-182
647,-534,-144
668,-496,-116
680,-463,-87
681,-445,-63
679,-433,-38
676,-428,-18
668,-429,1
662,-432,21
662,-427,31
660,-434,30
658,-432,36
654,-429,49
647,-437,55
646,-442,61
647,-447,76
642,-449,79
645,-448,75
647,-442,77
649,-441,80
650,-439,83
649,-438,90
649,-437,88
653,-438,81
659,-437,75
660,-442,70
663,-450,74
668,-452,80
673,-461,81
684,-463,91
697,-463,108
705,-465,125
713,-464,153
720,-462,185
722,-460,216
719,-455,247
719,-444,285
715,-433,318
707,-419,351
708,-401,385
705,-380,415
706,-354,443
710,-325,474
712,-290,508
715,-262,539
712,-220,582
705,-191,620
706,-168,649
705,-144,686
709,-125,705
711,-107,727
717,-92,745
724,-95,751
722,-93,760
721,-94,769
718,-102,766
716,-104,757
711,-107,733
720,-133,672
709,-158,600
688,-181,502
659,-186,403
643,-167,317
648,-141,215
661,-115,119
659,-84,43
660,-72,4
653,-74,-6
642,-70,13
623,-65,33
613,-72,52
609,-76,52
606,-76,41
609,-88,34
616,-103,37
633,-117,41
649,-137,48
659,-148,57
669,-156,65
676,-169,71
689,-181,76
705,-188,83
718,-204,83
733,-225,85
745,-241,96
757,-263,103
765,-283,106
770,-291,107
775,-302,106
781,-312,105
784,-320,105
789,-330,108
791,-340,108
796,-347,109
797,-360,109
796,-374,113
799,-382,115
800,-392,119
799,-402,120
801,-406,124
801,-416,127
801,-423,130
805,-426,134
805,-435,133
807,-440,132
812,-437,131
817,-445,130
817,-452,130
822,-452,123
829,-451,108
836,-433,87
852,-403,56
872,-369,4
885,-303,-67
890,-215,-145
864,-121,-240
832,-37,-317
800,51,-374
760,137,-413
725,202,-433
699,247,-444
693,259,-446
689,264,-445
695,263,-439
703,257,-427
723,244,-403
734,239,-376
741,219,-354
748,194,-350
747,174,-357
751,146,-357
759,134,-347
767,139,-328
776,130,-306
786,121,-287
793,113,-267
800,109,-250
802,102,-236
807,91,-223
809,82,-213
815,70,-197
817,58,-191
823,41,-187
830,23,-176
836,8,-170
847,-16,-161
852,-40,-157
860,-55,-153
867,-68,-148
872,-84,-142
873,-100,-139
871,-125,-146
871,-151,-148
874,-164,-137
875,-182,-127
876,-209,-118
879,-231,-109
877,-254,-104
875,-277,-98
875,-299,-91
872,-326,-85
868,-348,-77
869,-357,-73
871,-367,-70
876,-362,-73
886,-331,-80
894,-296,-100
902,-259,-127
897,-207,-178
879,-148,-243
842,-81,-316
805,-6,-373
779,61,-411
747,129,-442
720,202,-467
694,260,-491
670,305,-509
650,346,-522
638,381,-526
629,411,-523
628,446,-506
630,460,-498
635,464,-502
643,463,-506
651,459,-508
657,448,-520
654,449,-536
655,460,-545
657,457,-560
660,449,-574
670,416,-587
667,396,-598
665,403,-592
674,408,-574
680,411,-556
671,416,-551
666,397,-556
669,376,-552
686,375,-529
701,378,-500
718,372,-477
727,363,-462
743,337,-442
767,319,-407
792,302,-361
821,271,-319
838,240,-295
847,212,-272
864,179,-243
876,149,-219
883,124,-199
892,96,-181
901,75,-159
904,57,-138
903,45,-127
891,35,-131
886,30,-144
882,12,-158
875,-17,-170
873,-38,-178
869,-57,-195
862,-73,-205
861,-71,-200
868,-67,-182
877,-76,-148
890,-83,-110
896,-88,-84
898,-94,-57
894,-100,-34
887,-128,-10
879,-154,11
877,-172,39
880,-191,70
883,-198,88
887,-200,111
886,-198,136
883,-197,164
881,-199,190
883,-198,201
883,-192,203
874,-186,225
869,-192,241
866,-204,247
867,-224,246
873,-245,241
878,-272,229
882,-291,217
884,-312,205
879,-336,197
867,-355,198
852,-376,194
836,-389,197
829,-383,211
819,-368,235
806,-358,262
783,-352,293
764,-366,310
751,-381,325
732,-395,338
722,-416,337
710,-446,324
695,-481,310
681,-521,285
659,-574,241
618,-636,197
579,-697,156
534,-744,141
481,-776,145
439,-804,160
405,-826,171
365,-843,173
341,-860,147
325,-874,104
311,-878,55
306,-877,18
304,-874,-16
291,-869,-36
276,-869,-42
260,-869,-57
239,-867,-69
218,-865,-77
203,-864,-81
184,-862,-86
170,-852,-91
149,-847,-98
121,-835,-114
88,-828,-134
52,-816,-159
22,-798,-191
-9,-777,-230
-36,-754,-274
-75,-727,-310
-112,-704,-337
-145,-685,-356
-178,-661,-373
-208,-642,-380
-234,-627,-385
-261,-616,-385
-281,-613,-378
-298,-614,-373
-313,-613,-368
-315,-615,-378
-304,-614,-404
-287,-612,-435
-274,-603,-477
-267,-579,-523
-270,-542,-565
-285,-508,-593
-302,-489,-601
-325,-486,-593
-349,-490,-574
-371,-498,-551
-388,-499,-536
-403,-498,-520
-419,-496,-505
-432,-496,-483
-445,-495,-470
-461,-494,-460
-478,-472,-455
-502,-441,-453
-522,-391,-454
-549,-328,-451
-571,-264,-445
-580,-190,-430
-579,-122,-415
-566,-62,-396
-546,-24,-378
-522,3,-363
-496,15,-358
-471,15,-358
-453,6,-370
-438,-4,-383
-421,-1,-399
-403,13,-418
-388,25,-435
-371,34,-450
-360,36,-461
-351,33,-469
-342,36,-478
-334,44,-485
-331,43,-493
-328,40,-499
-327,38,-507
-329,28,-515
-332,18,-524
-347,1,-531
-358,-20,-535
-371,-44,-537
-392,-84,-534
-421,-139,-520
-458,-205,-492
-486,-267,-458
-504,-322,-417
-516,-378,-364
-517,-435,-307
-513,-496,-240
-495,-546,-171
-466,-583,-109
-440,-610,-53
-418,-624,-5
-388,-631,57
-353,-635,132
-316,-633,210
-283,-616,287
-258,-609,316
-245,-608,316
-250,-611,293
-253,-622,282
-241,-613,311
-225,-592,354
-211,-579,387
-208,-580,389
-204,-579,385
-196,-575,392
-200,-579,383
-196,-594,361
-194,-608,340
-195,-614,319
-195,-625,294
-192,-627,291
-196,-621,294
-203,-620,289
-214,-624,271
-222,-630,241
-235,-632,209
-238,-639,177
-244,-639,162
-250,-635,160
-250,-636,149
-247,-640,134
-251,-640,126
-253,-642,115
-253,-643,111
-255,-641,110
-255,-641,113
-256,-642,113
-258,-642,112
-257,-644,112
-258,-642,110
-263,-639,105
-269,-640,92
-274,-639,86
-280,-635,79
-288,-633,69
-297,-627,54
-306,-622,49
-314,-616,52
-322,-610,49
-327,-605,68
-326,-601,87
-327,-604,90
-320,-608,92
-310,-614,93
-298,-623,102
-289,-629,116
-276,-639,127
-267,-650,127
-263,-660,119
-258,-675,104
-251,-693,84
-246,-714,61
-231,-739,39
-210,-762,20
-184,-782,2
-161,-797,-12
-136,-809,-23
-120,-817,-11
-107,-822,22
-96,-826,68
-88,-823,135
-76,-819,202
-81,-810,234
-93,-805,242
-104,-799,254
-106,-794,274
-108,-783,288
-90,-777,316
-61,-764,359
-17,-746,408
30,-720,464
66,-691,513
91,-679,533
100,-682,535
92,-691,527
81,-688,532
66,-690,525
57,-692,527
52,-688,532
41,-690,533
30,-677,550
21,-678,548
13,-683,549
10,-673,562
7,-674,560
9,-682,554
8,-688,549
1,-689,546
-21,-687,550
-62,-682,549
-115,-680,536
-182,-676,498
-248,-667,444
-317,-652,391
-381,-625,337
-440,-590,282
-495,-544,222
-542,-500,169
-576,-457,119
-604,-411,54
-618,-371,-12
-622,-329,-86
-616,-293,-157
-600,-259,-227
-569,-223,-302
-525,-193,-377
-465,-161,-458
-387,-134,-530
-303,-107,-588
-206,-85,-632
-103,-73,-663
9,-75,-678
109,-88,-679
192,-111,-665
274,-144,-638
342,-178,-603
405,-213,-557
448,-238,-518
486,-257,-483
514,-272,-446
537,-289,-406
557,-303,-363
576,-316,-318
599,-322,-277
618,-329,-228
630,-328,-182
636,-321,-134
644,-311,-83
655,-299,-34
658,-284,18
657,-276,69
647,-270,123
639,-265,169
634,-260,206
622,-262,244
610,-260,277
599,-262,308
590,-262,334
584,-263,360
575,-264,381
571,-265,398
563,-261,410
564,-258,424
568,-255,430
567,-261,437
567,-275,440
578,-298,428
587,-320,414
592,-335,402
604,-349,388
611,-353,377
624,-363,358
633,-377,340
640,-392,328
652,-405,311
662,-416,300
673,-426,284
684,-432,285
688,-442,288
694,-450,289
703,-460,288
704,-471,283
701,-482,283
702,-490,283
701,-498,278
700,-514,263
698,-529,242
694,-549,211
689,-566,179
684,-582,153
677,-600,122
667,-618,89
662,-632,56
655,-645,21
652,-651,-19
653,-652,-56
647,-650,-95
650,-646,-125
654,-641,-146
651,-644,-165
644,-649,-178
639,-653,-192
627,-662,-208
616,-674,-221
610,-680,-234
603,-687,-247
594,-692,-258
588,-694,-275
584,-699,-291
585,-697,-302
584,-694,-310
581,-692,-318
578,-686,-328
576,-681,-336
576,-682,-344
573,-679,-347
575,-676,-343
577,-682,-340
579,-680,-337
579,-680,-338
578,-683,-339
581,-685,-336
583,-679,-334
586,-678,-329
588,-676,-325
592,-670,-323
594,-669,-318
596,-663,-315
601,-656,-312
606,-652,-307
610,-647,-305
615,-637,-302
616,-632,-297
617,-625,-295
619,-617,-291
616,-612,-286
615,-608,-280
611,-601,-274
603,-601,-268
594,-601,-262
588,-601,-257
579,-602,-247
575,-604,-235
575,-596,-224
571,-593,-216
570,-584,-208
570,-580,-207
563,-579,-216
556,-578,-228
549,-577,-238
539,-583,-243
528,-592,-248
523,-595,-249
520,-598,-250
522,-600,-254
526,-602,-261
523,-601,-274
520,-603,-283
517,-607,-297
513,-612,-308
506,-615,-322
503,-619,-338
496,-627,-346
490,-633,-351
486,-642,-359
476,-656,-364
465,-665,-369
459,-673,-369
455,-681,-364
455,-688,-360
458,-694,-358
463,-700,-350
468,-706,-345
474,-713,-343
487,-716,-336
509,-713,-330
533,-713,-322
566,-702,-308
608,-686,-293
644,-661,-279
676,-642,-263
716,-611,-242
753,-580,-227
776,-556,-219
794,-534,-208
810,-520,-194
823,-510,-174
833,-509,-152
836,-508,-137
838,-515,-127
839,-510,-123
843,-504,-121
849,-496,-107
857,-486,-89
870,-468,-73
879,-451,-48
882,-431,-23
892,-409,2
897,-392,25
895,-387,49
892,-385,74
886,-391,104
878,-395,131
870,-400,157
857,-414,189
843,-424,224
834,-425,260
825,-422,286
826,-408,301
842,-382,298
859,-346,274
873,-314,237
884,-292,217
889,-278,209
888,-261,189
889,-233,173
876,-216,175
866,-209,172
854,-214,160
842,-227,148
832,-237,136
825,-256,126
819,-267,114
817,-264,103
816,-256,96
814,-262,87
811,-275,75
809,-276,69
807,-282,63
803,-293,59
804,-295,60
805,-296,58
808,-297,54
809,-294,56
813,-294,56
817,-290,63
823,-284,73
831,-277,78
839,-272,80
849,-258,89
859,-247,97
869,-238,103
881,-227,111
890,-215,114
900,-203,112
915,-185,105
927,-165,86
940,-160,73
951,-154,54
960,-144,22
967,-125,-7
972,-101,-34
977,-79,-48
982,-62,-64
984,-62,-77
988,-63,-86
992,-63,-89
995,-69,-100
994,-69,-107
997,-73,-105
1001,-73,-104
1004,-82,-99
1008,-87,-91
1010,-93,-86
1014,-109,-85
1013,-122,-82
1017,-119,-87
1020,-108,-98
1024,-112,-98
1023,-130,-98
1023,-144,-99
1026,-157,-99
1025,-172,-103
1025,-179,-106
1025,-184,-105
1025,-184,-105
1023,-193,-106
1021,-196,-107
1024,-192,-108
1023,-188,-107
1023,-185,-104
1022,-173,-100
1023,-155,-95
1026,-138,-86
1025,-123,-81
1025,-107,-80
1019,-98,-85
1016,-83,-93
1013,-75,-101
1009,-63,-103
1007,-44,-101
1002,-33,-105
996,-33,-111
992,-35,-117
987,-40,-118
984,-54,-107
985,-67,-103
982,-87,-96
975,-98,-83
971,-108,-66
966,-119,-54
960,-134,-42
953,-146,-29
945,-164,-21
933,-189,-11
925,-208,-6
913,-231,-3
903,-247,-4
895,-254,-3
888,-255,-5
881,-250,-8
874,-249,-6
866,-254,2
855,-260,10
846,-262,18
834,-271,24
822,-283,34
815,-286,39
813,-289,40
809,-290,41
805,-290,45
802,-282,46
806,-272,46
811,-258,46
809,-252,44
810,-248,43
811,-239,47
811,-237,49
808,-244,52
805,-244,58
808,-239,57
803,-243,54
802,-243,55
800,-240,44
797,-242,25
794,-247,8
802,-242,-10
812,-223,-13
822,-204,-11
830,-205,-3
832,-217,17
844,-225,48
854,-241,81
862,-257,110
877,-258,139
890,-256,155
903,-257,159
911,-263,163
913,-275,161
912,-285,156
914,-290,147
916,-291,126
919,-287,98
927,-274,67
933,-261,25
936,-244,-19
936,-223,-62
936,-214,-93
937,-205,-114
937,-190,-133
936,-182,-142
933,-178,-142
934,-173,-139
935,-168,-136
934,-166,-133
935,-162,-134
934,-154,-144
932,-151,-159
927,-150,-187
917,-159,-226
906,-154,-261
899,-131,-298
892,-106,-317
892,-68,-337
884,-23,-363
872,11,-395
852,33,-436
833,42,-485
809,39,-532
786,31,-574
766,27,-601
748,16,-619
735,7,-625
725,7,-631
710,-6,-638
698,-20,-645
680,-35,-657
658,-51,-679
633,-70,-707
596,-99,-745
559,-134,-784
505,-176,-828
447,-198,-862
387,-212,-887
314,-231,-905
236,-272,-908
154,-328,-895
88,-385,-875
35,-429,-855
-5,-455,-835
-33,-476,-817
-52,-486,-798
-69,-500,-786
-82,-519,-775
-92,-531,-763
-100,-541,-753
-104,-545,-746
-107,-549,-741
-111,-559,-738
-103,-570,-735
-88,-576,-736
-68,-574,-742
-57,-561,-751
-69,-541,-763
-92,-521,-765
-124,-529,-752
-162,-556,-718
-192,-598,-672
-211,-631,-634
-232,-641,-613
-241,-635,-610
-249,-626,-609
-260,-633,-601
-266,-643,-590
-271,-650,-585
-282,-650,-586
-282,-651,-588
-282,-651,-592
-281,-651,-601
-271,-647,-616
-277,-625,-637
-281,-589,-659
-291,-548,-672
-309,-502,-685
-321,-448,-694
-332,-407,-696
-335,-372,-689
-335,-337,-688
-340,-295,-692
-341,-246,-694
-345,-203,-693
-348,-175,-688
-346,-170,-684
-338,-165,-683
-320,-164,-685
-298,-167,-692
-272,-180,-701
-240,-193,-711
-208,-195,-718
-177,-187,-728
-147,-176,-733
-115,-158,-739
-98,-144,-740
-95,-138,-740
-90,-147,-742
-83,-146,-739
-79,-144,-741
-75,-144,-744
-75,-146,-743
-76,-150,-747
-75,-149,-750
-72,-148,-753
-68,-142,-760
-67,-133,-770
-80,-140,-774
-117,-179,-771
-168,-230,-763
-228,-225,-759
-275,-170,-768
-305,-92,-777
-333,-34,-780
-372,11,-787
-405,14,-782
-432,-3,-770
-457,9,-765
-473,31,-763
-496,55,-761
-509,48,-763
-517,19,-762
-527,-11,-760
-519,-19,-766
-524,4,-760
-540,16,-744
-545,14,-743
-532,11,-750
-517,23,-761
-504,15,-777
-488,17,-784
-477,23,-789
-465,25,-797
-450,37,-801
-439,47,-806
-428,71,-807
-416,104,-809
-405,116,-811
-390,124,-817
-372,132,-821
-356,149,-825
-345,169,-827
-326,187,-829
-302,214,-832
-271,240,-833
-242,260,-835
-218,273,-836
-200,276,-841
-180,274,-844
-171,275,-844
-157,275,-845
-143,269,-852
-132,239,-863
-120,212,-873
-108,188,-882
-75,202,-882
-48,235,-876
-30,260,-870
-21,261,-868
-16,292,-860
-18,307,-855
-14,319,-852
-3,335,-846
3,352,-841
6,384,-831
11,416,-818
10,438,-803
1,464,-795
-7,486,-782
-17,513,-765
-25,535,-752
-30,556,-737
-33,579,-720
-41,591,-709
-49,606,-698
-55,619,-689
-58,628,-682
-61,634,-678
-62,639,-673
-51,645,-670
-36,656,-659
-34,667,-650
-33,671,-645
-28,672,-645
-14,680,-636
5,700,-613
17,708,-608
24,718,-594
28,730,-578
14,727,-582
2,716,-595
-4,725,-584
-15,722,-585
-33,697,-614
-53,658,-654
-68,581,-717
-90,504,-774
-115,403,-825
-154,254,-874
-210,27,-897
-274,-183,-868
-326,-275,-838
-316,-265,-841
-284,-234,-864
-260,-189,-858
-256,-199,-856
-254,-230,-868
-253,-246,-864
-248,-259,-863
-247,-259,-850
-241,-267,-850
-224,-274,-860
-209,-265,-864
-198,-254,-873
-190,-228,-877
-172,-207,-885
-147,-192,-894
-124,-179,-897
-82,-160,-899
-23,-156,-895
35,-130,-892
110,-120,-881
208,-90,-858
318,-3,-814
440,150,-721
576,292,-548
680,346,-328
755,284,-90
780,158,97
788,-15,245
766,-151,287
731,-251,272
705,-336,258
683,-397,256
655,-444,259
631,-471,277
617,-486,299
607,-497,309
608,-496,310
600,-491,298
605,-486,289
617,-483,286
625,-468,289
627,-461,289
625,-459,286
622,-467,280
623,-478,270
623,-485,259
618,-498,251
608,-513,239
604,-520,233
601,-522,233
594,-524,232
592,-527,229
586,-523,226
585,-518,219
585,-517,212
580,-517,210
577,-517,211
573,-513,219
558,-517,229
534,-535,235
501,-562,244
468,-583,252
438,-612,254
417,-632,250
391,-645,250
370,-656,258
350,-665,270
328,-671,278
310,-678,282
297,-685,282
290,-687,277
289,-690,272
293,-690,264
315,-682,259
351,-667,258
378,-651,256
402,-637,252
420,-631,243
429,-631,234
433,-628,230
446,-621,232
459,-614,234
474,-600,235
490,-593,231
500,-589,223
512,-584,217
523,-579,214
535,-576,209
544,-575,208
556,-570,210
567,-569,208
580,-563,207
599,-553,211
610,-541,215
611,-542,217
607,-552,212
601,-565,207
588,-580,201
578,-592,199
569,-601,199
554,-617,197
543,-632,189
533,-650,179
525,-662,170
524,-672,161
524,-678,154
534,-678,151
544,-669,151
566,-656,148
588,-639,144
598,-628,139
596,-631,136
593,-630,130
592,-627,130
591,-621,131
597,-609,133
611,-597,132
623,-583,125
634,-570,114
652,-561,99
670,-549,87
685,-535,77
699,-525,70
709,-516,68
727,-502,70
753,-469,87
778,-425,110
789,-388,126
791,-373,129
785,-373,126
775,-379,125
765,-389,118
759,-413,101
749,-424,93
740,-436,96
734,-450,96
728,-464,96
725,-480,89
723,-494,82
723,-504,76
724,-513,77
729,-517,88
736,-516,108
742,-506,134
739,-512,156
719,-540,171
686,-586,176
664,-628,164
644,-656,157
621,-688,151
596,-730,122
567,-776,72
534,-832,18
493,-884,-49
447,-929,-116
408,-972,-191
377,-992,-288
348,-984,-391
343,-957,-469
359,-924,-523
373,-890,-542
381,-863,-548
384,-827,-556
390,-812,-557
400,-801,-564
419,-785,-564
438,-768,-562
472,-765,-526
501,-783,-479
517,-783,-462
529,-753,-480
559,-738,-477
570,-729,-467
580,-727,-461
593,-707,-477
596,-687,-498
592,-692,-504
560,-739,-494
507,-856,-389
439,-968,-149
356,-1010,9
274,-1026,-23
201,-1044,-54
123,-1031,-112
41,-1004,-160
-18,-988,-103
-72,-967,-64
-115,-950,27
-148,-927,63
-173,-903,47
-194,-884,86
-222,-864,135
-259,-847,200
-300,-829,220
-342,-806,193
-382,-787,170
-419,-766,149
-461,-746,141
-474,-731,157
-470,-721,180
-469,-719,209
-467,-715,236
-464,-720,274
-471,-713,281
-482,-705,272
-495,-698,272
-503,-682,282
-506,-671,289
-513,-663,273
-516,-658,245
-514,-653,215
-509,-650,198
-499,-649,171
-492,-651,158
-479,-650,159
-463,-654,151
-447,-659,149
-434,-668,150
-416,-674,157
-395,-677,170
-375,-686,179
-351,-693,184
-325,-705,186
-293,-715,189
-264,-721,203
-242,-726,217
-229,-734,204
-219,-741,177
-212,-744,154
-204,-748,144
-185,-748,155
-166,-749,168
-144,-753,171
-125,-761,140
-106,-771,95
-84,-781,52
-60,-787,16
-36,-791,-26
-18,-795,-54
-3,-802,-78
12,-803,-112
17,-802,-149
15,-799,-191
7,-785,-244
-16,-759,-312
-39,-721,-382
-66,-680,-440
-97,-635,-494
-124,-590,-536
-149,-536,-576
-178,-470,-612
-219,-405,-636
-265,-353,-642
-314,-330,-623
-355,-317,-598
-387,-287,-584
-407,-253,-576
-425,-230,-560
-437,-219,-545
-442,-216,-527
-444,-219,-510
-440,-220,-499
-434,-225,-492
-425,-222,-492
-414,-219,-493
-402,-218,-498
-395,-197,-511
-386,-174,-518
-380,-149,-531
-374,-107,-544
-365,-76,-554
-342,-41,-573
-284,2,-595
-231,49,-613
-197,76,-621
-163,71,-627
-136,60,-630
-101,52,-628
-63,65,-628
-22,91,-626
19,104,-623
75,118,-617
134,150,-602
176,183,-586
200,190,-584
188,185,-595
156,185,-608
82,175,-626
16,154,-642
-36,134,-648
-90,114,-643
-123,102,-637
-142,79,-633
-138,59,-634
-120,60,-641
-76,84,-642
-17,121,-635
45,143,-626
81,152,-619
98,150,-617
91,132,-627
72,98,-641
44,78,-652
36,81,-653
47,80,-650
60,98,-642
73,125,-633
88,137,-624
108,163,-613
127,196,-597
144,228,-580
160,263,-559
186,297,-541
208,309,-545
221,309,-557
214,297,-584
201,279,-610
188,254,-640
175,225,-663
155,198,-683
124,168,-701
88,148,-710
52,137,-719
22,140,-715
-3,148,-708
-35,152,-702
-61,155,-690
-90,167,-676
-119,179,-662
-148,185,-647
-173,193,-631
-188,207,-617
-192,219,-608
-171,254,-605
-140,312,-588
-103,355,-570
-78,371,-564
-49,393,-554
-30,407,-545
-24,423,-524
-29,431,-509
-52,414,-514
-86,392,-521
-120,360,-529
-142,325,-541
-161,304,-544
-177,285,-548
-175,271,-554
-171,261,-559
-179,233,-580
-174,194,-602
-144,204,-617
-86,246,-620
-28,280,-623
19,297,-628
66,312,-629
106,315,-630
144,304,-635
181,305,-630
225,313,-620
272,317,-601
311,328,-576
329,352,-539
314,365,-528
294,375,-526
248,373,-535
194,353,-557
126,323,-587
98,300,-598
87,311,-582
76,337,-562
63,352,-548
52,378,-532
25,393,-521
-10,385,-522
-53,361,-534
-102,315,-555
-146,254,-573
-167,185,-592
-184,121,-610
-198,69,-616
-209,13,-627
-197,-35,-634
-163,-40,-645
-123,-25,-661
-44,4,-666
47,57,-659
153,137,-638
217,190,-616
252,218,-600
270,263,-587
261,303,-575
222,320,-580
171,315,-593
131,312,-600
76,298,-608
28,269,-620
-33,222,-634
-76,169,-642
-106,114,-648
-125,59,-651
-126,38,-651
-100,46,-653
-61,79,-650
-21,114,-643
11,136,-633
39,154,-621
75,178,-610
103,201,-602
124,221,-603
144,234,-608
161,237,-622
174,231,-642
193,227,-658
221,217,-670
256,172,-682
285,85,-696
306,-44,-702
306,-229,-677
318,-425,-591
351,-498,-522
382,-463,-528
419,-472,-486
450,-481,-450
478,-460,-439
511,-444,-406
534,-435,-372
556,-442,-320
571,-435,-292
581,-420,-280
586,-419,-265
589,-419,-254
587,-427,-239
590,-426,-229
601,-416,-222
607,-414,-217
611,-414,-207
614,-418,-196
618,-419,-187
621,-422,-178
620,-427,-167
618,-434,-166
613,-439,-165
610,-440,-160
605,-439,-150
598,-438,-142
591,-439,-138
581,-441,-133
572,-445,-128
565,-448,-126
558,-454,-123
551,-456,-121
547,-461,-118
544,-463,-119
540,-463,-126
539,-462,-134
537,-459,-144
535,-456,-153
535,-453,-165
540,-440,-179
546,-430,-192
549,-419,-210
546,-406,-231
549,-404,-242
550,-407,-246
550,-408,-255
546,-413,-269
541,-425,-277
530,-432,-290
513,-438,-307
506,-442,-323
501,-437,-340
497,-431,-356
498,-426,-369
504,-417,-380
511,-412,-391
522,-402,-400
533,-391,-407
543,-379,-425
551,-368,-438
560,-365,-448
565,-371,-442
582,-365,-433
603,-345,-412
626,-331,-387
653,-322,-350
681,-319,-312
706,-322,-273
723,-331,-237
728,-348,-207
727,-366,-193
722,-386,-209
711,-400,-243
690,-418,-283
669,-441,-318
645,-466,-344
615,-492,-377
585,-524,-399
571,-545,-410
573,-559,-418
581,-577,-417
593,-590,-415
608,-602,-412
629,-612,-407
647,-626,-402
656,-643,-401
668,-663,-393
682,-686,-371
686,-702,-361
704,-707,-345
722,-705,-325
744,-701,-303
757,-679,-314
756,-662,-346
750,-681,-328
746,-705,-294
743,-714,-286
729,-739,-276
704,-770,-267
679,-792,-266
650,-824,-258
629,-837,-274
605,-843,-302
580,-841,-327
574,-831,-330
583,-813,-309
607,-775,-294
642,-719,-259
690,-639,-232
744,-553,-220
788,-448,-208
818,-334,-212
815,-199,-232
806,-55,-274
785,77,-333
711,192,-414
606,241,-516
479,213,-632
390,129,-713
328,50,-764
283,8,-787
256,-12,-799
252,-27,-790
238,-38,-794
209,-50,-810
190,-77,-812
172,-109,-811
167,-157,-798
150,-193,-790
120,-222,-787
99,-255,-775
79,-279,-764
66,-293,-750
47,-293,-743
