452,805,332
443,848,390
424,758,470
440,817,388
451,815,387
448,809,421
418,819,427
392,811,419
365,801,413
377,820,410
379,817,417
378,812,437
378,810,446
386,812,459
398,816,472
395,826,501
380,807,505
359,824,496
341,856,501
344,896,527
344,897,520
333,953,533
401,908,506
557,871,461
627,825,525
678,718,576
708,620,539
717,499,498
718,431,488
668,555,430
559,641,409
430,546,428
300,600,615
167,602,676
20,396,700
-86,319,828
-123,428,839
-113,558,824
-179,549,736
-183,596,787
-82,976,747
-60,1266,886
-82,972,784
-82,814,677
-79,725,618
91,756,603
267,747,555
312,808,667
236,764,677
449,681,610
620,463,481
698,468,383
884,505,386
813,411,448
704,442,518
661,518,579
658,565,641
657,630,645
660,464,570
675,452,417
757,558,272
810,640,175
824,594,133
767,549,205
832,533,346
889,448,283
922,469,267
895,551,354
856,587,297
811,609,323
767,547,264
728,576,283
721,595,196
704,547,135
688,539,243
750,819,396
752,633,376
778,519,274
759,551,310
668,615,485
578,410,447
664,591,315
608,713,560
624,689,543
616,664,466
523,686,581
486,904,535
412,1028,377
355,979,313
334,1049,276
289,1180,189
197,1140,355
181,1002,413
164,1023,390
145,1102,347
134,1049,353
124,1007,349
110,869,152
96,809,22
86,984,-19
135,935,-10
-3,1102,219
-23,847,99
-70,891,117
-17,859,-29
65,900,-105
61,910,16
35,816,95
-24,845,64
189,688,24
41,845,-76
52,954,-61
65,925,-24
54,958,-9
24,916,14
21,839,68
16,844,161
59,903,115
87,1125,-33
160,1094,6
266,1192,-132
367,1465,-289
420,1576,-382
466,1053,-348
343,821,-59
74,663,213
-189,719,350
-489,501,506
-676,506,535
-939,686,698
-950,787,582
-766,752,455
-507,885,697
-336,650,673
-322,649,689
-309,561,739
-365,524,710
-421,550,769
-625,548,1009
-685,425,756
-743,836,782
-781,938,805
-693,780,742
-626,688,777
-540,524,759
-480,445,693
-435,405,693
-333,345,617
-313,403,594
-372,452,651
-365,487,567
-415,577,538
-483,667,565
-563,626,601
-576,680,659
-496,668,718
-456,717,691
-394,681,629
-307,664,648
-256,657,666
-212,648,679
-149,587,663
-92,591,651
-62,632,610
-25,605,586
30,624,537
65,757,511
17,939,659
32,943,758
111,879,758
115,800,746
82,881,761
86,896,739
60,778,638
70,660,579
114,590,571
146,586,598
176,627,581
189,684,677
205,663,793
204,588,721
185,688,773
191,686,887
160,654,939
166,639,916
200,698,889
138,709,949
42,643,935
0,600,959
54,539,948
174,442,860
257,442,770
269,520,740
286,453,732
243,435,704
184,507,706
208,485,732
219,392,800
250,272,797
251,242,853
249,225,893
251,226,957
398,230,1027
531,144,988
427,292,1059
260,471,1073
92,542,1042
83,502,1060
172,482,1169
250,354,1178
271,261,1068
194,467,1004
214,500,959
219,478,899
235,421,809
133,583,736
50,413,598
54,301,609
179,227,736
257,223,919
286,276,1005
269,248,913
239,177,868
311,170,940
422,141,911
412,157,894
490,176,852
447,169,746
352,163,746
339,-7,737
392,-116,700
422,68,814
412,30,856
349,36,892
330,165,888
420,74,891
450,10,820
457,109,913
467,102,932
404,51,876
500,63,1001
479,86,905
498,59,824
452,37,978
412,-100,920
404,-25,828
279,-49,817
157,104,846
94,325,835
38,463,722
37,531,891
32,135,835
277,-323,528
412,-455,390
512,-346,251
331,-481,584
199,-322,704
-126,243,970
-194,1006,838
-448,1340,1341
-188,965,1468
68,415,882
65,966,886
151,1028,1056
172,966,835
53,919,676
50,797,484
-146,588,264
-419,715,286
-255,858,6
-207,892,-176
-200,1033,-195
-198,1028,88
-284,1015,169
-555,691,500
-562,652,743
-616,505,724
-739,515,841
-810,562,783
-1052,554,797
-993,902,832
-840,421,810
-739,285,883
-629,202,949
-487,281,709
-502,330,543
-666,802,755
-768,629,577
-612,800,535
-471,1167,201
-475,637,588
-514,283,661
-518,388,624
-595,424,449
-805,573,163
-718,692,305
-679,642,423
-796,700,635
-878,696,889
-820,607,892
-714,310,748
-614,148,669
-483,350,698
-496,393,745
-396,205,770
-452,390,846
-395,430,838
-376,275,777
-395,327,766
-339,352,700
-219,200,616
-203,278,647
-72,514,479
-54,624,655
-135,787,826
-55,908,1056
-318,767,1054
-685,515,811
-641,470,574
-501,628,510
-367,679,679
-378,668,803
-343,741,809
-344,729,625
-331,616,511
-338,635,691
-245,633,768
-273,520,750
-378,880,701
-592,999,453
-625,899,431
-670,871,484
-542,707,412
-425,737,189
-334,921,-65
-155,1041,-484
-40,1264,-787
188,1148,-789
216,1114,-661
173,1074,-236
121,1009,-57
58,960,13
-129,923,132
-68,1114,145
-87,1259,-62
-43,1113,-81
-111,973,-40
-167,737,-120
-139,732,-23
-170,952,9
-181,962,-59
-133,995,-33
-149,1049,-35
-141,1070,-43
-165,1033,149
-171,982,254
-104,967,266
-48,987,183
-40,854,141
-67,758,137
-60,809,79
-145,837,-32
-192,781,-138
-179,882,-125
-205,1114,-160
-327,1126,-86
-429,767,-114
-513,768,-50
-713,871,87
-813,843,111
-849,1079,134
-832,960,114
-727,820,133
-504,958,137
-406,1013,108
-468,984,252
-501,875,162
-546,930,114
-484,898,19
-406,754,-4
-385,717,8
-519,916,76
-709,1193,128
-647,707,197
-432,552,179
-393,853,88
-381,919,76
-310,795,100
-481,949,248
-692,1084,375
-703,646,397
-775,666,270
-873,745,195
-914,872,33
-934,898,73
-953,904,177
-999,688,346
-1003,799,391
-856,833,474
-543,597,189
-136,1191,-416
109,1269,-618
28,638,-250
119,619,51
56,1417,141
-177,259,598
-452,259,184
-404,1237,-279
-320,1057,-106
-306,820,-32
-245,875,-117
-301,942,-19
-206,960,30
-288,891,108
-293,767,291
-282,693,82
-323,798,-67
-487,660,186
-537,804,-31
-694,1019,61
-774,805,108
-754,732,21
-715,791,275
-704,493,195
-825,802,112
-1063,921,261
-1103,512,266
-1056,621,311
-946,830,383
-901,701,425
-808,492,331
-700,704,282
-720,652,348
-783,485,300
-874,624,153
-968,833,249
-1198,341,402
-1302,246,426
-1174,554,345
-1183,522,377
-1166,484,314
-1151,727,287
-1092,889,283
-879,836,141
-871,857,164
-953,963,325
-913,1072,308
-996,1177,415
-1048,1233,618
-820,1047,446
-591,936,326
-218,509,308
117,393,161
148,521,19
190,13,125
151,89,492
140,334,-14
22,335,-68
-218,417,277
-511,404,610
-822,633,934
-745,836,916
-574,161,668
-283,161,450
-466,640,528
-559,631,772
-558,817,984
-677,740,1016
-471,419,441
-460,516,432
-733,397,666
-647,294,787
-732,12,756
-701,225,961
-589,555,806
-646,302,558
-645,444,457
-730,298,667
-717,6,720
-788,226,650
-883,-19,740
-875,-227,586
-957,-313,597
-924,598,689
-948,104,732
-805,-135,756
-655,-195,520
-759,-165,498
-714,-170,537
-614,-480,380
-666,-179,392
-710,-73,573
-632,-76,852
-491,-308,406
-859,161,196
-783,423,563
-546,259,636
-696,157,467
-986,306,813
-815,-5,1119
-591,218,707
-758,545,701
-873,695,250
-703,24,931
-810,97,730
-954,341,938
-843,453,817
-824,556,858
-569,460,727
-524,424,432
-659,521,155
-913,729,14
-795,726,-148
-740,746,-198
-764,906,-76
-885,1073,-10
-1061,1039,-16
-1344,1061,-94
-1498,918,-251
-1466,712,-199
-1303,579,-30
-1084,519,167
-909,497,238
-781,425,300
-655,417,325
-560,396,276
-508,461,303
-420,589,423
-373,700,535
-486,915,691
-624,933,738
-665,761,694
-635,592,734
-492,487,789
-326,459,755
-189,498,729
-139,562,673
-123,492,620
-110,386,638
-137,309,662
-271,292,709
-491,356,779
-720,436,711
-671,470,716
-389,536,656
-254,675,745
-213,465,832
-329,358,764
-743,541,766
-889,486,643
-711,428,495
-597,456,486
-443,641,537
-517,619,862
-461,424,613
-520,665,587
-449,752,470
-373,1002,281
-435,888,359
-462,712,353
-508,722,413
-647,679,563
-637,765,590
-709,997,579
-767,793,519
-679,672,598
-741,681,482
-880,686,526
-927,794,352
-920,1159,429
-860,1504,774
-553,1152,627
-352,892,740
-280,779,898
-125,859,797
-133,485,626
-103,573,628
53,539,378
23,666,398
47,600,364
66,454,340
58,448,470
152,477,384
121,404,528
141,507,526
12,771,498
-169,831,618
-170,819,572
-139,843,463
-250,783,568
-213,699,596
-214,779,572
-181,743,472
-188,738,560
-199,698,588
-168,717,472
-209,766,473
-225,709,573
-186,706,625
-165,795,628
-165,912,559
-204,862,501
-320,1038,591
-326,1275,428
-523,1578,334
-524,1569,240
-354,1160,152
-294,1082,216
-289,1049,243
-315,1015,268
-299,857,272
-256,747,282
-245,653,310
-223,620,289
-225,531,315
-255,597,403
-279,728,414
-254,765,372
-282,901,348
-291,941,342
-251,1021,423
-223,1020,393
-253,1058,360
-420,1170,313
-489,1016,231
-547,850,216
-534,808,190
-488,712,198
-426,714,178
-452,651,190
-475,709,206
-454,840,267
-403,756,148
-436,833,129
-497,907,226
-465,891,178
-489,860,97
-543,794,104
-568,781,131
-532,845,162
-563,852,201
-586,893,142
-519,809,83
-463,758,86
-453,790,127
-408,890,89
-362,862,101
-352,887,86
-365,946,32
-402,899,6
-408,868,-8
-436,908,43
-497,906,78
-527,914,25
-557,923,42
-549,857,74
-525,876,63
-487,894,55
-464,790,33
-408,764,44
-407,703,44
-473,712,82
-524,655,74
-513,710,72
-531,771,81
-620,762,124
-721,807,112
-813,861,106
-877,824,120
-885,780,31
-942,870,21
-922,778,62
-833,668,119
-695,784,65
-679,717,34
-665,709,118
-646,749,73
-614,755,-17
-638,763,-1
-709,741,44
-762,700,-17
-748,754,-169
-821,841,-63
-814,762,-39
-739,722,-51
-731,796,-56
-715,811,-34
-628,706,-150
-639,706,-246
-666,703,-235
-601,700,-215
-585,719,-213
-612,672,-209
-687,752,-207
-746,777,-145
-777,733,-59
-767,742,-19
-778,712,-17
-748,741,7
-697,756,12
-620,759,26
-526,740,-6
-390,770,-102
-398,756,-97
-428,779,-88
-469,768,-153
-535,786,-186
-594,785,-122
-686,788,-113
-741,798,-127
-780,814,-63
-845,827,-8
-860,874,9
-793,846,138
-722,866,256
-632,896,216
-533,899,205
-431,932,123
-416,822,86
-474,848,12
-580,881,-68
-627,664,-90
-774,560,-24
-800,726,30
-741,792,-60
-745,834,-36
-756,783,-8
-777,748,86
-714,734,103
-593,738,137
-455,726,251
-463,677,341
-523,803,300
-586,717,295
-561,614,328
-617,387,377
-702,565,302
-854,623,313
-798,520,302
-710,590,6
-621,776,495
-698,789,502
-605,738,325
-687,767,452
-740,460,300
-775,612,252
-804,484,351
-704,652,307
-627,684,194
-740,575,342
-812,503,543
-690,629,392
-819,521,494
-887,497,558
-803,504,417
-705,537,335
-776,512,467
-703,555,404
-708,512,455
-760,675,641
-725,613,434
-702,521,422
-800,462,510
-754,455,447
-710,423,414
-706,429,425
-713,487,376
-696,501,410
-728,556,530
-646,680,441
-608,607,435
-635,552,453
-711,533,418
-787,508,494
-784,433,441
-849,435,487
-953,469,463
-973,419,348
-987,414,190
-972,526,98
-961,673,79
-887,745,62
-910,763,186
-888,672,200
-915,639,316
-895,673,264
-873,678,210
-911,582,293
-856,506,279
-805,532,209
-782,537,159
-759,501,190
-729,526,240
-725,496,259
-700,460,224
-686,461,200
-673,527,196
-684,622,192
-722,728,185
-775,808,182
-795,850,178
-802,864,160
-795,834,145
-750,785,140
-686,749,137
-631,732,125
-596,725,155
-588,727,190
-590,731,217
-566,704,230
-541,676,229
-533,667,245
-569,649,288
-616,605,327
-660,564,365
-812,495,416
-890,370,429
-895,212,382
-943,288,384
-917,350,391
-888,323,371
-880,322,353
-830,308,311
-775,330,286
-765,327,287
-814,278,274
-871,285,266
-954,303,287
-1014,347,279
-980,368,251
-953,377,233
-963,382,248
-941,383,238
-888,358,181
-822,336,111
-754,363,97
-730,405,101
-806,453,98
-838,491,50
-875,515,20
-974,577,-4
-1088,592,-55
-1191,539,-96
-1251,492,-90
-1199,459,-13
-1050,455,85
-974,436,120
-918,462,98
-854,462,96
-901,488,110
-942,494,133
-969,471,147
-974,425,164
-977,384,186
-949,346,209
-909,293,240
-825,256,270
-741,241,283
-674,251,322
-640,298,365
-647,301,407
-677,308,432
-723,325,385
-775,336,372
-848,327,357
-880,293,384
-902,318,457
-885,241,486
-991,241,446
-1156,369,411
-1318,465,388
-1255,444,346
-1005,350,330
-868,332,271
-887,392,265
-942,566,224
-947,627,66
-952,619,23
-936,640,113
-895,465,191
-767,513,222
-706,518,287
-693,605,335
-673,633,376
-669,628,394
-591,632,380
-532,650,396
-522,755,490
-481,720,510
-435,620,552
-361,460,597
-319,377,640
-275,428,636
-243,417,623
-286,466,621
-335,612,626
-454,746,618
-535,820,579
-707,930,561
-804,908,453
-796,831,445
-772,779,420
-791,660,323
-630,462,336
-496,430,315
-551,482,370
-552,585,307
-624,527,333
-734,674,274
-687,821,98
-655,923,202
-576,854,351
-558,812,321
-616,656,436
-705,1063,528
-558,960,499
-499,705,586
-494,949,441
-491,870,251
-548,705,253
-570,747,329
-577,736,363
-554,786,270
-535,802,147
-653,769,240
-701,573,186
-662,756,-9
-627,912,56
-613,863,201
-617,888,108
-610,1009,121
-549,1000,69
-451,971,60
-502,904,107
-453,866,134
-366,932,129
-373,946,105
-376,856,144
-361,818,75
-399,919,14
-421,928,18
-470,883,-70
-519,959,-41
-533,923,6
-498,862,35
-430,844,9
-383,828,-30
-421,813,-39
-487,827,18
-528,858,109
-504,818,110
-510,839,126
-514,890,149
-495,919,124
-446,920,96
-425,912,93
-394,845,66
-420,871,52
-452,891,55
-472,846,99
-492,888,107
-482,965,68
-480,972,53
-490,966,111
-457,959,91
-437,931,96
-419,914,120
-375,871,143
-324,814,173
-277,777,220
-219,785,234
-214,740,351
-213,701,473
-138,702,524
-23,837,518
1,1084,380
-17,1060,276
-117,880,352
-261,683,440
-422,646,549
-577,870,852
-778,808,681
-705,803,513
-641,877,497
-539,707,535
-390,497,573
-424,473,788
-446,458,810
-493,435,732
-525,610,795
-479,462,750
-505,399,823
-510,367,746
-601,521,705
-630,523,731
-567,506,686
-465,354,703
-475,277,747
-383,312,722
-419,283,776
-453,359,755
-530,445,985
-582,347,999
-517,320,1042
-455,368,907
-485,421,852
-481,307,696
-557,324,762
-487,458,692
-425,420,584
-533,439,715
-600,383,776
-681,463,766
-850,888,622
-856,1146,361
-570,1216,467
-157,1023,412
198,721,127
298,875,302
349,717,337
229,739,447
183,772,501
49,900,529
-95,892,620
-215,859,480
-291,865,541
-293,668,660
-296,574,743
-379,528,524
-393,700,465
-490,867,505
-526,803,428
-519,900,479
-489,688,484
-540,621,513
-598,724,692
-670,512,695
-685,714,731
-596,685,664
-606,664,583
-533,589,550
-474,534,603
-501,609,419
-560,699,437
-519,543,393
-488,624,367
-492,674,501
-509,730,392
-648,588,334
-708,1166,533
-485,884,411
-558,595,475
-687,351,386
-862,614,259
-897,894,196
-890,1108,262
-884,1082,370
-741,1099,342
-573,1040,293
-446,1012,256
-381,893,209
-363,811,236
-346,788,171
-347,943,43
-341,1025,-18
-298,941,-64
-315,973,-71
-269,964,-82
-246,1024,-82
-197,1073,-121
-125,1080,-143
-101,1099,-115
-51,1073,-49
23,1051,-58
30,1062,-122
89,1080,-79
113,983,-8
139,906,-16
196,903,-47
270,874,24
295,875,84
253,901,115
212,915,172
223,981,206
253,1036,234
277,968,242
279,1011,211
195,1084,249
167,1184,287
10,1262,359
-136,1259,364
-229,1143,401
-438,1143,420
-441,992,382
-278,831,316
-72,772,270
29,827,221
87,783,229
111,729,228
112,653,243
127,655,243
133,669,281
134,734,305
107,873,290
42,1036,290
-57,1114,323
28,992,308
143,1124,225
82,1279,193
-7,1200,258
-69,1209,249
-197,1249,237
-238,1183,230
-244,1050,240
-178,950,201
-30,863,170
258,842,91
503,835,23
496,803,-40
337,959,-87
129,1079,-103
-56,983,53
-108,964,76
-79,952,39
-175,855,120
-266,795,210
-279,924,162
-399,1057,226
-463,997,366
-400,946,278
-328,1087,264
-93,975,111
-241,1023,342
-287,920,270
-201,987,132
-73,1132,111
-88,970,110
-218,947,122
-322,1052,94
-324,1224,-3
-119,1266,-225
77,1242,-276
171,1109,-205
149,908,-54
83,791,77
-89,613,117
-266,608,145
-424,683,229
-438,836,97
-304,1084,132
-288,1137,136
-288,1280,39
-219,1279,-36
-120,1170,-67
-162,1103,-61
-211,1029,-43
-242,1008,-48
-268,974,26
-254,926,48
-263,903,80
-213,930,65
-162,948,66
-170,965,59
-198,995,64
-229,1001,86
-244,1007,101
-298,1041,70
-238,1004,81
-254,1006,107
-242,1005,106
-231,959,101
-241,900,98
-234,890,97
-235,886,146
-224,913,156
-227,898,138
-238,863,140
-227,824,194
-200,860,203
-177,930,163
-175,955,166
-152,982,74
-119,1073,39
-84,1203,1
-74,1224,-68
-26,1189,-94
2,1167,-106
13,1065,-39
42,948,-31
92,844,-45
162,820,-44
165,891,-33
110,989,8
42,1042,39
10,1024,85
9,997,132
49,892,202
104,961,182
134,1017,161
117,1044,210
38,1078,214
-19,1196,133
-191,1208,150
-244,1056,187
-352,1081,216
-489,1045,215
-420,975,138
-258,933,131
-214,950,170
-179,927,179
-152,848,141
-150,808,130
-173,829,130
-198,841,110
-256,842,131
-292,874,156
-375,1011,80
-543,1173,91
-565,1009,191
-491,964,174
-423,1005,124
-388,940,144
-335,882,154
-298,926,137
-297,945,125
-348,910,130
-361,850,150
-311,831,168
-314,878,182
-390,890,228
-479,910,261
-533,928,268
-529,867,308
-487,828,332
-441,820,339
-402,770,327
-352,775,355
-341,835,401
-386,894,389
-430,935,379
-425,898,366
-394,914,338
-414,904,351
-430,843,350
-397,811,341
-357,818,361
-346,820,374
-292,745,332
-232,788,317
-272,864,359
-336,881,361
-402,855,375
-470,770,365
-487,640,346
-455,624,335
-449,669,335
-455,747,347
-507,809,318
-574,860,271
-584,878,270
-592,993,250
-614,981,213
-513,887,155
-431,864,144
-419,900,160
-420,898,181
-427,888,165
-490,857,163
-591,859,206
-660,830,225
-668,761,207
-677,681,269
-715,693,283
-755,667,276
-738,546,278
-749,534,294
-770,585,290
-762,561,318
-771,557,365
-756,574,390
-719,515,400
-709,485,416
-718,501,381
-705,474,360
-715,448,333
-733,504,328
-777,584,363
-809,642,351
-807,631,361
-806,655,371
-835,662,381
-819,637,369
-757,594,358
-713,607,335
-680,640,349
-695,654,360
-720,635,277
-710,643,293
-738,653,314
-665,608,275
-683,635,333
-674,672,405
-570,584,357
-526,498,289
-531,517,444
-583,531,461
-615,550,399
-655,490,491
-674,424,466
-889,555,653
-1116,495,617
-871,375,512
-559,184,501
-384,138,575
-359,182,596
-465,278,632
-534,269,671
-565,276,631
-600,346,580
-578,335,524
-764,291,493
-947,364,506
-1121,360,426
-1166,420,392
-960,302,389
-839,333,343
-1046,561,284
-1132,493,275
-1066,367,198
-1032,556,202
-1048,532,110
-1181,462,51
-1105,470,257
-986,245,543
-787,348,641
-661,433,431
-701,476,296
-813,392,74
-936,461,-56
-1190,356,63
-963,452,328
-855,461,383
-819,341,310
-973,474,250
-855,440,271
-778,365,109
-777,476,55
-860,489,15
-915,607,115
-795,702,298
-769,640,252
-829,592,469
-910,144,447
-899,478,474
-789,604,202
-822,442,40
-923,493,27
-983,489,59
-935,589,96
-850,579,15
-857,585,41
-819,434,86
-854,362,8
-864,490,-21
-897,572,73
-922,566,182
-927,568,177
-985,554,4
-1012,620,72
-1027,638,164
-1041,578,96
-846,573,-36
-697,520,-15
-707,556,69
-741,599,73
-747,660,57
-764,685,-22
-825,687,-41
-843,605,2
-795,487,4
-777,440,71
-804,514,83
-732,606,15
-646,667,58
-614,610,82
-613,603,35
-641,627,-9
-733,621,21
-800,588,59
-817,544,51
-793,557,26
-777,610,38
-773,634,37
-788,652,39
-817,669,75
-847,707,113
-846,679,134
-835,628,159
-800,589,157
-771,603,127
-787,627,112
-809,637,155
-789,617,129
-733,577,93
-699,572,85
-691,603,93
-685,624,83
-668,636,54
-675,619,45
-692,608,43
-726,625,56
-756,650,72
-779,673,68
-809,670,72
-823,651,77
-831,653,97
-807,626,134
-772,584,148
-756,592,157
-757,612,153
-778,600,199
-812,655,168
-865,717,95
-840,658,82
-735,605,62
-673,629,7
-666,642,71
-698,647,120
-716,661,99
-729,676,65
-747,676,91
-792,650,120
-824,615,181
-814,634,146
-789,656,126
-699,674,130
-635,692,121
-611,704,82
-626,749,65
-651,729,22
-685,692,-6
-726,702,-105
-759,762,-52
-739,777,0
-711,780,9
-686,785,-3
-690,765,67
-629,774,81
-644,756,15
-666,697,-78
-720,700,4
-753,732,85
-675,708,62
-680,753,36
-639,756,34
-604,801,-2
-600,793,-109
-614,702,-85
-683,808,67
-640,720,61
-626,724,-101
-628,753,-18
-617,856,-42
-627,763,-73
-634,707,-36
-693,806,9
-681,880,-5
-710,749,19
-728,754,17
-696,706,83
-660,699,41
-640,607,-59
-658,638,-30
-681,728,-13
-682,715,-112
-692,793,-122
-706,787,-83
-711,722,-37
-701,771,-25
-682,797,5
-691,741,36
-721,732,103
-684,720,81
-634,701,62
-616,669,98
-610,686,59
-617,789,53
-627,764,118
-619,694,55
-635,747,97
-645,707,130
-647,667,15
-688,699,98
-703,707,156
-680,693,62
-730,725,160
-771,702,120
-746,690,12
-782,674,128
-739,603,96
-655,555,84
-657,621,76
-703,650,44
-729,641,-17
-770,647,7
-749,586,-48
-772,587,-43
-791,552,-14
-812,607,-23
-775,566,-18
-897,680,43
-898,580,64
-848,638,14
-839,719,-32
-832,574,-67
-848,716,-15
-818,598,13
-824,609,14
-804,596,-64
-831,726,-44
-836,541,-87
-869,569,-124
-872,603,-136
-823,559,-48
-790,549,11
-783,612,-21
-687,507,-109
-799,612,-69
-785,542,-66
-808,463,-46
-869,523,-30
-871,440,-46
-898,507,-33
-925,541,-7
-975,562,7
-977,707,7
-1040,529,56
-1063,620,-35
-1130,644,-34
-1121,588,14
-1125,627,74
-1013,567,67
-856,599,11
-771,636,201
-553,534,57
-420,617,44
-461,550,171
-418,408,-28
-509,616,-45
-566,639,-59
-637,641,-7
-645,481,-34
-633,606,-63
-686,718,-74
-703,698,-147
-752,706,-112
-817,634,-98
-777,660,-157
-771,616,-126
-764,572,-18
-810,641,69
-756,640,0
-786,645,-3
-883,740,21
-925,787,21
-880,729,42
-979,883,-77
-1050,826,-30
-740,675,-43
-547,375,57
-487,368,101
-544,332,97
-650,485,68
-737,593,81
-774,486,20
-979,722,53
-1034,868,210
-1022,909,-59
-902,791,-31
-825,410,-6
-814,312,10
-777,608,78
-653,456,76
-638,567,66
-685,485,102
-859,584,98
-908,781,108
-895,614,138
-967,724,159
-864,665,94
-803,386,103
-759,382,136
-793,457,110
-829,572,52
-764,640,100
-807,565,142
-867,724,22
-779,645,7
-748,452,252
-743,500,256
-738,697,188
-729,469,211
-698,697,266
-745,601,269
-798,447,276
-839,593,213
-862,639,140
-887,547,114
-901,617,17
-916,523,-136
-986,577,65
-982,588,111
-772,601,-153
-789,562,2
-768,582,212
-639,506,197
-632,646,95
-698,843,56
-747,658,21
-796,660,71
-769,561,0
-801,534,65
-799,568,74
-867,505,36
-945,444,59
-970,513,28
-933,748,-9
-973,499,41
-1020,614,102
-1080,749,159
-1069,787,208
-1031,717,205
-973,715,220
-932,794,212
-823,794,184
-728,734,123
-645,694,73
-575,665,13
-472,678,-8
-419,676,-18
-444,725,75
-503,707,127
-556,726,-23
-744,953,-14
-919,871,21
-1036,750,223
-975,661,298
-871,654,264
-813,634,225
-737,589,174
-651,571,139
-584,578,150
-547,567,173
-511,526,160
-474,515,137
-451,483,136
-369,417,122
-400,496,224
-728,825,520
-739,906,461
-734,754,435
-898,603,477
-1023,545,518
-993,510,543
-869,352,529
-739,255,476
-634,200,446
-587,226,459
-635,276,472
-781,313,500
-840,307,464
-822,271,405
-792,260,371
-769,292,331
-764,315,269
-855,353,249
-936,390,268
-862,358,285
-818,272,368
-861,313,391
-930,410,462
-1100,462,535
-1253,639,604
-1079,763,458
-1143,868,212
-1080,719,205
-837,474,101
-922,427,101
-1147,512,255
-1142,518,258
-968,388,119
-831,378,65
-734,413,105
-672,430,149
-606,433,171
-583,458,195
-592,451,230
-585,416,244
-584,431,292
-606,431,335
-647,429,362
-680,471,373
-826,560,371
-1017,638,402
-884,621,494
-964,591,520
-1288,642,496
-1207,364,328
-928,211,190
-790,319,206
-705,412,268
-619,430,243
-562,423,183
-602,464,207
-704,493,274
-741,473,311
-743,424,328
-797,383,318
-854,383,292
-906,406,273
-972,460,281
-873,454,234
-873,541,194
-931,684,249
-993,735,207
-1162,694,114
-1148,575,136
-1131,522,109
-1125,545,173
-1083,587,219
-958,591,210
-822,529,177
-732,553,151
-672,600,157
-641,594,218
-599,602,241
-562,616,239
-511,638,227
-467,669,260
-428,733,292
-386,754,297
-368,755,295
-344,756,317
-329,733,330
-304,723,317
-307,757,295
-355,827,263
-493,951,272
-496,918,364
-536,997,480
-553,1123,664
-602,915,669
-553,802,583
-441,667,501
-377,562,505
-348,583,461
-390,659,420
-418,687,350
-499,736,422
-573,689,398
-629,579,362
-645,539,322
-662,549,276
-741,553,317
-770,633,376
-724,686,444
-603,629,459
-630,719,470
-591,700,399
-593,842,509
-541,789,390
-582,807,417
-632,706,586
-653,702,582
-600,658,619
-594,816,575
-606,874,420
-675,700,475
-711,933,410
-777,900,468
-715,988,413
-684,964,370
-730,886,462
-617,751,465
-521,792,410
-500,778,437
-462,662,418
-409,733,333
-406,803,328
-375,662,366
-361,739,344
-350,840,303
-327,812,272
-307,754,269
-304,785,289
-339,784,346
-388,715,412
-403,834,344
-413,905,281
-414,895,363
-396,915,383
-362,937,336
-306,955,401
-253,1012,454
-261,1027,462
-243,1016,508
-179,977,490
-104,893,448
-68,893,386
-19,874,370
62,816,307
96,841,281
69,807,271
75,848,276
48,868,330
10,910,320
-7,923,347
-37,941,414
-57,962,423
-85,981,387
-78,990,427
-31,946,449
-8,884,444
36,776,418
69,752,437
62,789,474
66,748,438
72,796,411
76,824,423
80,831,429
5,959,431
-66,1010,452
-144,1092,477
-194,1163,482
-302,1284,511
-326,1135,556
-358,995,586
-359,866,395
-257,763,233
-178,741,321
-101,670,377
-60,689,342
-32,724,310
-40,752,341
-22,752,365
-6,790,375
1,814,402
10,858,460
14,890,508
11,896,399
-8,997,338
39,993,402
62,1075,451
-81,1248,456
-252,1200,416
-288,1095,463
-210,1056,461
-245,1045,399
-315,1013,364
-354,988,358
-313,867,310
-213,789,297
-132,763,308
-115,775,314
-105,765,320
-129,747,351
-139,788,369
-153,890,372
-167,933,356
-161,938,359
-173,1020,414
-176,964,400
-179,933,465
-245,983,514
-243,957,469
-194,896,391
-176,851,392
-195,825,411
-203,801,412
-205,788,409
-217,786,405
-226,790,418
-235,836,417
-310,920,424
-364,920,401
-351,894,388
-318,853,393
-290,838,393
-290,875,405
-300,885,426
-310,873,451
-329,885,439
-327,873,415
-314,833,387
-313,854,396
-315,834,391
-306,828,392
-309,824,395
-339,862,386
-347,856,399
-334,853,405
-335,868,403
-328,852,403
-326,852,398
-332,868,401
-325,866,399
-317,865,394
-309,849,389
-308,846,384
-307,853,375
-314,864,379
-322,860,379
-330,880,392
-329,882,401
-328,873,395
-319,861,390
-319,861,396
-319,870,395
-325,868,389
-333,867,381
-347,866,382
-354,883,380
-347,885,376
-323,879,372
-306,878,381
-298,870,379
-300,826,389
-307,847,382
-320,839,376
-336,841,365
-373,837,370
-393,819,375
-401,786,342
-366,798,335
-367,832,306
-348,910,280
-347,931,329
-328,901,292
-328,873,300
-304,829,204
-289,754,225
-265,733,215
-282,691,210
-295,714,229
-341,762,277
-396,885,341
-427,952,415
-393,1037,340
-353,980,369
-355,901,385
-368,670,208
-472,963,157
-508,992,182
-512,951,192
-599,965,248
-575,1047,327
-478,985,260
-347,795,201
-221,725,149
-243,806,186
-288,785,202
-384,933,216
-442,1028,290
-428,1035,329
-408,985,356
-369,1024,374
-296,1088,320
-217,855,406
-248,845,391
-302,954,414
-208,855,536
-177,867,557
-141,847,413
-288,882,452
-354,791,572
-401,854,479
-387,794,402
-434,714,450
-546,679,415
-597,758,517
-566,679,597
-478,873,617
-534,745,676
-586,546,480
-655,507,447
-750,507,583
-725,709,653
-573,721,589
-535,602,570
-558,535,567
-614,604,519
-584,587,463
-607,548,633
-635,510,605
-626,576,535
-580,608,588
-608,611,628
-612,560,590
-641,484,553
-594,564,465
-678,502,472
-652,399,487
-721,503,533
-693,513,537
-675,485,547
-688,530,560
-680,492,620
-633,487,579
-646,672,823
-575,670,786
-660,501,483
-832,491,412
-996,451,521
-1101,439,455
-1099,422,367
-1014,269,539
-916,361,465
-708,543,344
-538,624,182
-374,761,29
-253,983,65
-168,1039,254
-229,870,491
-264,788,236
-302,538,91
-335,693,78
-475,951,182
-588,1023,270
-647,1007,364
-592,1011,405
-492,954,431
-483,783,450
-319,672,289
-317,453,255
-345,238,364
-495,378,368
-697,587,433
-726,423,448
-849,339,568
-857,256,643
-886,287,557
-937,427,607
-934,637,472
-931,340,421
-919,347,540
-1125,314,572
-1140,517,566
-936,251,421
-836,620,568
-796,435,519
-679,276,416
-659,390,518
-629,338,448
-591,407,473
-528,358,482
-522,307,360
-602,442,405
-652,304,412
-679,588,309
-820,436,421
-1093,688,236
-1013,852,350
-908,685,505
-820,296,719
-931,416,806
-1073,530,843
-1135,638,555
-1188,479,419
-1099,560,419
-836,566,164
-469,656,-139
-240,531,-386
-61,1128,-402
51,933,-99
124,567,113
76,488,216
-243,482,311
-308,1008,341
-346,1113,275
-504,963,133
-706,650,334
-491,1124,258
-437,1154,253
-399,783,284
-304,758,171
-274,939,211
-345,666,99
-488,1091,182
-530,752,296
-498,776,137
-566,1014,370
-533,755,380
-595,652,302
-597,514,190
-675,577,215
-688,458,283
-756,457,261
-1070,1122,381
-867,882,461
-913,843,771
-949,425,750
-1133,512,659
-1242,444,637
-781,172,521
-510,55,555
-236,348,576
-169,287,372
-217,538,130
-354,1109,-251
-611,1304,-292
-830,1730,-517
-852,973,374
-522,911,327
-675,-50,758
-694,267,469
-669,735,377
-478,845,246
-467,935,230
-350,879,51
-395,803,97
-501,846,112
-607,724,143
-588,805,207
-598,830,317
-477,869,223
-406,817,81
-498,939,83
-614,780,128
-747,699,238
-682,789,210
-600,1070,225
-441,1095,107
-381,922,4
-477,831,77
-453,802,65
-511,890,9
-451,941,-173
-424,950,-168
-390,884,-83
-415,847,-52
-464,880,-23
-430,935,4
-425,997,-34
-518,919,14
-672,756,4
-762,791,424
-660,577,22
-857,632,-28
-927,781,75
-824,637,146
-758,555,344
-737,524,360
-634,599,90
-543,663,-136
-603,942,-314
-552,1017,-414
-459,639,-446
-686,712,-558
-807,953,-547
-683,742,-448
-765,556,-205
-905,721,-76
-1007,683,-125
-1057,730,-167
-1081,1001,-173
-1327,500,378
-1069,316,290
-884,637,238
-790,919,135
-625,854,-36
-751,678,-93
-715,675,-282
-804,561,-260
-745,616,-247
-709,677,-196
-733,537,-140
-785,603,-44
-750,641,-32
-733,719,-57
-639,676,-72
-746,417,-39
-856,774,-68
-1050,754,345
-600,260,-152
-665,1115,-409
-645,687,-217
-739,791,-155
-629,685,-180
-579,783,-241
-590,769,-246
-663,731,-225
-640,701,-144
-632,704,-114
-605,780,-203
-576,837,-189
-850,629,-221
-716,622,134
-728,893,64
-872,991,80
-1056,713,152
-1035,466,66
-1067,416,84
-1022,413,202
-988,349,267
-1009,361,190
-980,490,70
-921,547,-70
-764,585,-269
-738,617,-323
-711,589,-448
-643,606,-492
-674,593,-449
-650,597,-388
-736,545,-200
-885,421,9
-938,478,-43
-996,548,57
-1249,643,-26
-1021,269,487
-1068,699,353
-851,612,493
-945,185,606
-955,333,348
-928,333,148
-925,549,-476
-1096,269,320
-975,356,-94
-1100,602,-60
-1181,453,90
-1175,102,567
-1289,298,553
-1236,264,251
-1280,212,311
-1228,204,348
-1087,341,306
-1060,502,198
-1096,355,168
-1126,430,171
-1159,383,221
-1068,383,185
-952,361,147
-803,511,114
-731,563,90
-721,527,105
-649,406,231
-591,674,-98
-709,719,-26
-701,620,-41
-667,694,-34
-700,590,189
-517,662,35
-651,588,319
-662,147,77
-653,183,-21
-873,755,61
-844,684,347
-678,359,335
-478,569,174
-590,799,211
-620,629,362
-529,639,84
-813,643,231
-654,552,445
-571,692,227
-589,837,157
-544,878,104
-479,1026,49
-477,909,188
-458,907,120
-449,945,55
-378,935,-21
-409,731,180
-458,649,287
-431,819,291
-374,812,328
-298,745,301
-346,784,380
-431,700,354
-411,796,114
-543,1206,13
-628,795,132
-555,622,122
-439,640,577
-420,623,111
-417,1292,92
-404,1186,78
-578,789,265
-636,673,6
-559,941,-36
-362,1010,-51
-361,1221,-10
-311,878,-217
-280,1002,-498
-897,886,80
-606,699,-254
-592,1072,-21
-366,614,36
-580,439,240
-417,904,-39
-444,1338,-261
-593,1268,-188
-630,981,-100
-611,656,4
-697,352,135
-737,363,262
-729,474,267
-758,530,138
-900,1130,324
-1162,1097,459
-1001,993,196
-828,1195,54
-723,1105,67
-574,976,70
-517,800,71
-432,656,133
-428,706,229
-507,872,39
-627,1217,152
-518,855,177
-488,583,267
-441,657,252
-351,670,206
-358,697,262
-458,809,428
-498,814,506
-507,719,554
-450,559,589
-418,606,635
-351,677,627
-294,664,592
-265,629,558
-253,582,522
-236,554,493
-226,572,517
-215,629,556
-192,641,670
-218,661,672
-261,742,615
-349,848,652
-463,939,767
-554,947,816
-623,1015,743
-570,1104,616
-599,1108,605
-647,809,614
-739,617,582
-797,557,540
-645,492,452
-452,432,430
-314,398,437
-247,419,444
-219,484,454
-215,570,510
-238,654,602
-212,684,675
-171,727,752
-139,791,786
-161,922,857
-159,863,871
-22,910,771
40,1095,685
-39,1173,659
-106,1063,642
-130,992,568
-203,944,472
-233,826,552
-131,595,557
-47,467,466
-18,445,436
-20,450,393
-42,407,419
-68,423,445
-102,619,468
-171,826,541
-209,914,648
-163,1005,745
-255,1140,821
-245,1083,889
-295,1155,944
-483,1101,958
-380,776,773
-172,601,674
-95,532,620
-16,476,532
84,426,427
112,409,369
68,454,347
7,558,362
-100,648,436
-138,713,454
-118,904,525
-132,1063,666
-96,1088,726
8,1210,661
-11,1457,597
-192,1438,541
-177,1399,437
-207,1390,375
-276,1265,338
-168,991,238
-92,809,192
-52,691,181
-24,618,182
-46,590,208
-79,596,243
-106,681,327
-96,718,454
-17,629,443
36,928,671
108,960,973
183,705,812
272,917,752
213,953,815
28,1041,1016
-161,1165,1017
-353,1053,1001
-255,811,1002
3,624,887
275,420,756
420,190,649
415,194,594
257,379,854
121,205,625
-19,244,535
-1,406,280
-159,520,27
-221,1120,-505
-1247,1319,489
-984,798,1889
264,101,1146
687,349,1011
429,578,862
378,611,822
428,510,855
455,187,867
415,447,857
468,337,837
354,283,972
257,435,992
441,-17,917
523,219,720
520,275,771
461,325,872
407,171,913
506,237,802
568,161,730
530,128,617
597,301,867
443,453,921
436,203,823
548,338,710
543,163,670
470,3,733
461,299,827
264,661,630
-75,267,717
-3,210,1067
288,549,1181
547,241,1360
412,155,1489
167,36,1210
167,229,993
164,573,889
179,495,918
298,145,761
292,17,642
121,465,872
55,393,874
171,77,885
209,403,1014
141,329,979
178,270,978
144,442,970
100,308,873
40,433,856
64,349,893
184,370,885
87,375,936
65,184,1004
67,75,1033
184,411,923
-266,117,1041
1,-18,928
-27,333,611
-306,107,1150
100,-126,1158
-276,117,1002
-9,31,1034
-35,-151,913
2,32,932
-21,-50,996
95,-34,613
91,121,106
256,395,420
821,664,331
520,1473,854
362,1298,504
-935,1177,1294
-760,645,1059
519,1060,518
-107,940,378
181,847,203
96,1085,186
87,951,362
35,858,364
94,862,297
31,890,225
-120,1054,246
-237,837,0
-292,690,-9
-224,786,-145
-169,612,-281
-170,583,-210
-216,798,-170
-256,802,-64
-391,928,-321
-780,1325,-410
-1027,1739,-855
-1696,1583,-1103
-1847,752,-1129
-1848,30,-694
-1592,-308,-178
-1219,-376,187
-946,-186,340
-865,72,342
-848,216,281
-755,298,208
-726,358,202
-792,401,261
-915,413,344
-997,398,365
-1072,351,349
-1132,278,333
-1153,234,359
-1020,227,388
-866,213,408
-741,253,403
-661,276,403
-627,311,372
-624,390,424
-654,461,466
-674,434,466
-734,407,478
-783,379,469
-879,350,462
-1086,327,444
-1148,248,413
-1148,303,384
-1229,534,468
-1274,601,512
-1095,535,284
-1081,628,150
-1197,541,175
-1165,405,139
-975,232,124
-831,112,195
-720,75,182
-679,218,150
-676,327,168
-670,428,184
-657,489,298
-543,411,247
-462,463,211
-503,430,256
-628,418,364
-700,422,506
-908,460,570
-1125,576,699
-1129,579,740
-1255,560,692
-1264,453,566
-1155,275,488
-828,191,399
-540,222,289
-371,305,204
-311,427,218
-360,489,247
-448,501,162
-539,446,151
-660,416,232
-744,368,313
-815,326,408
-1041,368,480
-1249,411,603
-1293,237,488
-1310,274,524
-1144,439,552
-1224,418,402
-1286,452,379
-1284,469,348
-1187,440,223
-902,318,147
-714,219,120
-646,194,90
-616,180,98
-572,175,125
-576,210,135
-606,246,119
-650,253,116
-682,201,70
-825,271,76
-1034,459,496
-1067,-21,1210
-1515,877,720
-1032,1014,219
-1128,1034,273
-1337,472,87
-1404,275,91
-1138,91,123
-787,72,183
-582,165,225
-443,245,206
-356,275,166
-341,327,204
-420,358,252
-529,343,274
-670,332,269
-846,499,304
-922,629,280
-919,823,307
-955,695,337
-989,604,401
-1264,807,394
-1413,877,457
-1262,628,312
-1271,347,209
-1303,337,247
-1212,299,288
-969,226,287
-713,171,250
-546,152,221
-470,195,216
-480,301,222
-562,415,243
-641,475,283
-643,499,332
-617,494,343
-640,494,354
-735,542,411
-723,555,462
-834,623,515
-909,616,575
-895,650,597
-1173,616,579
-1166,491,523
-945,334,462
-661,237,373
-481,229,307
-426,372,324
-407,433,373
-398,461,384
-401,500,375
-413,576,412
-438,616,474
-487,665,506
-606,730,506
-778,770,530
-873,708,505
-949,820,548
-945,901,509
-966,855,411
-1030,829,406
-1074,734,408
-1045,627,376
-913,488,357
-700,359,322
-551,333,309
-508,400,334
-487,467,351
-478,502,383
-503,570,407
-513,604,430
-533,632,449
-569,688,467
-589,695,462
-594,689,512
-654,734,572
-713,742,587
-651,752,582
-629,776,621
-847,869,642
-830,776,570
-643,560,535
-440,568,523
-280,557,468
-160,447,490
-125,494,511
-140,533,408
-155,656,362
-177,692,330
-200,642,258
-253,720,185
-284,860,140
-319,911,129
-395,936,90
-536,986,101
-595,1007,18
-633,1007,-203
-681,1138,-179
-587,1000,-407
-709,894,-152
-655,777,-105
-606,835,-194
-605,875,46
-668,731,-179
-684,1072,-138
-515,692,-45
-502,741,-187
-686,933,-202
-647,849,-255
-678,749,-393
-661,984,-464
-571,820,-243
-405,681,-37
-398,726,66
-473,534,133
-558,523,74
-592,902,-39
-746,902,-39
-767,878,-184
-814,875,-282
-929,1033,-511
-847,1158,-462
-700,987,-363
-465,867,-327
-450,839,-247
-667,818,-194
-698,898,-204
-733,912,-200
-692,789,-235
-630,655,-239
-631,660,-237
-663,693,-243
-622,682,-256
-559,702,-260
-503,615,-167
-473,610,42
-416,727,168
-307,813,195
-225,835,189
-151,866,127
-174,1021,90
-172,1206,-80
-149,1181,-143
-271,1344,-257
-402,1359,-347
-309,1250,-383
-254,975,-254
-233,1061,-342
-270,1109,-222
-266,1030,-191
-291,820,-34
-225,592,87
-138,566,41
-114,548,-76
-21,573,-196
-10,731,-75
-20,748,-76
-38,851,-71
-44,1118,-421
-47,1345,-440
39,1525,-498
-174,1514,-376
-799,610,344
-586,1197,-328
-668,995,-296
-618,985,-298
-498,873,-396
-226,789,-362
-92,643,-290
-24,619,-185
102,555,-198
1,626,-65
-61,558,-165
-74,782,-148
-76,749,-214
-67,1023,-292
-92,1078,-362
-207,1225,-636
-303,1427,-704
-344,1375,-707
-449,1148,-559
-459,1080,-477
-492,1112,-401
-418,1042,-295
-332,970,-242
-200,796,-216
-75,677,-227
-32,577,-198
-21,446,-203
-65,414,-205
-150,578,-146
-254,785,-229
-359,992,-412
-405,1101,-447
-366,1125,-379
-362,1213,-363
-359,1279,-398
-372,1215,-289
-523,1130,-299
-620,1211,-445
-529,993,-356
-327,737,-244
-178,625,-139
-84,622,-78
-42,629,-104
-35,630,-90
-84,661,-68
-66,730,-60
-27,794,-158
-136,979,-165
-217,1122,-181
-195,1028,-385
-112,1188,-584
-242,1068,-554
-319,1233,-616
-427,1338,-609
-415,1033,-439
-427,800,-326
-309,876,-343
-317,922,-316
-258,814,-294
-267,590,-184
-322,576,-159
-382,578,-112
-416,561,-99
-408,617,-154
-447,789,-98
-478,852,-171
-515,856,-147
-556,884,-221
-606,881,-290
-613,896,-337
-697,987,-294
-806,930,-133
-750,904,30
-640,802,91
-579,749,174
-526,703,104
-358,496,-56
-93,522,-327
-227,763,-294
-386,648,-92
-557,554,-107
-784,558,-88
-1095,605,30
-1313,678,-48
-1071,690,-107
-825,760,83
-884,617,304
-938,559,286
-1037,716,452
-1003,552,444
-960,458,418
-1017,471,410
-1058,753,441
-866,514,315
-981,603,362
-975,620,413
-785,573,209
-780,659,121
-885,516,214
-787,290,313
-759,342,449
-869,285,395
-850,305,268
-844,418,248
-911,362,155
-920,369,362
-942,283,304
-965,236,347
-901,353,363
-952,312,280
-1055,210,430
-944,331,518
-961,254,376
-1102,295,280
-1017,352,101
-760,509,-124
-666,715,-134
-588,883,48
-569,741,238
-582,561,170
-699,598,88
-912,93,282
-983,379,238
-975,834,238
-732,486,5
-800,686,93
-757,585,109
-902,433,0
-885,522,-62
-908,604,80
-870,444,78
-841,637,125
-893,724,55
-1029,1085,60
-1278,909,252
-1218,570,-16
-1019,327,-260
-817,582,-319
-526,921,-527
-374,830,-415
-356,563,-526
-381,-4,491
-821,480,559
-477,667,-150
-443,777,-462
-407,839,-378
-323,554,-204
-398,613,-65
-407,732,-139
-410,702,-134
-497,417,-313
-767,598,-171
-1014,465,-217
-1201,426,-241
-1094,404,-97
-963,351,39
-883,621,18
-762,794,35
-718,724,122
-769,616,203
-793,459,296
-873,340,235
-1014,285,234
-1044,116,292
-1118,235,283
-1080,156,250
-1105,226,311
-1041,247,283
-953,363,281
-929,342,296
-954,288,349
-1022,201,392
-1087,144,397
-1118,278,266
-1208,420,311
-1203,301,211
-1278,295,261
-1301,288,242
-1315,5,226
-1206,221,146
-1167,303,198
-1032,181,154
-898,91,174
-835,84,204
-833,129,-21
-1049,469,159
-853,436,171
-592,363,-17
-487,330,-68
-254,294,-177
-207,499,-286
-270,992,-177
-393,697,-726
-605,1546,-921
-1119,1054,-361
-1606,-947,314
-1479,775,94
-1068,57,441
-1010,631,-71
-867,680,-125
-795,473,-295
-783,541,-348
-886,464,-228
-775,598,-243
-718,496,-332
-859,532,-353
-940,376,-191
-865,384,-134
-879,535,-208
-886,415,-186
-909,449,-116
-814,534,-51
-761,493,-21
-855,583,71
-976,753,177
-904,476,148
-850,298,59
-807,704,168
-845,560,47
-937,201,58
-991,85,245
-937,68,194
-991,272,153
-929,341,253
-932,333,215
-910,443,215
-1035,490,439
-841,117,140
-889,325,249
-949,247,507
-888,358,435
-928,311,387
-926,247,292
-880,284,320
-903,250,479
-743,282,379
-845,417,181
-912,305,214
-903,24,396
-920,292,170
-636,270,247
-781,46,62
-1026,71,418
-1167,575,778
-1139,427,534
-1085,180,547
-1088,575,705
-1257,566,805
-1163,473,522
-1395,314,233
-1336,679,220
-1218,512,214
-1029,283,186
-843,278,180
-778,359,192
-710,434,169
-707,482,160
-695,489,130
-706,458,143
-683,444,161
-692,355,176
-671,314,169
-597,352,145
-642,452,186
-726,532,216
-828,544,213
-919,487,200
-918,417,215
-897,369,234
-887,358,239
-897,383,230
-917,384,217
-932,354,188
-835,317,158
-711,314,148
-655,356,158
-684,425,169
-700,493,192
-730,495,248
-766,480,305
-777,481,330
-705,468,320
-662,525,455
-734,627,523
-730,700,398
-726,634,331
-699,531,344
-687,485,379
-690,467,375
-694,458,376
-727,485,388
-793,561,415
-811,584,427
-775,664,422
-804,791,388
-1023,1065,410
-1064,1122,375
-885,808,264
-832,670,183
-873,725,188
-857,791,165
-715,745,84
-588,628,51
-500,574,60
-466,547,65
-482,554,4
-525,571,28
-571,529,198
-552,527,269
-556,546,284
-634,550,315
-738,583,372
-841,589,420
-952,554,342
-960,512,349
-853,459,432
-1015,432,507
-1216,374,459
-1299,248,337
-1139,180,291
-896,252,331
-630,412,349
-474,446,374
-401,374,312
-449,355,300
-566,333,322
-678,320,316
-779,362,371
-862,363,389
-937,396,391
-1186,448,465
-1119,361,452
-1151,293,379
-1114,452,470
-1137,540,467
-1236,452,393
-1328,397,382
-1379,375,392
-1210,334,367
-925,285,284
-695,233,202
-543,264,191
-458,321,217
-452,398,228
-484,459,224
-532,488,261
-580,473,293
-627,473,330
-734,466,343
-715,539,428
-711,589,582
-858,658,648
-764,698,695
-793,687,725
-1064,665,642
-1130,527,563
-945,327,549
-749,256,496
-543,309,424
-376,357,349
-259,410,272
-227,488,261
-277,538,265
-356,516,304
-447,494,435
-578,609,521
-756,773,610
-847,825,678
-817,910,689
-874,994,759
-821,899,784
-833,891,802
-792,801,673
-802,1094,838
-856,1019,872
-774,930,817
-634,857,651
-550,746,604
-511,636,626
-537,570,650
-729,635,861
-956,629,685
-629,500,479
-200,137,426
174,124,380
341,164,346
192,262,462
205,524,566
147,530,726
124,752,606
-44,1037,488
-764,768,345
-1214,780,1631
842,502,797
998,604,736
267,685,1006
58,525,878
581,353,590
523,669,620
404,494,524
397,531,781
428,303,764
464,460,824
456,581,819
464,397,821
534,378,772
556,472,755
524,419,809
562,324,771
618,380,745
560,466,821
496,293,974
415,347,992
253,209,1039
49,381,882
132,106,731
368,-231,398
417,-126,337
459,57,536
721,415,954
707,1105,1772
919,908,1904
505,-342,826
-256,141,684
-332,421,640
245,304,889
342,166,1146
195,-120,925
47,28,904
27,279,991
51,166,1007
46,-10,908
21,19,934
-14,210,934
-71,124,970
-112,34,856
-175,306,1055
-116,255,996
-156,200,999
-124,109,977
-134,22,900
-138,107,977
-200,-18,988
-141,26,949
-98,-28,969
-260,115,947
-65,-137,778
-79,193,761
-230,364,1078
-464,-202,1147
-82,26,1294
-141,-111,1020
-76,2,926
-61,-96,840
-84,-66,892
-109,-8,911
26,-31,663
192,-236,-132
751,385,489
699,1795,799
-113,1109,1053
54,455,969
-454,1071,1037
-69,928,586
-242,816,777
278,947,407
99,1015,448
163,863,412
117,846,463
145,874,503
160,849,502
72,839,495
56,718,487
221,932,333
122,937,314
22,934,528
77,1031,557
33,1063,500
-191,948,515
-216,881,541
-299,823,427
-449,852,672
-228,304,365
-180,111,94
-190,697,101
-228,578,20
-307,458,105
-405,656,228
-507,937,291
-677,1152,287
-869,1007,297
-923,819,24
-1273,769,179
-1451,661,487
-1302,454,381
-1306,396,489
-1349,383,646
-1116,462,659
-921,516,603
-828,522,618
-759,545,615
-780,555,574
-774,563,572
-773,524,558
-753,478,515
-710,455,497
-619,433,502
-488,443,472
-378,489,442
-307,553,422
-285,576,413
-235,584,418
-259,618,461
-315,669,486
-330,703,511
-346,729,538
-386,773,569
-375,806,569
-448,978,580
-711,1269,615
-1015,1308,642
-1078,1054,588
-949,796,548
-848,662,534
-697,595,494
-546,495,431
-383,419,412
-275,430,364
-196,532,339
-152,593,309
-153,664,353
-158,701,379
-150,689,362
-158,726,400
-209,751,460
-257,750,510
-334,828,614
-450,893,744
-622,1265,633
-546,1363,484
-763,1223,530
-934,972,609
-772,645,479
-520,572,386
-356,589,341
-220,534,261
-106,474,200
-57,499,174
-59,553,197
-106,609,295
-137,672,358
-139,824,364
-221,1026,403
-426,1199,510
-516,1232,555
-492,1390,532
-623,1377,506
-674,1193,500
-512,1085,429
-472,1065,364
-450,941,348
-317,728,325
-164,535,297
-81,504,284
-33,523,247
-29,564,243
-63,603,276
-139,682,325
-205,755,340
-236,835,309
-304,935,316
-381,952,428
-337,948,495
-391,1149,566
-445,1239,596
-578,1263,626
-818,1262,623
-815,888,489
-561,509,426
-320,392,468
-183,452,448
-67,576,422
-53,468,345
-55,542,267
-71,624,341
-104,654,385
-145,713,456
-145,740,470
-268,866,557
-367,823,683
-280,797,649
-272,983,623
-363,1191,645
-518,1394,717
-654,1397,860
-755,1289,834
-735,1180,626
-649,1099,555
-570,951,502
-490,840,516
-489,724,501
-570,668,493
-665,579,508
-640,535,499
-551,537,510
-382,530,484
-237,468,582
16,483,481
146,215,699
110,192,698
-193,350,502
-521,834,389
-315,791,267
-231,852,467
-75,770,720
-201,1017,886
-161,1102,644
14,573,716
86,625,614
19,973,387
-46,1018,476
34,879,553
39,945,590
-37,756,649
-150,620,763
-44,842,689
27,722,750
38,651,725
-93,893,998
-278,324,1292
270,1715,371
-170,1086,981
312,-186,1516
795,947,487
17,-1185,1
-464,-28,41
-364,242,348
-92,318,1185
39,-126,1399
-106,338,1184
-211,417,1132
-99,248,730
14,-194,560
-313,357,1010
-347,-25,924
-382,233,1054
-279,329,979
-202,242,968
-45,197,986
-38,215,930
-19,262,933
54,262,932
96,245,996
137,221,1026
161,216,1009
192,259,922
198,298,886
205,289,920
245,240,878
304,314,996
332,330,977
276,373,870
383,339,945
415,220,703
485,362,845
392,417,922
285,379,737
311,352,1039
373,340,734
336,765,600
300,505,1107
286,556,662
151,947,713
114,685,803
117,771,663
224,864,435
177,794,827
253,625,646
348,642,572
304,835,864
383,709,454
415,659,520
348,715,760
105,749,801
43,703,572
79,785,538
93,873,697
194,865,527
148,838,530
47,886,498
43,879,459
175,758,417
234,802,508
59,903,494
-1,842,535
78,827,522
86,845,545
124,859,577
118,812,519
151,841,519
126,802,540
109,809,537
102,801,580
105,783,618
141,699,705
111,687,920
102,379,703
-44,-53,157
-273,181,-46
-155,824,-285
-70,463,-292
-219,557,-79
-225,887,-143
-445,817,-138
-865,1347,-74
-1152,1501,-144
-1221,1103,-375
-1676,997,-688
-1851,236,-453
-1841,159,-27
-1855,159,120
-1715,203,267
-1401,447,153
-1133,582,-8
-902,593,-170
-728,664,-191
-586,663,-174
-508,645,-180
-509,683,-126
-538,728,-94
-581,767,-89
-601,809,-51
-609,833,9
-610,787,63
-601,766,95
-584,784,136
-608,791,177
-623,749,209
-602,668,262
-636,632,364
-657,643,441
-688,668,584
-774,570,586
-972,478,576
-1040,342,602
-1020,323,546
-892,328,462
-747,329,366
-646,336,299
-583,352,286
-615,391,264
-689,421,257
-743,400,271
-791,390,291
-839,373,309
-859,321,309
-755,254,319
-728,219,311
-796,242,332
-892,293,372
-1006,318,431
-1164,357,438
-1422,461,509
-1378,440,496
-1241,261,426
-1354,201,376
-1342,151,381
-1218,274,432
-982,349,433
-734,346,378
-561,465,393
-441,617,407
-330,712,355
-236,653,327
-169,584,360
-201,519,363
-288,529,330
-464,541,338
-623,440,331
-657,327,276
-689,325,251
-870,463,289
-1082,592,374
-1531,718,438
-1675,602,441
-1388,375,274
-1135,280,195
-953,374,218
-824,456,160
-728,498,84
-659,536,115
-662,583,179
-674,589,192
-638,565,180
-650,614,234
-781,625,296
-931,663,251
-956,825,277
-1021,964,262
-1241,1353,274
-1339,1124,388
-1460,1072,626
-1599,1109,405
-1660,1138,366
-1411,705,265
-1013,315,191
-685,163,109
-520,231,83
-416,260,84
-289,337,84
-204,471,86
-88,501,104
34,534,177
102,679,255
146,826,284
202,981,344
199,1106,451
108,1206,507
115,1276,544
80,1415,583
-66,1358,604
-227,1098,642
-213,906,576
-64,692,544
38,557,573
85,383,630
149,547,581
120,487,495
165,451,474
192,451,451
127,443,466
58,507,562
14,544,631
-13,552,638
-145,595,740
-185,661,868
-250,774,1023
-276,758,1213
-414,709,1221
-659,800,1159
-660,764,1134
-517,640,1002
-409,442,897
-372,358,753
-355,278,568
-455,250,513
-536,9,373
-614,257,265
-676,166,65
-724,243,71
-836,476,354
-958,402,1077
-816,-26,1686
-522,14,1235
-629,648,1316
-756,785,1097
-1107,1045,1551
-1431,806,1406
-1477,-228,-115
-795,754,-1513
61,1423,-1127
264,842,-418
395,280,-488
291,79,-560
-83,450,-660
-452,808,-633
-766,1094,-432
-733,1059,-311
-594,923,-315
-717,1299,-295
-721,1259,-100
-619,1047,59
-505,1078,92
-469,1149,41
-302,1108,171
-565,1380,228
-711,1439,140
-617,1187,46
-534,1016,19
-426,954,10
-358,884,37
-309,749,51
-228,619,84
-155,506,115
-123,481,124
-125,494,143
-116,624,179
-165,785,165
-230,908,164
-240,995,125
-239,1011,70
-288,1068,135
-365,1117,152
-290,1154,46
-325,1442,-6
-570,1506,21
-704,1449,-6
-661,1269,-58
-636,1107,-66
-583,949,32
-434,721,63
-279,608,55
-166,520,23
-134,526,13
-170,477,230
-106,518,96
-88,828,-68
-140,998,-29
-224,959,12
-300,1076,-4
-300,1131,-5
-282,1178,-17
-408,1250,51
-476,1144,103
-530,1275,-17
-689,1258,-85
-524,972,-62
-307,817,-41
-170,797,-61
-128,725,-13
-76,619,-11
-58,652,-85
-113,773,-98
-155,808,-112
-195,925,-148
-304,1015,-148
-428,1041,-73
-412,1074,-29
-370,943,28
-355,1026,102
-313,1144,113
-210,1203,147
-10,1067,158
27,1074,131
-98,1030,114
-193,1043,-83
-415,1002,-24
-729,924,-11
-1000,689,-56
-912,583,152
-957,958,5
-1054,597,87
-1262,586,400
-1137,656,420
-985,863,424
-940,845,844
-683,777,579
-552,527,258
-733,769,254
-861,539,366
-869,392,489
-786,526,613
-699,599,732
-578,329,1007
-458,199,1301
-408,229,1368
-265,354,1198
-190,433,1304
27,645,960
39,854,729
9,794,361
-123,609,227
-592,851,331
-704,500,248
-1094,738,55
-1063,991,38
-849,393,263
-779,575,734
-866,396,915
-803,304,808
-737,490,407
-682,537,124
-911,647,216
-930,580,155
-745,622,168
-645,945,274
-364,1248,516
-210,1425,620
-125,1295,1013
-130,985,851
-339,765,841
-503,628,871
-614,684,846
-681,695,839
-732,897,810
-572,923,564
-535,868,453
-344,867,314
-137,600,183
-304,666,194
-495,517,-127
-1202,286,-658
-1808,845,-48
-1135,598,84
-850,861,310
-783,887,787
-596,653,914
-456,847,954
-241,1044,948
131,1042,880
218,957,1162
207,624,1115
118,406,780
-42,543,659
-181,383,513
-664,738,370
-811,779,153
-1062,587,247
-785,573,12
-672,1065,141
-532,1020,362
-383,715,700
-603,806,738
-570,628,748
-561,668,651
-679,635,540
-692,568,345
-626,731,175
-680,605,522
-676,553,739
-600,579,681
-682,310,781
-756,410,654
-796,442,818
-770,522,718
-658,433,471
-697,627,569
-679,523,514
-493,277,375
-588,453,584
-602,494,663
-537,459,600
-613,624,690
-573,549,658
-635,538,536
-769,607,394
-769,535,130
-791,537,7
-737,700,164
-607,828,250
-345,1009,718
-245,1105,1076
-340,955,1137
-519,801,1000
-643,817,889
-802,709,811
-827,600,537
-732,459,405
-495,359,297
-216,221,-96
-339,749,-57
-504,1062,-234
-797,1802,51
-663,1269,3
-661,513,113
-646,1027,403
-657,1135,541
-512,629,288
-455,809,331
-571,730,532
-604,717,580
-524,800,409
-527,803,328
-529,795,271
-563,769,336
-572,741,342
-671,693,412
-728,689,373
-716,688,203
-869,619,350
-946,453,581
-1006,640,790
-976,670,648
-926,770,788
-630,391,1135
-283,242,878
-136,364,636
-198,444,459
-421,918,243
-548,888,-102
-772,772,-312
-978,1134,-544
-1098,1751,-619
-1044,943,243
-668,630,335
-828,745,483
-897,672,605
-733,620,447
-752,312,594
-686,508,596
-689,432,585
-851,588,715
-1045,382,884
-1243,425,1207
-966,392,910
-781,651,1003
-519,290,1320
-178,241,1046
-36,430,788
-51,426,368
-313,1023,147
-647,977,215
-713,399,-312
-1331,1096,46
-1141,909,-387
-996,633,-230
-883,838,299
-974,526,789
-921,620,469
-794,744,346
-623,855,400
-512,664,563
-351,619,608
-483,567,831
-885,302,1120
-1174,-82,1221
-1282,104,1076
-1076,216,888
-781,110,1289
-342,-103,1258
-248,126,1043
-259,275,896
-437,421,347
-703,637,-232
-1342,1181,-322
-1570,1076,-636
-1051,1095,-253
-723,908,90
-793,1187,755
-662,1180,856
-502,843,612
-491,831,522
-579,571,791
-659,340,859
-912,464,823
-1054,647,774
-994,787,614
-723,647,234
-652,1207,426
-684,1251,157
-472,959,253
-381,813,207
-213,795,-14
-129,878,-136
-117,708,60
-198,659,166
2,836,83
102,996,67
28,1365,-115
4,1425,92
55,1274,107
119,818,-89
23,561,12
-173,623,131
-252,840,124
-334,908,375
-222,926,383
-107,969,309
-6,926,273
5,910,235
-40,850,202
-167,854,212
-254,880,260
-378,957,323
-521,1074,279
-704,1164,291
-784,978,330
-772,893,374
-731,874,497
-562,761,558
-425,694,563
-291,672,348
-224,633,270
-245,653,234
-229,702,244
-194,678,238
-168,669,293
-168,828,389
-186,916,640
-170,841,736
-182,679,698
-180,692,530
-214,791,534
-216,928,634
-285,1165,533
-295,1410,390
-380,1451,404
-308,1177,346
-212,883,247
-209,936,262
-233,1088,272
-190,1067,247
-147,897,355
-131,715,467
-97,596,403
-72,453,355
-68,452,390
-33,580,373
-54,628,427
-56,613,494
-81,793,614
-120,994,817
-79,933,861
-264,1148,786
-430,1236,687
-514,1184,508
-592,983,469
-666,834,533
-536,661,483
-378,613,405
-244,703,420
-141,649,446
-57,559,421
3,552,430
15,564,480
-20,585,581
-66,704,646
-76,718,655
-108,769,645
-188,878,752
-218,869,895
-116,974,700
-69,1050,559
22,963,514
8,1002,436
-11,1298,421
-111,1361,394
-202,1284,427
-148,1051,415
-12,744,355
4,635,375
-70,693,386
-157,645,447
-175,521,407
-190,735,310
-214,934,361
-164,877,358
-96,873,309
82,959,242
75,1225,388
56,1308,317
238,1142,229
286,668,245
263,500,297
0,595,471
-116,180,526
-547,1154,1219
-601,626,1271
-533,-163,481
-1192,1797,525
-668,1799,491
103,206,249
265,138,536
-356,-312,1251
-340,386,957
-385,664,976
-684,1034,1054
-533,1605,1101
-151,1389,775
-136,1180,477
47,687,254
343,-105,-128
155,-43,419
106,156,782
-199,260,527
-609,906,786
-289,1053,1030
178,912,840
499,602,680
583,650,572
472,432,413
350,233,533
105,345,636
-390,548,920
-867,779,1094
-969,792,844
-1101,1214,357
-669,1039,833
-430,393,682
-490,418,547
-692,608,534
-904,739,620
-954,528,582
-805,412,581
-715,432,591
-665,366,551
-637,465,437
-600,818,643
-462,668,724
-418,639,692
-444,731,614
-439,758,481
-483,617,323
-490,497,194
-649,468,165
-821,620,229
-866,611,238
-880,626,271
-895,644,343
-1004,662,394
-986,657,373
-952,594,364
-927,422,347
-813,341,377
-800,246,406
-815,268,446
-790,359,447
-773,441,456
-806,456,509
-833,384,556
-852,307,583
-859,243,598
-851,190,607
-860,171,579
-895,246,575
-969,334,572
-965,348,529
-1066,396,519
-1248,569,498
-1036,604,402
-943,539,308
-925,650,327
-830,678,302
-694,599,210
-591,526,148
-562,495,143
