-903,113,-166
-903,108,-169
-905,103,-169
-904,98,-170
-905,94,-170
-903,89,-171
-903,85,-173
-902,83,-178
-901,76,-182
-901,74,-184
-901,67,-183
-903,61,-177
-906,56,-173
-905,53,-166
-905,47,-164
-906,40,-163
-904,35,-164
-903,30,-169
-899,28,-179
-892,30,-188
-889,35,-196
-880,41,-204
-870,55,-209
-861,73,-211
-846,103,-223
-822,137,-235
-787,182,-248
-750,225,-264
-713,264,-282
-672,294,-300
-628,322,-313
-580,350,-321
-550,368,-315
-527,382,-297
-516,392,-272
-516,383,-254
-537,355,-245
-553,322,-247
-558,292,-249
-573,255,-259
-588,215,-270
-601,192,-274
-603,199,-273
-603,220,-274
-601,243,-274
-600,266,-285
-587,298,-297
-582,320,-312
-581,338,-330
-571,358,-348
-564,369,-374
-553,369,-406
-549,369,-430
-546,372,-441
-544,381,-446
-543,391,-450
-544,400,-443
-550,408,-438
-555,414,-429
-565,418,-420
-578,408,-419
-589,405,-415
-592,402,-417
-591,398,-424
-594,394,-428
-595,389,-431
-596,388,-438
-592,382,-448
-584,376,-457
-573,377,-464
-559,379,-469
-546,382,-475
-534,381,-482
-526,382,-488
-515,375,-499
-507,363,-511
-499,363,-515
-488,362,-516
-477,360,-523
-468,362,-527
-463,369,-519
-465,368,-514
-468,359,-513
-472,346,-512
-480,331,-511
-489,306,-507
-509,272,-504
-514,245,-495
-513,225,-489
-508,207,-489
-499,191,-491
-479,180,-497
-467,167,-504
-459,145,-506
-452,117,-507
-447,88,-510
-441,54,-511
-434,22,-510
-421,-14,-513
-406,-62,-519
-387,-109,-522
-371,-149,-526
-357,-164,-529
-347,-178,-528
-341,-188,-529
-333,-196,-529
-323,-190,-534
-316,-187,-537
-315,-186,-541
-313,-183,-543
-313,-188,-541
-311,-194,-542
-312,-200,-542
-308,-206,-545
-305,-212,-547
-302,-219,-548
-302,-226,-548
-306,-244,-544
-301,-269,-534
-307,-293,-522
-311,-304,-512
-314,-298,-504
-315,-254,-512
-309,-180,-526
-289,-76,-539
-263,44,-528
-240,166,-496
-228,238,-447
-223,263,-404
-233,262,-378
-253,255,-358
-268,243,-346
-277,247,-335
-279,266,-322
-279,276,-310
-283,287,-301
-293,290,-289
-308,290,-282
-312,292,-271
-323,286,-271
-335,275,-283
-333,278,-292
-322,305,-289
-305,342,-290
-271,387,-288
-227,425,-282
-164,467,-284
-106,490,-287
-56,504,-292
11,513,-294
85,513,-298
178,503,-301
260,481,-296
330,457,-287
402,414,-276
465,361,-276
522,297,-278
562,237,-277
591,178,-278
616,119,-276
632,60,-272
639,0,-264
644,-53,-259
647,-101,-254
645,-155,-245
641,-211,-231
630,-264,-211
618,-312,-188
609,-357,-166
586,-400,-147
564,-439,-132
540,-469,-118
521,-492,-109
506,-515,-103
485,-537,-97
462,-558,-93
436,-574,-93
417,-589,-95
404,-602,-98
387,-612,-101
366,-623,-109
347,-634,-113
331,-642,-121
322,-649,-131
315,-651,-140
308,-657,-143
298,-658,-157
285,-663,-174
270,-667,-190
259,-668,-208
250,-669,-217
237,-669,-231
228,-670,-242
219,-674,-250
205,-672,-271
191,-670,-293
169,-670,-318
150,-664,-348
127,-654,-380
105,-644,-412
86,-633,-445
67,-617,-479
56,-607,-503
51,-597,-524
52,-587,-546
56,-582,-557
52,-573,-575
49,-560,-593
44,-555,-602
32,-545,-613
15,-537,-620
-6,-545,-615
-30,-545,-611
-51,-542,-612
-75,-544,-606
-99,-538,-605
-123,-513,-617
-131,-494,-629
-137,-474,-645
-148,-456,-655
-158,-450,-657
-168,-440,-661
-191,-425,-664
-216,-426,-658
-244,-421,-652
-277,-416,-642
-306,-422,-624
-334,-420,-613
-363,-410,-603
-383,-407,-596
-398,-401,-592
-408,-399,-590
-411,-400,-589
-417,-400,-589
-424,-396,-588
-432,-399,-588
-436,-392,-591
-440,-390,-595
-443,-392,-596
-444,-389,-601
-442,-381,-610
-448,-387,-609
-445,-375,-618
-440,-356,-633
-434,-348,-644
-427,-342,-653
-417,-324,-668
-409,-334,-671
-418,-335,-669
-437,-311,-666
-464,-274,-666
-490,-201,-663
-524,-146,-655
-545,-143,-645
-535,-180,-650
-492,-235,-674
-419,-352,-698
-304,-478,-701
-171,-572,-689
-38,-646,-662
70,-701,-624
165,-784,-541
243,-853,-428
299,-887,-348
337,-911,-280
357,-936,-207
385,-958,-109
418,-968,-31
450,-971,75
496,-958,171
544,-944,231
579,-936,277
608,-956,267
627,-996,201
652,-1035,101
703,-1051,3
769,-1070,-79
835,-1077,-82
911,-1079,-40
978,-1070,21
1000,-1059,54
998,-1059,76
998,-1042,84
1011,-1002,72
1040,-960,58
1082,-913,39
1128,-848,25
1153,-806,-19
1162,-774,-67
1149,-771,-86
1133,-798,-97
1134,-804,-131
1126,-804,-134
1130,-793,-124
1139,-769,-98
1127,-745,-59
1100,-726,-13
1056,-725,21
994,-737,25
915,-777,-9
819,-828,-61
709,-869,-95
611,-890,-98
522,-903,-119
428,-919,-144
344,-935,-143
264,-952,-147
188,-967,-154
122,-984,-154
71,-997,-157
31,-1004,-168
18,-1010,-167
24,-1017,-168
25,-1018,-163
26,-1016,-162
20,-1014,-163
-4,-1006,-140
-29,-1009,-105
-48,-1011,-64
-63,-1005,-22
-70,-1000,-3
-71,-1001,22
-77,-993,49
-85,-988,66
-87,-987,95
-90,-979,122
-89,-974,154
-74,-970,189
-57,-960,248
-48,-939,326
-43,-916,395
-32,-884,475
-20,-846,552
8,-799,626
55,-728,711
111,-664,772
171,-610,816
196,-589,817
213,-589,797
224,-594,783
237,-597,764
252,-601,747
288,-603,729
326,-587,720
359,-590,699
383,-609,669
399,-632,644
403,-651,624
403,-663,618
403,-664,622
411,-662,625
419,-662,628
427,-657,634
434,-662,635
438,-673,631
441,-684,630
447,-697,631
461,-714,628
474,-731,628
494,-757,622
526,-784,616
559,-809,619
603,-831,632
662,-847,648
720,-865,677
765,-896,720
803,-930,783
809,-939,876
794,-923,977
762,-876,1071
713,-825,1140
659,-784,1189
625,-766,1209
587,-747,1222
547,-728,1236
512,-736,1240
472,-729,1255
441,-715,1267
424,-712,1273
391,-705,1282
365,-692,1279
351,-653,1267
328,-647,1251
318,-693,1225
323,-728,1206
312,-719,1194
300,-750,1167
292,-792,1117
271,-806,1071
263,-842,1016
268,-885,974
265,-899,965
279,-901,970
306,-919,971
317,-968,964
330,-1043,936
357,-1133,892
366,-1162,887
362,-1126,927
384,-1019,1009
396,-857,1074
375,-728,1089
329,-705,1039
284,-685,989
251,-625,986
242,-615,963
269,-589,947
322,-525,948
371,-469,943
407,-448,931
445,-431,920
476,-423,912
505,-413,908
542,-402,901
598,-401,893
662,-408,875
726,-403,870
793,-390,875
861,-363,884
923,-330,910
981,-331,934
1011,-338,992
1021,-370,1072
1023,-432,1158
980,-542,1287
872,-762,1400
679,-1075,1416
432,-1320,1320
211,-1484,1126
41,-1544,817
-89,-1536,536
-156,-1455,256
-134,-1372,50
-124,-1321,-61
-94,-1254,-143
-23,-1190,-222
8,-1115,-298
41,-1088,-338
80,-1101,-340
44,-1150,-259
23,-1210,-121
47,-1266,95
41,-1288,320
66,-1266,508
112,-1178,694
92,-1081,814
63,-1006,871
-5,-1010,852
-111,-1052,794
-198,-1106,746
-272,-1154,713
-360,-1176,649
-439,-1142,603
-506,-1081,554
-560,-1037,438
-568,-1027,300
-547,-1039,125
-495,-1043,-65
-411,-1049,-218
-306,-1042,-358
-197,-1031,-449
-110,-1010,-525
-46,-1008,-561
25,-1036,-545
123,-1062,-518
214,-1091,-473
275,-1130,-375
305,-1149,-329
315,-1170,-266
307,-1185,-154
307,-1170,-112
310,-1128,-159
321,-1086,-201
358,-1058,-209
407,-1031,-218
449,-999,-234
482,-969,-218
528,-923,-237
575,-876,-273
631,-834,-270
697,-800,-272
761,-764,-265
833,-728,-246
905,-684,-235
950,-636,-272
981,-598,-311
1009,-566,-328
1017,-563,-331
1020,-562,-345
1028,-564,-345
1038,-572,-323
1058,-571,-306
1089,-545,-310
1116,-521,-327
1132,-554,-290
1156,-589,-274
1184,-603,-236
1223,-607,-203
1262,-611,-157
1277,-620,-144
1294,-638,-119
1343,-638,-115
1361,-635,-87
1375,-633,-71
1400,-591,-74
1414,-552,-60
1415,-511,-75
1416,-492,-108
1404,-496,-152
1386,-508,-194
1374,-528,-209
1339,-563,-182
1295,-614,-110
1235,-673,-6
1129,-752,102
992,-838,161
819,-943,153
626,-1009,52
439,-1013,-84
273,-964,-219
135,-892,-308
22,-807,-384
-67,-742,-416
-134,-689,-423
-186,-642,-430
-224,-612,-425
-249,-580,-423
-254,-568,-425
-245,-556,-435
-229,-536,-460
-220,-499,-498
-217,-455,-539
-220,-414,-565
-228,-394,-570
-235,-396,-568
-237,-400,-560
-246,-403,-560
-251,-384,-567
-254,-352,-584
-255,-319,-602
-258,-291,-617
-270,-273,-625
-284,-278,-618
-305,-299,-602
-338,-321,-578
-370,-328,-557
-401,-319,-545
-429,-290,-538
-456,-267,-530
-479,-254,-512
-497,-258,-492
-510,-274,-468
-514,-292,-457
-509,-304,-456
-508,-333,-438
-510,-379,-406
-512,-424,-365
-516,-451,-331
-523,-458,-315
-530,-452,-315
-537,-447,-311
-540,-438,-320
-542,-437,-318
-545,-442,-314
-547,-435,-326
-543,-430,-347
-537,-426,-371
-528,-427,-397
-517,-424,-424
-504,-408,-469
-489,-342,-533
-461,-248,-591
-440,-172,-625
-427,-114,-644
-408,-56,-652
-383,-2,-655
-352,21,-652
-324,35,-656
-294,56,-666
-252,77,-675
-200,82,-682
-141,61,-691
-90,41,-699
-38,22,-708
15,-14,-710
70,-54,-705
133,-101,-691
188,-137,-673
239,-166,-651
289,-195,-620
331,-224,-585
365,-257,-545
404,-276,-504
446,-291,-462
475,-307,-425
496,-318,-388
512,-329,-355
530,-337,-328
548,-349,-300
560,-359,-273
572,-369,-246
578,-383,-214
588,-396,-176
601,-405,-142
613,-409,-103
618,-413,-82
620,-418,-79
618,-424,-81
625,-430,-88
633,-432,-97
639,-431,-105
639,-428,-113
642,-428,-116
650,-428,-112
655,-426,-105
665,-423,-98
669,-412,-88
679,-402,-82
691,-396,-81
699,-384,-87
706,-369,-99
712,-353,-118
720,-337,-125
729,-325,-129
736,-327,-130
739,-335,-119
745,-348,-101
745,-360,-85
744,-368,-62
744,-382,-39
746,-396,-11
744,-412,20
741,-427,48
737,-439,72
730,-449,105
724,-467,130
714,-489,149
700,-508,173
691,-522,192
684,-528,210
680,-530,234
674,-532,250
668,-542,256
661,-549,270
652,-551,289
643,-554,305
631,-560,324
623,-568,339
615,-576,346
606,-589,354
598,-600,360
595,-608,364
592,-613,377
590,-617,385
591,-621,392
590,-628,408
592,-629,420
599,-631,431
602,-632,451
611,-635,464
622,-639,474
628,-642,498
638,-637,529
651,-624,567
653,-604,617
661,-579,671
672,-543,727
675,-508,778
679,-473,818
691,-436,852
688,-402,884
681,-373,913
678,-355,934
668,-352,951
654,-356,968
645,-350,990
625,-340,1011
611,-324,1035
609,-300,1061
594,-267,1086
596,-230,1104
613,-191,1119
604,-177,1136
600,-184,1150
604,-202,1161
594,-231,1181
582,-279,1194
591,-321,1207
582,-343,1227
567,-375,1243
559,-396,1256
526,-418,1271
502,-425,1278
490,-427,1278
459,-441,1276
434,-450,1267
430,-465,1259
406,-479,1251
398,-483,1250
409,-487,1248
408,-490,1248
411,-493,1249
422,-499,1250
405,-506,1248
385,-507,1247
376,-506,1243
340,-485,1242
319,-458,1239
314,-429,1236
292,-394,1232
283,-360,1231
294,-335,1234
290,-319,1231
295,-307,1233
328,-295,1241
350,-289,1248
384,-301,1255
435,-340,1265
460,-385,1286
485,-451,1313
511,-548,1343
492,-685,1386
473,-801,1445
481,-924,1505
475,-1081,1589
467,-1236,1667
480,-1355,1736
482,-1406,1801
502,-1421,1837
536,-1393,1843
508,-1381,1825
454,-1371,1782
382,-1399,1720
266,-1460,1634
152,-1513,1508
79,-1579,1354
-11,-1666,1213
-77,-1745,1081
-121,-1817,949
-178,-1895,822
-214,-1927,672
-216,-1876,577
-235,-1803,538
-232,-1729,468
-205,-1640,357
-214,-1580,307
-200,-1525,250
-165,-1488,212
-169,-1461,207
-162,-1414,214
-119,-1375,196
-117,-1347,178
-111,-1322,164
-89,-1305,148
-106,-1303,150
-109,-1307,155
-81,-1314,146
-97,-1338,128
-101,-1361,94
-80,-1377,53
-103,-1400,44
-123,-1421,38
-113,-1432,12
-137,-1460,9
-156,-1498,-2
-155,-1544,-31
-188,-1623,-40
-201,-1704,-49
-199,-1775,-63
-227,-1864,-74
-241,-1924,-99
-231,-1959,-102
-241,-1990,-46
-240,-2001,2
-217,-2000,41
-213,-2026,106
-205,-2058,219
-178,-2104,372
-158,-2177,633
-41,-2213,1105
249,-2034,1617
542,-1632,1893
670,-1262,1788
720,-1020,1616
691,-892,1479
671,-804,1382
605,-792,1234
586,-752,1175
631,-685,1171
646,-664,1123
641,-658,1074
611,-701,986
622,-709,918
652,-692,873
669,-691,804
694,-667,741
695,-653,668
715,-612,623
755,-550,587
771,-504,546
785,-458,503
794,-425,450
800,-387,415
811,-349,386
818,-319,349
821,-289,318
819,-262,286
826,-227,257
836,-187,238
841,-152,218
846,-116,195
842,-88,180
843,-65,170
847,-44,165
843,-26,166
842,-12,169
842,-4,166
844,7,168
842,19,164
844,27,154
845,35,149
847,42,138
847,48,128
847,54,122
848,54,121
850,53,123
849,50,135
850,42,144
851,33,149
852,11,154
854,-22,154
862,-64,144
864,-106,137
861,-147,127
859,-190,114
854,-231,113
850,-268,119
846,-295,128
840,-313,149
839,-331,169
840,-354,183
837,-384,197
838,-427,196
839,-470,184
829,-526,174
808,-591,160
781,-666,138
730,-743,121
667,-808,99
600,-863,68
529,-904,23
447,-934,-35
378,-943,-92
309,-943,-145
244,-934,-198
188,-919,-244
132,-894,-285
95,-877,-310
73,-864,-329
65,-849,-345
64,-832,-367
76,-810,-390
93,-787,-416
115,-765,-442
139,-747,-457
161,-729,-469
180,-711,-477
198,-697,-483
211,-691,-482
219,-695,-461
227,-703,-439
226,-707,-414
213,-710,-404
190,-715,-395
170,-719,-387
151,-721,-383
130,-717,-389
116,-700,-414
98,-675,-447
68,-647,-484
28,-622,-513
-12,-599,-533
-59,-585,-536
-109,-571,-541
-154,-544,-546
-193,-527,-544
-229,-508,-543
-256,-490,-543
-279,-465,-549
-305,-430,-561
-330,-395,-567
-363,-372,-564
-399,-370,-544
-430,-381,-514
-465,-402,-475
-494,-434,-429
-525,-480,-364
-544,-520,-295
-549,-548,-224
-554,-568,-155
-550,-580,-104
-540,-583,-64
-528,-584,-39
-521,-579,-18
-513,-579,17
-501,-580,54
-488,-588,93
-469,-596,137
-445,-603,182
-426,-606,229
-414,-605,258
-403,-610,275
-395,-611,284
-387,-618,293
-370,-633,293
-366,-644,280
-362,-647,287
-353,-646,305
-349,-649,305
-353,-649,301
-349,-652,296
-345,-656,298
-340,-653,316
-342,-645,339
-343,-634,358
-345,-622,382
-349,-609,413
-361,-596,433
-371,-593,438
-386,-586,443
-402,-575,453
-421,-564,454
-443,-556,450
-461,-547,445
-475,-541,441
-485,-534,443
-495,-537,429
-498,-543,418
-497,-540,420
-495,-536,431
-492,-540,430
-491,-548,426
-489,-549,421
-494,-551,412
-498,-559,390
-500,-570,366
-504,-578,342
-504,-586,321
-505,-598,301
-507,-610,273
-504,-620,246
-501,-632,222
-498,-643,203
-494,-650,185
-493,-656,160
-496,-658,136
-499,-656,115
-503,-652,95
-510,-652,78
-519,-646,64
-525,-641,54
-531,-636,44
-541,-629,29
-550,-621,14
-556,-608,0
-567,-597,-10
-577,-581,-18
-582,-569,-27
-591,-556,-38
-595,-548,-47
-601,-540,-51
-603,-532,-62
-597,-535,-60
-587,-544,-52
-570,-561,-36
-553,-578,-31
-540,-591,-42
-529,-594,-79
-517,-594,-122
-498,-599,-158
-477,-613,-176
-468,-626,-176
-466,-632,-147
-465,-634,-123
-474,-623,-126
-479,-611,-143
-482,-597,-163
-478,-594,-181
-472,-595,-185
-469,-596,-180
-467,-592,-187
-464,-590,-196
-457,-587,-210
-453,-583,-229
-448,-576,-250
-446,-566,-268
-446,-555,-286
-447,-545,-299
-452,-538,-313
-451,-535,-322
-450,-531,-334
-449,-530,-345
-448,-524,-350
-456,-519,-351
-465,-522,-334
-476,-522,-314
-485,-520,-290
-493,-517,-276
-499,-518,-269
-504,-519,-258
-507,-526,-241
-509,-539,-221
-511,-555,-191
-519,-569,-138
-549,-565,-69
-587,-543,-17
-621,-505,21
-659,-462,37
-696,-412,30
-724,-361,0
-741,-313,-46
-747,-265,-94
-750,-220,-133
-745,-176,-163
-738,-136,-175
-732,-99,-184
-733,-66,-176
-735,-51,-155
-728,-53,-132
-726,-72,-105
-720,-90,-86
-719,-114,-69
-712,-132,-64
-701,-139,-64
-698,-159,-55
-695,-183,-49
-690,-209,-43
-685,-229,-27
-680,-242,-11
-672,-255,0
-667,-264,18
-663,-275,43
-658,-284,78
-658,-287,108
-661,-288,133
-664,-289,164
-667,-294,192
-673,-302,214
-679,-306,236
-692,-302,261
-703,-295,271
-710,-285,276
-724,-283,287
-736,-285,313
-758,-278,349
-788,-266,367
-806,-258,376
-816,-250,371
-820,-250,356
-801,-270,345
-776,-300,333
-740,-339,332
-701,-378,346
-654,-406,364
-604,-434,386
-554,-463,399
-502,-489,415
-456,-507,423
-412,-520,431
-368,-532,440
-322,-547,444
-279,-563,450
-232,-578,449
-183,-591,448
-129,-603,448
-74,-610,448
-21,-612,443
32,-610,437
82,-605,434
124,-599,430
163,-594,415
199,-584,403
232,-578,391
261,-570,384
285,-562,384
303,-553,379
317,-546,378
327,-543,377
332,-546,375
342,-552,364
345,-556,358
334,-575,351
324,-599,338
307,-620,324
304,-634,306
307,-641,296
308,-646,285
309,-651,276
313,-660,266
312,-669,259
313,-680,254
315,-691,245
320,-699,245
333,-702,246
343,-715,244
352,-728,239
358,-740,233
372,-753,231
389,-761,238
395,-772,237
398,-792,227
398,-811,224
396,-825,210
389,-846,191
383,-863,174
379,-873,164
379,-889,152
376,-907,157
364,-932,172
345,-976,180
314,-1031,192
271,-1093,212
223,-1157,217
175,-1213,221
118,-1265,228
65,-1315,229
16,-1357,242
-19,-1390,242
-42,-1418,227
-57,-1438,222
-65,-1451,223
-55,-1464,217
-42,-1478,198
-27,-1488,185
-8,-1500,219
6,-1505,269
20,-1507,263
36,-1517,252
42,-1521,266
43,-1517,292
33,-1512,328
8,-1493,371
-44,-1457,397
-102,-1437,409
-160,-1414,398
-198,-1394,388
-216,-1398,360
-198,-1418,330
-152,-1439,327
-99,-1469,341
-51,-1491,354
-9,-1511,374
18,-1524,403
22,-1520,430
22,-1516,441
22,-1512,434
18,-1504,418
17,-1496,400
25,-1496,383
37,-1490,385
60,-1481,393
99,-1479,384
141,-1469,379
187,-1453,381
245,-1430,374
303,-1392,363
363,-1339,342
412,-1287,309
453,-1228,275
480,-1159,232
496,-1100,181
504,-1031,129
508,-977,96
514,-933,68
516,-888,46
518,-849,25
516,-815,-3
517,-779,-23
521,-748,-39
522,-722,-60
525,-694,-84
527,-665,-108
526,-639,-138
528,-613,-167
523,-590,-202
508,-569,-240
492,-551,-284
472,-534,-320
448,-524,-357
426,-508,-386
407,-502,-406
388,-497,-425
381,-487,-438
376,-477,-453
371,-472,-460
369,-468,-465
371,-472,-462
370,-474,-463
369,-473,-470
370,-471,-476
365,-470,-488
363,-469,-497
365,-468,-505
362,-476,-506
364,-480,-508
371,-483,-507
368,-496,-500
372,-500,-495
378,-504,-487
391,-507,-476
409,-507,-467
432,-503,-455
451,-501,-442
469,-495,-431
492,-487,-418
514,-485,-404
534,-474,-390
551,-465,-379
562,-457,-375
572,-452,-367
582,-445,-359
587,-436,-357
598,-424,-353
608,-413,-348
617,-404,-346
621,-393,-346
627,-389,-346
631,-391,-338
638,-392,-329
642,-398,-315
646,-403,-304
652,-412,-292
653,-415,-287
648,-421,-283
652,-424,-278
652,-424,-271
655,-424,-264
661,-420,-256
667,-413,-251
671,-408,-248
674,-399,-250
674,-396,-250
675,-395,-252
674,-391,-255
673,-387,-262
670,-384,-267
668,-377,-274
672,-369,-279
675,-365,-279
680,-360,-280
686,-359,-276
688,-369,-272
691,-377,-261
692,-387,-253
696,-395,-240
704,-403,-220
714,-403,-194
727,-399,-166
743,-383,-145
756,-367,-126
766,-347,-114
771,-320,-111
780,-292,-120
787,-268,-123
794,-240,-122
800,-214,-119
806,-193,-115
812,-177,-108
814,-164,-101
819,-166,-94
822,-161,-85
827,-160,-73
830,-161,-61
832,-164,-45
835,-163,-32
837,-166,-19
837,-162,-7
840,-156,2
842,-151,11
844,-135,22
845,-128,30
846,-117,39
847,-108,46
850,-99,49
852,-95,44
853,-86,41
856,-77,39
858,-73,40
859,-63,51
862,-63,66
861,-63,82
860,-68,105
862,-78,121
858,-96,138
859,-117,158
856,-143,176
855,-174,188
850,-202,200
845,-231,210
843,-261,213
834,-289,220
827,-322,220
820,-356,218
813,-384,221
808,-414,219
807,-440,203
808,-463,191
810,-481,175
814,-498,157
818,-513,145
821,-525,117
816,-553,81
807,-583,60
797,-608,57
794,-624,71
793,-639,102
792,-655,146
787,-671,187
779,-691,231
755,-720,284
718,-755,333
663,-784,397
606,-799,461
552,-802,513
494,-804,571
443,-802,623
390,-795,658
353,-818,669
332,-841,678
319,-861,696
306,-877,705
297,-897,707
289,-898,696
278,-889,698
291,-861,731
302,-838,758
306,-837,762
301,-836,755
298,-829,740
303,-803,721
316,-767,712
335,-729,692
354,-695,686
374,-666,685
387,-644,673
400,-618,672
418,-585,668
434,-563,656
448,-541,649
459,-528,642
465,-524,635
461,-534,634
467,-538,637
486,-507,654
505,-482,665
514,-482,667
523,-478,671
521,-487,675
517,-504,673
522,-511,673
516,-524,676
512,-540,677
510,-548,682
502,-552,689
501,-554,697
504,-554,699
506,-539,710
506,-531,720
501,-541,722
490,-553,720
485,-567,722
477,-577,722
465,-586,728
458,-589,732
458,-594,735
456,-599,735
457,-616,734
448,-639,725
429,-670,716
411,-702,708
402,-715,710
394,-709,730
403,-688,754
419,-666,775
429,-648,791
441,-634,802
450,-631,801
453,-638,799
460,-650,794
465,-660,785
471,-660,785
477,-656,787
485,-648,788
498,-638,793
506,-630,796
516,-620,795
518,-615,799
520,-619,803
524,-617,807
526,-613,817
531,-610,824
540,-609,826
551,-604,831
560,-600,839
574,-599,843
579,-588,853
591,-579,860
603,-572,865
610,-566,869
616,-560,872
619,-560,871
615,-556,874
611,-555,879
611,-555,875
605,-556,876
604,-558,874
602,-562,864
601,-565,864
598,-567,864
598,-570,860
595,-571,861
592,-572,859
599,-575,856
601,-573,858
601,-576,858
602,-573,858
590,-580,856
578,-590,856
565,-599,856
548,-609,854
532,-620,853
520,-634,844
507,-638,840
502,-644,837
500,-647,832
493,-648,834
492,-648,836
485,-652,835
476,-653,838
467,-656,838
458,-652,843
444,-641,854
431,-632,863
419,-624,865
406,-620,870
396,-617,870
385,-625,865
374,-630,865
364,-635,861
355,-644,857
339,-657,850
332,-670,839
337,-670,834
342,-667,835
353,-661,836
361,-661,833
363,-654,839
358,-652,844
357,-654,840
358,-648,845
365,-640,848
369,-631,850
372,-628,849
371,-632,846
368,-635,842
366,-630,844
365,-628,847
364,-630,845
362,-623,851
368,-620,853
379,-623,847
391,-624,844
411,-615,843
431,-605,839
457,-595,830
480,-585,823
505,-577,806
521,-566,797
543,-558,788
558,-550,773
572,-546,761
586,-540,751
601,-537,736
612,-531,726
622,-528,718
633,-518,704
637,-504,707
645,-499,704
648,-495,697
649,-493,695
650,-492,690
654,-497,684
650,-492,685
650,-491,683
649,-494,680
641,-493,684
637,-497,680
637,-498,680
632,-499,685
629,-504,685
626,-503,685
620,-493,695
620,-482,702
623,-465,708
619,-446,720
620,-438,724
619,-426,725
615,-411,732
614,-393,740
614,-382,742
612,-379,740
612,-367,740
620,-351,740
619,-336,747
620,-323,755
618,-311,760
612,-297,766
614,-289,767
616,-287,769
609,-283,771
605,-292,770
604,-303,766
595,-317,767
590,-337,760
590,-351,753
589,-362,750
585,-370,750
582,-383,749
576,-399,748
570,-419,743
566,-435,735
561,-451,734
561,-458,732
564,-461,727
562,-467,723
563,-475,721
563,-489,714
564,-490,717
556,-494,719
555,-504,711
548,-515,708
545,-525,706
539,-532,706
524,-538,711
524,-545,714
517,-551,719
512,-552,728
515,-547,732
520,-542,736
524,-536,738
533,-538,734
551,-523,728
571,-484,738
595,-455,740
615,-425,744
632,-401,755
643,-381,766
657,-363,775
664,-353,781
669,-354,780
670,-353,774
668,-341,771
677,-337,769
680,-338,765
669,-339,766
658,-357,760
650,-375,758
623,-414,757
591,-467,749
565,-512,739
548,-530,738
545,-541,738
558,-526,740
580,-503,747
596,-496,745
609,-480,747
600,-480,749
595,-487,739
590,-508,722
586,-543,705
591,-548,707
586,-546,704
588,-547,696
599,-536,694
624,-519,694
634,-499,698
642,-504,686
638,-515,672
622,-520,670
614,-539,657
611,-560,643
612,-563,641
623,-559,638
634,-552,632
634,-553,627
634,-556,623
627,-562,617
612,-576,614
603,-586,609
607,-588,607
605,-596,599
600,-620,582
590,-638,564
571,-669,543
560,-697,520
550,-705,518
531,-718,520
517,-728,526
508,-723,543
499,-708,575
496,-684,610
505,-666,628
514,-648,638
522,-635,653
521,-611,680
524,-577,711
534,-539,741
539,-517,756
538,-518,762
532,-531,757
533,-548,745
527,-575,724
530,-599,698
539,-610,679
540,-621,669
551,-616,673
555,-603,674
549,-601,674
549,-593,684
546,-594,682
543,-606,681
531,-633,673
517,-654,672
500,-672,677
476,-715,671
445,-772,660
403,-837,650
359,-903,635
310,-961,610
256,-1024,571
207,-1085,510
166,-1140,425
123,-1174,343
83,-1191,259
44,-1200,146
13,-1194,41
-2,-1180,-36
-8,-1169,-71
-10,-1165,-82
-5,-1160,-84
7,-1157,-80
16,-1152,-65
42,-1149,-65
75,-1144,-82
118,-1137,-86
177,-1128,-88
258,-1108,-81
353,-1078,-51
459,-1039,-30
550,-980,-47
621,-913,-89
681,-840,-125
716,-791,-144
716,-767,-155
694,-766,-165
657,-782,-181
608,-818,-177
548,-852,-182
490,-878,-188
434,-899,-189
383,-911,-191
342,-921,-192
307,-922,-198
287,-919,-212
278,-916,-218
280,-910,-223
296,-902,-222
313,-896,-222
324,-895,-217
333,-899,-190
339,-909,-148
335,-923,-78
339,-927,-8
344,-923,43
336,-915,58
326,-908,39
298,-896,4
271,-890,-36
248,-880,-63
228,-870,-72
198,-863,-67
166,-858,-42
120,-854,-13
58,-851,5
7,-842,16
-35,-831,17
-76,-820,13
-100,-810,7
-115,-802,6
-125,-796,5
-120,-796,7
-106,-797,16
-76,-797,26
-14,-803,26
57,-804,23
118,-797,10
178,-782,-11
211,-768,-32
221,-756,-31
225,-751,-11
228,-748,10
225,-745,28
231,-742,44
234,-738,54
237,-734,54
242,-734,42
239,-735,27
235,-734,11
226,-731,1
219,-732,1
205,-735,8
188,-741,27
169,-748,42
145,-754,48
129,-767,47
101,-780,31
67,-795,0
26,-803,-30
-25,-808,-55
-72,-806,-68
-122,-801,-79
-176,-791,-80
-229,-774,-78
-280,-760,-74
-323,-739,-74
-364,-718,-74
-400,-695,-63
-427,-679,-57
-446,-665,-51
-459,-656,-42
-470,-651,-31
-480,-646,-23
-480,-647,-19
-474,-650,-17
-466,-659,-13
-455,-669,-4
-442,-688,7
-421,-705,8
-392,-721,8
-373,-737,8
-358,-742,1
-349,-741,-20
-348,-732,-39
-355,-717,-59
-359,-702,-73
-363,-687,-85
-373,-669,-96
-380,-655,-101
-393,-639,-105
-408,-619,-102
-420,-604,-82
-428,-589,-49
-434,-581,-14
-431,-575,26
-425,-572,51
-424,-568,62
-420,-570,56
-414,-573,44
-410,-573,43
-408,-574,55
-410,-571,62
-408,-569,66
-414,-563,70
-416,-562,78
-418,-557,87
-415,-560,99
-411,-562,112
-413,-561,111
-409,-564,111
-414,-560,109
-428,-551,117
-443,-537,125
-463,-521,115
-486,-503,100
-507,-487,89
-526,-470,80
-542,-454,68
-550,-448,67
-561,-442,66
-568,-441,65
-571,-445,72
-574,-458,79
-575,-471,82
-566,-486,84
-558,-512,70
-544,-542,44
-529,-578,26
-514,-599,38
-498,-615,61
-484,-631,81
-469,-640,100
-455,-646,123
-439,-649,145
-425,-651,157
-406,-650,182
-380,-656,205
-353,-658,229
-322,-664,244
-282,-673,256
-241,-679,268
-198,-681,282
-156,-679,299
-113,-667,323
-76,-655,347
-36,-647,357
6,-640,361
44,-635,359
81,-636,354
117,-632,348
151,-627,343
183,-623,337
211,-616,328
233,-609,321
253,-605,315
270,-599,310
285,-596,306
300,-588,304
315,-582,301
332,-576,297
348,-570,290
369,-559,283
386,-551,278
406,-539,268
430,-521,266
449,-502,264
456,-495,256
470,-498,242
481,-503,206
491,-510,168
506,-512,128
516,-506,102
528,-500,76
536,-495,56
543,-493,40
554,-489,17
562,-484,-5
571,-475,-26
576,-469,-39
587,-468,-51
595,-465,-64
601,-468,-79
605,-471,-95
611,-474,-103
622,-472,-110
626,-481,-109
624,-493,-102
618,-507,-103
610,-522,-104
597,-536,-107
589,-548,-120
578,-558,-131
570,-570,-139
556,-584,-146
545,-597,-148
538,-607,-151
533,-614,-161
532,-615,-175
539,-609,-187
543,-605,-207
547,-597,-227
555,-585,-250
558,-573,-275
560,-570,-292
563,-566,-302
560,-564,-316
560,-560,-327
562,-557,-329
562,-555,-334
562,-552,-340
566,-546,-343
568,-540,-350
574,-537,-351
585,-528,-349
591,-522,-347
600,-517,-345
608,-504,-344
611,-497,-347
614,-492,-351
620,-483,-352
621,-480,-356
625,-478,-355
630,-468,-352
631,-465,-356
633,-460,-359
636,-454,-357
636,-455,-361
635,-451,-364
638,-450,-365
635,-452,-368
634,-453,-370
636,-450,-369
634,-451,-370
636,-451,-372
637,-445,-371
635,-446,-374
638,-445,-371
639,-444,-373
636,-445,-376
637,-445,-374
638,-445,-373
638,-447,-372
639,-448,-371
641,-446,-367
640,-449,-368
640,-449,-366
640,-450,-366
638,-454,-364
640,-454,-364
641,-452,-363
640,-452,-366
641,-450,-367
641,-444,-369
642,-444,-375
640,-440,-377
642,-436,-379
640,-438,-383
639,-433,-384
642,-430,-388
643,-428,-388
644,-425,-389
648,-420,-386
650,-419,-388
654,-418,-385
660,-418,-374
659,-426,-367
666,-432,-356
672,-435,-343
675,-439,-337
679,-433,-335
687,-420,-332
697,-410,-329
712,-392,-321
727,-376,-307
739,-362,-294
751,-355,-278
762,-352,-264
769,-352,-255
776,-348,-251
783,-338,-251
788,-333,-257
794,-327,-262
806,-322,-255
815,-331,-246
818,-343,-234
822,-359,-220
819,-388,-210
815,-422,-204
810,-449,-196
806,-473,-186
808,-489,-173
813,-499,-160
814,-505,-160
821,-507,-158
824,-511,-154
823,-519,-155
825,-528,-151
824,-531,-151
820,-541,-155
822,-546,-147
825,-550,-139
824,-558,-134
822,-568,-127
826,-570,-119
828,-575,-113
828,-582,-107
830,-585,-95
829,-595,-89
833,-594,-79
840,-594,-64
841,-591,-58
841,-586,-50
846,-581,-40
842,-583,-40
840,-588,-41
845,-580,-30
850,-570,-27
854,-558,-23
859,-546,-21
862,-536,-20
866,-522,-11
874,-501,1
874,-484,11
877,-463,26
883,-441,46
882,-418,65
883,-395,89
876,-373,111
877,-356,127
873,-339,147
874,-316,170
868,-299,189
861,-281,210
857,-252,228
854,-228,237
851,-202,246
845,-177,257
842,-161,258
842,-145,263
833,-137,268
831,-139,258
838,-146,244
845,-154,235
852,-164,215
856,-164,187
857,-158,150
858,-143,102
854,-114,45
846,-87,-10
839,-71,-54
822,-68,-89
805,-73,-107
788,-94,-118
774,-113,-129
759,-130,-142
741,-152,-151
724,-164,-147
707,-173,-137
690,-176,-125
674,-175,-113
665,-170,-115
663,-169,-123
670,-157,-137
689,-131,-137
708,-114,-120
721,-110,-72
727,-109,-1
723,-121,81
701,-136,161
670,-153,236
632,-168,292
596,-166,339
552,-160,384
524,-151,409
493,-149,435
463,-148,455
445,-143,458
434,-147,453
436,-155,441
454,-162,419
470,-180,395
483,-194,382
510,-206,354
519,-210,342
524,-204,341
535,-190,332
538,-171,340
526,-148,354
518,-130,369
501,-117,394
471,-107,430
454,-95,449
414,-88,472
378,-95,480
374,-96,463
394,-90,448
437,-78,422
518,-75,355
593,-69,264
648,-71,169
670,-96,59
674,-141,-21
671,-200,-64
655,-243,-59
649,-267,-42
647,-276,-39
646,-278,-32
634,-263,-12
626,-239,5
621,-225,10
615,-196,13
610,-176,18
599,-152,15
595,-135,14
597,-125,21
597,-111,25
597,-93,41
598,-65,66
594,-39,98
595,-16,132
597,12,170
597,36,207
617,50,242
635,71,280
644,95,313
643,133,359
624,182,423
574,242,492
529,292,529
490,320,560
457,321,576
490,282,530
541,229,435
577,172,327
600,121,210
610,86,85
602,74,-27
567,78,-126
549,85,-195
546,86,-233
537,79,-233
533,70,-208
536,61,-177
537,83,-156
545,108,-139
554,90,-149
559,58,-165
574,25,-182
578,-5,-186
580,-36,-188
590,-62,-186
605,-91,-176
626,-114,-165
642,-141,-154
658,-175,-145
680,-208,-140
710,-240,-133
728,-282,-123
737,-313,-111
737,-337,-105
738,-360,-99
744,-379,-96
749,-391,-94
758,-410,-89
764,-425,-81
766,-433,-72
765,-445,-68
765,-449,-59
773,-453,-51
780,-462,-50
783,-470,-47
785,-478,-44
780,-489,-47
784,-496,-47
789,-503,-49
783,-513,-44
773,-520,-44
779,-518,-46
786,-513,-38
801,-503,-47
814,-491,-76
825,-464,-120
833,-404,-186
836,-324,-256
833,-244,-323
806,-147,-395
765,-59,-458
719,21,-504
692,99,-520
679,156,-519
677,202,-495
684,234,-461
702,254,-424
705,248,-409
697,240,-401
704,225,-389
715,193,-371
716,158,-393
709,140,-408
708,130,-410
713,131,-401
724,126,-387
737,121,-367
751,114,-348
760,104,-334
774,88,-316
790,73,-293
808,56,-271
821,28,-257
833,1,-243
845,-20,-228
859,-43,-215
865,-64,-200
869,-89,-197
868,-119,-202
870,-138,-192
876,-153,-175
875,-183,-166
877,-205,-163
878,-223,-149
879,-247,-140
879,-265,-130
875,-288,-125
870,-315,-120
870,-331,-114
869,-348,-110
863,-363,-99
860,-366,-102
866,-352,-101
873,-341,-100
874,-325,-106
880,-303,-118
885,-266,-139
895,-214,-167
900,-147,-202
887,-59,-248
854,29,-299
803,118,-350
761,173,-396
727,211,-433
691,254,-473
660,295,-503
639,339,-519
620,383,-520
605,417,-514
593,433,-519
579,431,-541
575,409,-556
572,393,-567
566,367,-583
554,338,-609
551,314,-621
558,324,-617
557,341,-624
557,375,-632
567,414,-625
576,448,-608
575,472,-606
588,487,-588
607,502,-547
626,495,-515
621,487,-521
626,473,-520
632,474,-509
631,471,-511
637,458,-512
645,449,-510
670,437,-490
689,422,-481
700,410,-472
710,396,-461
718,373,-458
727,345,-453
735,322,-447
743,298,-438
755,276,-426
763,255,-415
790,221,-388
809,180,-363
824,140,-342
838,90,-316
850,37,-298
866,-16,-273
869,-51,-263
874,-60,-250
878,-55,-228
877,-71,-219
867,-79,-229
856,-101,-250
853,-131,-262
852,-144,-265
852,-155,-268
849,-181,-258
847,-196,-256
846,-205,-262
840,-211,-269
836,-218,-272
832,-217,-280
828,-240,-275
824,-265,-271
821,-286,-264
815,-309,-260
813,-324,-253
813,-332,-246
808,-345,-240
804,-357,-233
801,-366,-226
794,-380,-216
790,-393,-203
791,-407,-184
787,-430,-153
781,-445,-136
780,-443,-129
781,-433,-123
793,-418,-116
802,-391,-102
805,-378,-105
805,-368,-117
805,-366,-117
802,-371,-117
801,-369,-118
800,-373,-114
795,-391,-97
798,-395,-83
803,-393,-92
805,-392,-96
804,-403,-81
806,-405,-87
804,-404,-96
807,-396,-99
814,-382,-105
809,-386,-105
811,-395,-106
805,-416,-106
795,-437,-107
790,-442,-117
785,-435,-126
782,-418,-136
787,-394,-140
793,-383,-156
793,-369,-180
791,-349,-201
785,-314,-238
776,-276,-284
766,-232,-333
747,-171,-392
714,-110,-462
656,-33,-538
604,36,-595
548,90,-633
493,116,-665
440,93,-701
391,53,-727
356,16,-744
323,-3,-753
297,-1,-758
275,16,-759
263,33,-754
245,17,-756
224,-4,-763
215,-24,-765
205,-37,-764
197,-55,-764
188,-67,-764
183,-84,-767
178,-104,-766
176,-118,-769
173,-138,-769
167,-148,-769
163,-153,-771
153,-166,-776
136,-180,-779
111,-207,-780
86,-232,-780
69,-231,-785
58,-200,-792
43,-172,-797
26,-158,-796
-4,-171,-793
-44,-194,-785
-84,-225,-774
-128,-246,-759
-174,-268,-745
-213,-269,-735
-244,-261,-730
-277,-254,-723
-309,-241,-717
-345,-231,-704
-381,-227,-690
-416,-233,-677
-446,-248,-652
-471,-270,-629
-492,-278,-608
-507,-265,-596
-527,-249,-590
-537,-229,-587
-535,-212,-595
-527,-188,-600
-527,-171,-605
-532,-161,-607
-532,-141,-614
-530,-118,-619
-527,-96,-624
-528,-91,-624
-526,-88,-628
-523,-90,-634
-513,-95,-642
-503,-109,-654
-483,-118,-668
-463,-114,-681
-441,-94,-691
-425,-69,-695
-417,-65,-695
-416,-84,-690
-419,-104,-680
-428,-123,-670
-431,-134,-656
-435,-141,-645
-428,-139,-644
-417,-135,-646
-401,-146,-649
-384,-169,-653
-366,-198,-654
-348,-228,-652
-332,-249,-649
-310,-271,-649
-293,-272,-651
-269,-261,-659
-248,-237,-666
-234,-213,-676
-220,-189,-689
-207,-170,-697
-190,-156,-708
-177,-143,-715
-162,-131,-725
-144,-112,-733
-120,-90,-742
-98,-62,-751
-75,-42,-757
-60,-42,-763
-51,-46,-768
-60,-53,-772
-77,-66,-778
-90,-56,-786
-96,-37,-793
-110,-11,-803
-124,25,-811
-141,66,-814
-168,92,-817
-194,111,-820
-215,128,-820
-230,143,-823
-258,164,-822
-302,195,-813
-338,202,-804
-387,180,-801
-415,151,-798
-433,135,-806
-399,190,-812
-389,287,-789
-383,365,-755
-363,363,-768
-322,377,-781
-284,392,-792
-251,393,-802
-224,388,-810
-205,376,-821
-181,399,-814
-157,406,-816
-137,410,-813
-119,431,-803
-107,435,-802
-88,457,-792
-66,456,-792
-50,438,-801
-49,421,-808
-45,419,-808
-47,417,-807
-43,407,-810
-37,415,-805
-38,421,-801
-42,410,-803
-50,429,-792
-56,427,-789
-60,402,-800
-57,384,-809
-33,375,-812
-8,381,-808
16,411,-793
39,461,-765
43,496,-741
31,511,-734
1,511,-740
-27,512,-743
-41,522,-738
-53,523,-738
-64,500,-754
-82,501,-754
-97,517,-741
-114,515,-744
-139,511,-745
-152,513,-742
-161,527,-735
-163,527,-734
-162,520,-741
-159,521,-743
-151,527,-743
-139,539,-737
-118,553,-731
-100,571,-723
-73,600,-699
-45,643,-662
-4,701,-606
18,736,-569
30,746,-550
39,761,-528
30,773,-511
11,758,-529
-9,747,-546
-23,744,-551
-39,735,-562
-53,728,-567
-73,705,-593
-88,653,-649
-95,555,-733
-125,386,-826
-157,204,-877
-202,-35,-912
-244,-276,-867
-310,-383,-799
-317,-359,-803
-291,-325,-828
-276,-305,-829
-267,-304,-834
-260,-303,-843
-260,-306,-842
-258,-312,-841
-257,-301,-838
-251,-282,-846
-239,-267,-856
-231,-279,-853
-217,-306,-844
-198,-318,-837
-151,-352,-824
-76,-413,-795
24,-468,-754
154,-459,-724
314,-342,-713
482,-59,-667
625,217,-478
716,300,-126
741,176,145
754,20,321
727,-135,350
690,-261,328
675,-302,334
669,-308,337
664,-256,343
662,-241,340
666,-264,344
664,-260,348
660,-259,351
645,-238,352
644,-234,351
648,-241,353
648,-219,355
650,-198,359
650,-162,356
652,-146,353
655,-144,347
654,-132,341
653,-124,342
649,-118,344
643,-119,349
639,-123,354
632,-134,358
629,-149,358
627,-166,359
626,-186,355
618,-202,356
609,-231,357
594,-278,357
573,-348,362
532,-438,349
489,-519,313
457,-584,254
428,-632,198
401,-668,149
374,-687,136
344,-703,146
309,-715,160
271,-730,177
233,-737,197
204,-743,206
181,-748,200
165,-752,193
158,-754,181
159,-752,168
176,-749,157
205,-747,143
220,-747,117
233,-746,96
247,-743,75
265,-734,80
284,-726,104
308,-708,144
324,-690,186
338,-674,221
348,-665,229
354,-661,215
364,-660,192
369,-661,163
376,-659,133
379,-658,108
375,-659,87
360,-661,61
350,-665,44
340,-676,29
328,-682,12
314,-690,-3
294,-699,-22
276,-704,-47
250,-709,-73
211,-715,-92
162,-719,-101
108,-719,-104
55,-718,-98
8,-713,-79
-26,-705,-63
-44,-695,-58
-47,-686,-55
-42,-680,-49
-30,-673,-42
-8,-672,-9
31,-669,71
67,-656,99
99,-644,77
120,-627,39
122,-608,-13
115,-599,-51
110,-595,-39
104,-593,-2
98,-591,62
99,-583,110
103,-565,132
112,-550,159
132,-535,176
145,-512,198
169,-492,212
192,-472,222
215,-453,232
229,-443,234
247,-435,235
268,-422,242
282,-428,236
292,-447,226
290,-487,223
290,-537,216
272,-585,199
250,-622,178
223,-646,159
193,-658,152
162,-665,151
127,-664,159
95,-657,170
60,-647,179
31,-631,182
2,-606,189
-17,-586,191
-29,-569,189
-30,-550,189
-19,-538,180
-8,-521,166
9,-509,157
12,-497,156
15,-486,153
18,-476,160
26,-469,177
34,-454,200
42,-438,224
47,-420,248
51,-400,267
55,-379,287
57,-364,300
62,-349,309
58,-333,321
63,-321,332
66,-307,343
78,-298,353
95,-286,367
116,-274,385
133,-270,401
150,-281,409
167,-299,410
177,-320,400
192,-337,386
206,-341,372
224,-338,363
241,-326,362
262,-311,361
283,-298,358
305,-287,351
325,-268,339
344,-251,331
366,-237,320
386,-212,306
408,-190,290
427,-164,272
450,-135,248
474,-104,224
490,-80,200
507,-64,172
523,-52,142
536,-49,114
545,-42,87
553,-39,55
558,-37,27
561,-35,-9
566,-35,-47
565,-39,-79
559,-43,-117
555,-47,-154
547,-51,-190
539,-56,-225
532,-61,-256
523,-62,-293
509,-62,-334
485,-75,-381
459,-117,-419
437,-163,-443
416,-188,-463
400,-209,-470
381,-216,-481
367,-208,-492
352,-187,-510
334,-184,-521
311,-211,-526
292,-232,-527
274,-239,-538
256,-240,-544
243,-236,-551
233,-228,-559
237,-221,-557
242,-203,-559
242,-176,-564
235,-145,-575
221,-136,-582
194,-141,-588
167,-155,-595
142,-165,-602
114,-164,-609
97,-178,-614
92,-176,-620
116,-172,-625
149,-169,-625
198,-166,-615
260,-163,-594
342,-140,-558
410,-127,-519
467,-113,-471
533,-105,-416
596,-108,-347
661,-123,-264
698,-154,-180
717,-192,-101
726,-230,-25
721,-265,44
703,-301,103
687,-331,148
676,-359,184
661,-381,211
650,-400,235
633,-415,245
624,-425,261
618,-436,275
610,-441,286
600,-445,290
582,-452,284
567,-469,277
556,-479,275
541,-487,265
533,-496,248
519,-509,229
511,-519,208
512,-523,190
511,-524,174
515,-517,175
521,-511,173
532,-499,166
543,-488,162
556,-477,148
564,-463,147
567,-455,152
568,-450,154
570,-449,151
571,-442,136
573,-444,119
580,-446,82
579,-450,51
572,-455,24
568,-462,-4
556,-471,-30
546,-481,-58
540,-494,-79
529,-499,-99
518,-507,-118
514,-515,-135
505,-522,-149
500,-527,-163
506,-529,-173
514,-524,-186
520,-516,-199
528,-510,-210
529,-501,-207
535,-499,-205
533,-495,-207
534,-489,-212
532,-496,-217
528,-504,-219
520,-509,-225
520,-511,-233
524,-514,-239
531,-512,-239
532,-519,-243
533,-526,-247
533,-534,-252
534,-540,-255
537,-544,-260
544,-547,-264
556,-550,-259
559,-564,-258
559,-571,-263
551,-587,-270
539,-596,-280
529,-610,-277
520,-628,-265
519,-643,-253
517,-657,-243
516,-672,-237
514,-687,-232
516,-702,-225
522,-714,-215
533,-725,-207
546,-732,-198
562,-736,-186
583,-731,-174
600,-727,-158
618,-714,-144
635,-704,-148
650,-691,-152
663,-679,-138
681,-669,-123
693,-658,-108
705,-653,-86
722,-647,-59
736,-639,-37
752,-629,-12
767,-613,2
788,-587,10
811,-565,6
831,-533,-8
852,-497,-23
865,-461,-42
879,-433,-45
895,-402,-44
907,-372,-38
915,-345,-43
921,-315,-58
925,-289,-83
926,-255,-113
927,-222,-143
929,-188,-155
936,-158,-131
943,-135,-99
943,-118,-63
939,-110,-39
929,-115,-22
918,-132,-20
907,-148,-20
891,-167,-7
878,-186,8
868,-195,25
858,-199,43
846,-205,54
841,-207,61
836,-198,72
831,-197,73
825,-204,75
820,-203,83
815,-207,87
810,-213,88
813,-208,88
809,-211,85
813,-209,76
816,-203,73
819,-198,66
822,-193,71
824,-181,74
830,-170,76
838,-159,79
847,-143,85
853,-127,90
863,-108,95
873,-87,103
880,-69,108
888,-45,110
897,-26,98
906,-5,70
914,4,33
921,2,-4
928,-16,-26
936,-34,-37
944,-54,-44
947,-73,-49
949,-75,-44
954,-67,-32
959,-50,-30
960,-34,-33
965,-25,-38
967,-18,-28
970,-12,-16
972,-4,0
975,-4,25
975,4,42
976,7,53
978,6,53
978,2,49
980,-13,43
978,-51,51
970,-89,64
963,-131,100
954,-152,156
940,-164,217
921,-180,278
900,-203,331
875,-230,382
878,-229,368
884,-232,338
893,-228,303
904,-211,281
906,-214,274
907,-201,262
906,-196,243
909,-187,204
920,-163,161
924,-130,126
919,-93,100
908,-64,79
904,-46,72
904,-33,71
900,-17,68
902,-11,70
900,-26,73
896,-41,72
895,-43,62
891,-43,47
888,-42,38
882,-36,32
882,-22,22
883,7,13
881,31,9
880,51,1
878,75,-7
879,98,-4
877,109,-2
878,112,1
875,120,3
879,115,8
881,102,22
877,78,41
878,49,70
875,11,97
876,-40,126
874,-74,141
871,-101,152
871,-125,160
877,-141,160
884,-132,153
895,-105,146
910,-68,140
918,-26,128
924,17,110
928,58,81
933,77,32
939,81,-16
945,93,-53
947,125,-67
949,152,-35
961,128,45
959,110,102
959,107,115
960,97,124
961,83,117
959,83,117
958,91,113
957,89,114
951,86,124
950,71,126
943,62,135
940,67,144
928,54,167
927,46,177
921,31,184
914,20,193
909,14,198
903,7,206
894,-2,219
878,-7,246
863,-27,267
853,-62,277
839,-95,278
829,-120,276
818,-173,263
811,-207,248
802,-220,230
801,-222,210
798,-219,202
797,-215,189
795,-213,179
794,-215,174
791,-213,171
792,-218,164
791,-217,164
790,-212,168
791,-208,165
788,-212,166
789,-212,163
786,-216,154
788,-217,150
784,-219,149
782,-225,144
776,-232,140
775,-238,139
778,-231,132
781,-225,127
786,-211,127
795,-191,121
802,-170,105
805,-174,94
806,-177,82
809,-168,78
805,-174,77
805,-193,71
801,-212,82
799,-231,102
796,-272,115
801,-313,126
807,-358,153
806,-397,174
801,-432,203
789,-476,232
772,-526,250
749,-590,265
726,-646,266
697,-701,247
663,-754,228
625,-804,212
586,-844,179
554,-878,140
531,-901,83
511,-915,3
493,-917,-73
475,-911,-147
451,-907,-196
428,-904,-228
395,-906,-253
362,-904,-277
328,-909,-284
292,-917,-282
270,-926,-278
252,-931,-271
250,-932,-271
252,-924,-281
261,-914,-303
266,-906,-329
270,-896,-348
275,-901,-342
273,-908,-329
274,-910,-320
265,-913,-320
253,-916,-324
240,-915,-330
226,-915,-337
207,-922,-332
196,-930,-322
181,-942,-299
162,-958,-273
146,-973,-235
135,-989,-195
139,-993,-169
144,-986,-185
134,-970,-230
119,-950,-273
102,-932,-301
85,-920,-316
62,-908,-325
39,-896,-331
11,-885,-333
-17,-873,-343
-54,-861,-357
-78,-849,-370
-95,-835,-388
-107,-818,-407
-118,-813,-417
-126,-807,-427
-116,-806,-433
-97,-803,-447
-65,-797,-473
-11,-786,-508
58,-767,-551
120,-737,-593
171,-699,-631
215,-663,-659
243,-653,-663
262,-667,-644
275,-698,-606
276,-720,-577
277,-740,-551
274,-737,-551
267,-726,-556
263,-726,-554
261,-734,-545
255,-744,-538
245,-752,-534
228,-750,-536
206,-751,-544
183,-753,-546
172,-758,-546
155,-749,-554
129,-727,-571
97,-694,-588
60,-659,-597
23,-620,-600
-20,-595,-590
-65,-581,-571
-107,-571,-542
-149,-557,-518
-183,-540,-491
-212,-520,-472
-228,-493,-459
-240,-466,-454
-244,-446,-452
-238,-429,-449
-224,-429,-445
-203,-434,-439
-175,-439,-440
-144,-446,-443
-116,-447,-454
-88,-431,-475
-64,-402,-496
-43,-386,-512
-27,-387,-512
-16,-407,-504
-7,-438,-482
4,-466,-457
19,-481,-441
36,-484,-435
62,-474,-440
87,-456,-449
117,-446,-455
147,-435,-459
179,-428,-461
211,-417,-470
242,-409,-480
263,-408,-491
276,-405,-508
280,-411,-524
279,-420,-541
266,-429,-574
232,-436,-608
185,-445,-650
124,-448,-691
53,-436,-742
-25,-423,-778
-111,-414,-793
-231,-421,-783
-371,-448,-728
-505,-471,-652
-592,-478,-587
-641,-469,-557
-659,-452,-566
-654,-436,-598
-641,-431,-637
-631,-442,-650
-636,-463,-649
-632,-470,-662
-636,-463,-672
-644,-437,-680
-638,-447,-681
-633,-449,-692
-619,-413,-730
-605,-406,-750
-591,-424,-748
-591,-414,-759
-601,-391,-767
-614,-378,-770
-619,-363,-776
-622,-330,-794
-631,-301,-806
-639,-283,-809
-652,-267,-813
-666,-238,-816
-682,-218,-817
-697,-203,-816
-715,-185,-818
-738,-177,-810
-768,-175,-792
-799,-180,-768
-817,-184,-755
-823,-180,-758
-804,-192,-781
-759,-218,-831
-694,-237,-902
-619,-236,-968
-560,-168,-1025
-564,-25,-1038
-616,26,-1016
-643,-14,-1005
-649,-22,-1014
-626,5,-1031
-593,73,-1051
-573,106,-1062
-538,150,-1089
-513,160,-1108
-500,147,-1110
-484,144,-1124
-476,102,-1137
-474,73,-1155
-480,17,-1157
-484,-64,-1163
-473,-94,-1168
-456,-86,-1180
-434,-53,-1192
-425,-42,-1196
-422,-40,-1204
-408,-11,-1208
-400,12,-1217
-389,33,-1217
-378,59,-1222
-376,80,-1224
-372,103,-1225
-364,116,-1227
-362,127,-1231
-377,143,-1227
-385,146,-1222
-392,140,-1224
-391,135,-1221
-394,128,-1225
-404,109,-1222
-421,68,-1219
-458,-12,-1211
-470,-194,-1197
-503,-525,-1103
-550,-786,-933
-558,-918,-840
-573,-991,-753
-597,-1088,-612
-625,-1084,-503
-649,-1090,-466
-664,-1127,-447
-674,-1121,-449
-673,-1116,-463
-674,-1079,-487
-676,-1084,-482
-676,-1107,-468
-672,-1114,-464
-666,-1121,-453
-655,-1115,-449
-652,-1116,-459
-644,-1131,-453
-622,-1135,-472
-588,-1125,-523
-568,-1097,-588
-555,-1065,-639
-549,-1033,-695
-548,-984,-752
-559,-963,-761
-556,-990,-711
-522,-1044,-653
-469,-1080,-641
-370,-1089,-677
-235,-1103,-715
-66,-1076,-783
114,-1010,-862
270,-899,-929
427,-742,-984
582,-612,-973
724,-475,-945
809,-412,-881
858,-415,-786
886,-449,-707
885,-502,-632
864,-571,-571
836,-628,-510
810,-670,-464
782,-690,-444
759,-688,-438
729,-677,-451
713,-664,-457
708,-654,-461
696,-647,-463
684,-649,-459
664,-649,-453
658,-648,-442
661,-644,-432
660,-634,-422
656,-623,-421
646,-607,-417
638,-599,-412
636,-593,-398
627,-590,-385
615,-588,-368
603,-585,-345
598,-571,-324
593,-551,-308
581,-532,-308
565,-521,-307
550,-517,-304
533,-524,-291
514,-541,-278
497,-556,-266
484,-566,-258
471,-574,-252
463,-574,-244
460,-573,-240
458,-561,-236
461,-553,-232
461,-539,-227
467,-528,-216
480,-511,-206
492,-488,-203
512,-460,-200
525,-435,-196
537,-415,-207
541,-402,-227
543,-382,-270
540,-359,-316
529,-356,-357
517,-363,-379
505,-369,-394
484,-375,-417
469,-377,-436
456,-379,-454
447,-368,-467
440,-361,-480
434,-360,-484
431,-368,-484
434,-375,-480
437,-383,-483
437,-386,-489
435,-387,-497
422,-389,-512
415,-387,-527
413,-380,-542
407,-366,-560
405,-353,-576
401,-348,-589
397,-354,-599
390,-363,-606
381,-372,-609
371,-381,-611
362,-388,-611
349,-399,-614
335,-410,-613
326,-420,-615
320,-424,-615
319,-430,-617
316,-431,-617
325,-428,-625
321,-428,-637
307,-406,-667
285,-371,-704
255,-349,-737
221,-363,-752
186,-385,-755
148,-422,-753
107,-440,-756
70,-457,-759
42,-448,-771
20,-422,-789
7,-399,-809
-1,-367,-827
4,-333,-849
12,-292,-869
26,-269,-883
44,-272,-888
70,-280,-886
100,-288,-879
112,-266,-879
106,-233,-885
93,-195,-890
81,-161,-895
68,-112,-900
57,-64,-903
42,-16,-905
27,47,-903
7,99,-898
-17,140,-896
-45,149,-896
-74,149,-894
-102,145,-894
-129,139,-893
-156,133,-894
-191,115,-893
-218,61,-891
-255,-29,-887
-279,-91,-877
-296,-142,-872
-289,-138,-874
-281,-108,-876
-287,-75,-879
-288,-47,-882
-295,-38,-884
-302,-40,-882
-300,-38,-884
-293,-23,-882
-286,-8,-886
-278,13,-890
-277,22,-891
-276,31,-890
-272,46,-890
-269,64,-891
-261,96,-890
-247,154,-886
-241,290,-851
-174,536,-735
-87,704,-588
-40,814,-480
-5,835,-450
-30,786,-497
-86,724,-573
-141,691,-595
-221,663,-632
-269,617,-659
-284,571,-671
-311,534,-688
-326,524,-687
-337,515,-703
-343,521,-688
-356,521,-673
-362,512,-671
-357,523,-665
-348,523,-671
-340,529,-665
-331,546,-647
-325,549,-645
-317,548,-646
-316,534,-656
-318,527,-659
-318,526,-651
-324,518,-656
-327,513,-651
-340,501,-656
-354,489,-653
-365,487,-647
-383,471,-646
-399,454,-646
-427,424,-653
-450,387,-660
-470,354,-662
-499,308,-664
-528,259,-668
-574,198,-666
-599,138,-665
-613,89,-660
-639,31,-642
-665,-31,-623
-689,-92,-595
-720,-153,-546
-743,-199,-498
-760,-236,-458
-776,-262,-409
-785,-289,-364
-792,-312,-330
-797,-335,-302
-793,-361,-287
-788,-385,-272
-780,-418,-248
-774,-451,-210
-772,-483,-172
-764,-509,-134
-755,-529,-105
-746,-546,-82
-741,-557,-73
-739,-565,-71
-737,-568,-74
-730,-578,-78
-723,-583,-79
-720,-592,-78
-720,-596,-77
-720,-597,-75
-722,-595,-78
-723,-590,-86
-725,-586,-99
-729,-582,-107
-730,-581,-118
-734,-573,-127
-734,-568,-134
-738,-561,-148
-738,-556,-161
-739,-559,-159
-727,-581,-112
-708,-625,-12
-667,-663,89
-600,-719,131
-509,-787,121
-389,-862,81
-242,-927,-62
-52,-930,-264
122,-829,-491
256,-575,-715
359,-284,-806
487,-11,-821
551,110,-735
567,147,-625
589,162,-580
590,147,-571
583,83,-597
568,37,-612
560,8,-610
560,-22,-606
569,-34,-593
583,-48,-576
607,-44,-543
641,-32,-499
668,-20,-449
699,-13,-390
730,-15,-321
749,-20,-252
769,-27,-182
775,-39,-109
779,-57,-40
764,-78,25
753,-97,80
748,-109,125
734,-125,164
720,-152,195
697,-189,218
681,-219,235
674,-245,252
668,-259,261
661,-268,268
652,-274,269
649,-273,279
650,-269,292
646,-268,301
639,-275,308
629,-280,312
620,-294,317
609,-316,321
595,-344,324
579,-372,327
565,-402,331
545,-420,338
529,-432,348
514,-438,360
505,-440,375
490,-447,388
477,-471,390
457,-506,383
443,-538,376
437,-547,383
438,-554,384
445,-544,401
447,-527,422
450,-520,439
448,-523,447
448,-545,444
439,-567,436
432,-587,428
431,-605,423
432,-618,417
444,-625,404
468,-616,400
516,-591,402
563,-545,417
609,-481,433
638,-402,450
670,-332,450
704,-259,443
723,-163,435
739,-49,415
744,73,375
747,179,322
740,264,270
727,338,218
710,395,177
695,438,143
685,468,132
681,485,135
688,485,141
707,467,155
755,409,184
798,321,228
818,199,270
835,31,291
828,-150,294
807,-361,285
731,-519,252
634,-617,219
545,-690,218
465,-734,241
376,-756,276
309,-774,296
270,-787,303
241,-807,287
225,-818,263
208,-824,244
221,-826,237
247,-832,233
272,-832,224
302,-826,217
325,-820,202
341,-818,181
342,-829,142
327,-839,79
315,-843,21
306,-846,-27
301,-844,-53
305,-841,-66
312,-839,-78
311,-843,-101
309,-844,-132
310,-850,-168
312,-854,-207
322,-860,-242
338,-869,-275
350,-885,-308
363,-905,-327
376,-931,-345
382,-966,-373
378,-1000,-401
361,-1038,-426
340,-1055,-453
311,-1055,-470
278,-1035,-488
260,-993,-512
254,-937,-529
273,-900,-532
302,-869,-538
338,-845,-519
380,-836,-487
422,-819,-461
463,-805,-436
503,-771,-444
532,-711,-490
549,-669,-517
562,-677,-499
567,-705,-459
574,-717,-433
577,-710,-445
517,-739,-471
416,-852,-397
311,-989,-102
192,-1017,164
129,-1000,244
101,-999,214
79,-959,259
58,-914,359
40,-866,429
13,-799,498
-25,-762,527
-78,-712,608
-127,-697,619
-182,-709,574
-239,-700,559
-275,-691,553
-299,-671,571
-322,-669,557
-327,-683,525
-331,-703,487
-331,-735,430
-321,-755,396
-310,-764,371
-304,-776,339
-293,-786,312
-289,-792,287
-278,-793,272
-268,-799,255
-257,-809,234
-236,-816,233
-209,-825,240
-185,-824,259
-163,-825,269
-139,-828,275
-125,-820,294
-116,-809,314
-98,-795,348
-88,-777,378
-93,-763,385
-108,-753,377
-132,-747,347
-158,-742,306
-177,-739,271
-197,-732,244
-215,-723,221
-231,-714,211
-250,-699,203
-259,-692,198
-263,-687,203
-263,-680,217
-262,-679,220
-262,-684,219
-257,-689,216
-249,-696,210
-241,-709,204
-229,-719,190
-223,-734,175
-228,-741,148
-232,-750,112
-233,-752,80
-233,-757,60
-231,-759,51
-227,-764,51
-217,-772,50
-210,-779,41
-202,-786,33
-200,-795,23
-201,-801,12
-209,-806,-5
-222,-808,-39
-241,-804,-77
-261,-793,-126
-285,-778,-173
-312,-759,-211
-341,-731,-251
-375,-690,-292
-411,-637,-324
-449,-573,-354
-480,-498,-391
-484,-411,-434
-469,-315,-481
-447,-223,-519
-425,-165,-538
-405,-121,-553
-388,-64,-565
-374,-28,-569
-368,-25,-568
-361,-29,-567
-352,-24,-575
-343,-4,-576
-327,16,-586
-294,36,-595
-254,78,-609
-216,117,-618
-168,142,-628
-118,162,-634
-57,184,-635
-20,197,-634
-5,197,-638
-19,178,-644
-59,140,-651
-126,92,-654
-178,67,-641
-208,70,-623
-233,87,-604
-253,96,-586
-283,95,-577
-301,42,-575
-312,7,-575
-312,31,-577
-301,61,-580
-287,100,-579
-284,120,-575
-292,115,-571
-292,100,-574
-282,97,-580
-270,92,-589
-247,87,-606
-212,74,-627
-174,23,-648
-150,-53,-656
-138,-135,-655
-130,-170,-655
-122,-166,-658
-102,-150,-663
-89,-129,-663
-79,-107,-660
-92,-107,-649
-114,-132,-633
-146,-158,-618
-174,-157,-608
-193,-120,-611
-201,-60,-614
-193,-4,-614
-177,35,-618
-154,53,-624
-137,82,-623
-108,112,-623
-69,151,-618
-30,193,-611
8,197,-609
51,192,-614
81,181,-618
96,174,-622
107,178,-622
98,179,-625
80,176,-629
42,168,-633
2,164,-632
-42,169,-624
-76,163,-618
-109,137,-616
-119,110,-619
-111,118,-619
-107,154,-609
-108,179,-598
-107,204,-587
-110,221,-578
-114,227,-568
-113,239,-563
-105,246,-561
-82,280,-553
-53,310,-544
-23,333,-540
23,363,-526
65,388,-505
114,412,-482
148,425,-465
178,426,-455
214,425,-444
245,428,-429
270,422,-425
286,419,-420
302,417,-414
306,409,-416
309,403,-415
305,397,-417
301,395,-417
301,389,-418
292,379,-425
286,367,-438
266,355,-457
255,336,-476
245,308,-505
216,260,-549
170,174,-602
107,58,-648
29,-51,-661
-61,-116,-652
-139,-137,-637
-201,-127,-624
-261,-93,-607
-291,-71,-605
-284,-68,-614
-267,-77,-629
-240,-82,-643
-205,-83,-652
-184,-111,-653
-179,-156,-652
-175,-171,-650
-165,-163,-653
-148,-183,-651
-139,-167,-654
-132,-142,-663
-128,-125,-665
-115,-102,-670
-94,-68,-671
-70,-23,-673
-49,26,-674
-27,76,-670
-3,131,-661
35,195,-644
73,241,-626
100,264,-616
104,250,-620
94,216,-630
68,157,-646
25,95,-658
-31,52,-659
-105,20,-645
-178,10,-625
-271,-2,-600
-321,0,-578
-336,-18,-568
-342,-54,-568
-321,-62,-579
-276,-28,-596
-245,2,-604
-223,34,-609
-185,65,-607
-143,108,-607
-83,144,-608
-31,173,-613
14,197,-617
64,218,-617
106,238,-618
140,212,-624
141,165,-644
133,133,-655
99,113,-659
37,98,-656
-66,72,-652
-153,57,-635
-216,58,-614
-281,64,-583
-328,51,-562
-354,-2,-548
-356,-4,-546
-341,14,-559
-313,39,-572
-283,69,-581
-244,97,-592
-207,105,-600
-176,116,-604
-133,147,-607
-90,174,-614
-26,219,-617
32,260,-613
69,279,-613
83,266,-626
66,225,-649
20,192,-663
-47,173,-659
-110,160,-646
-179,169,-622
-242,177,-593
-301,169,-572
-321,131,-576
-313,93,-592
-295,75,-612
-269,62,-632
-230,31,-655
-204,-3,-673
-192,-20,-688
-147,-6,-706
-84,30,-724
-7,69,-739
44,80,-747
83,65,-753
117,30,-754
147,-10,-749
174,-66,-737
195,-89,-723
215,-113,-709
226,-161,-691
238,-211,-671
257,-246,-645
293,-248,-629
335,-244,-612
364,-249,-592
389,-249,-577
407,-237,-567
429,-233,-554
441,-228,-543
460,-209,-534
491,-197,-512
526,-189,-481
564,-184,-442
601,-187,-397
625,-196,-358
643,-203,-327
653,-209,-294
667,-221,-260
680,-236,-229
688,-249,-193
692,-263,-158
691,-282,-125
688,-300,-93
682,-323,-70
671,-347,-55
659,-368,-44
643,-386,-35
632,-402,-24
623,-411,-24
612,-423,-34
603,-439,-43
588,-451,-56
577,-465,-60
570,-476,-62
563,-483,-63
558,-492,-55
551,-501,-45
542,-512,-36
535,-524,-32
530,-532,-33
525,-535,-34
522,-535,-37
528,-531,-35
533,-524,-30
533,-519,-32
533,-518,-43
528,-516,-57
527,-513,-67
531,-510,-67
532,-506,-68
531,-507,-74
530,-509,-85
528,-512,-104
523,-517,-126
525,-522,-141
530,-523,-147
540,-523,-151
551,-522,-151
568,-518,-143
585,-511,-135
607,-508,-135
623,-496,-133
641,-490,-137
654,-487,-152
659,-489,-165
661,-490,-189
665,-488,-219
664,-483,-236
663,-477,-251
661,-474,-271
657,-471,-288
656,-468,-307
653,-465,-331
652,-463,-346
654,-462,-358
657,-465,-369
662,-471,-369
664,-480,-366
662,-491,-366
657,-504,-358
652,-522,-346
643,-543,-334
633,-561,-311
621,-580,-292
600,-602,-283
577,-624,-282
540,-656,-275
496,-690,-271
454,-721,-253
422,-746,-237
394,-761,-240
376,-765,-241
378,-762,-247
383,-758,-260
395,-754,-264
402,-755,-259
408,-766,-236
415,-778,-207
406,-789,-207
380,-800,-216
348,-821,-202
323,-845,-177
297,-857,-173
294,-853,-190
328,-823,-247
357,-796,-290
370,-790,-285
386,-820,-210
331,-851,-179
275,-868,-170
242,-880,-153
229,-876,-200
257,-867,-244
303,-860,-271
335,-859,-304
339,-852,-337
311,-845,-377
245,-844,-406
167,-848,-415
106,-862,-398
82,-879,-365
83,-887,-359
127,-874,-392
191,-862,-411
232,-866,-401
259,-875,-386
277,-882,-377
296,-881,-378
315,-873,-397
351,-848,-430
417,-814,-454
489,-773,-465
554,-756,-427
603,-762,-367
639,-769,-310
635,-774,-308
631,-782,-313
625,-794,-309
617,-798,-317
605,-807,-332
587,-815,-362
575,-833,-368
584,-839,-352
609,-828,-337
652,-798,-297
707,-741,-252
748,-656,-222
785,-558,-217
824,-458,-226
847,-348,-248
855,-235,-283
841,-112,-311
825,-8,-336
805,82,-372
765,160,-404
714,220,-447
655,272,-481
604,333,-500
561,401,-509
521,459,-499
488,501,-489
478,523,-479
480,516,-488
473,505,-509
477,476,-540
483,439,-571
500,402,-595
510,382,-605
511,371,-606
520,364,-604
532,352,-599
546,337,-595
550,326,-599
550,313,-606
552,301,-610
552,297,-609
549,290,-612
540,276,-620
530,259,-632
527,239,-636
525,228,-635
529,214,-635
532,200,-634
536,190,-632
