-888,53,-205
-888,52,-206
-888,51,-205
-886,49,-202
-888,48,-202
-889,49,-202
-889,49,-203
-888,50,-203
-889,52,-203
-889,54,-204
-888,56,-202
-889,61,-201
-889,65,-202
-889,70,-203
-891,76,-200
-889,79,-200
-888,83,-201
-889,84,-199
-890,86,-202
-888,91,-205
-886,94,-210
-883,99,-214
-881,105,-216
-882,113,-216
-882,121,-215
-879,130,-215
-879,135,-215
-878,142,-213
-879,145,-211
-881,148,-209
-882,153,-209
-881,156,-208
-883,158,-208
-882,162,-212
-880,164,-215
-881,165,-219
-880,170,-227
-877,174,-232
-874,178,-234
-871,183,-237
-868,188,-240
-867,192,-241
-867,195,-241
-868,199,-240
-867,202,-239
-865,206,-237
-867,208,-238
-865,210,-239
-864,209,-239
-864,210,-240
-863,211,-240
-864,208,-237
-864,208,-237
-864,208,-236
-864,207,-234
-867,205,-236
-865,204,-236
-869,203,-237
-864,204,-238
-866,201,-239
-864,203,-235
-866,203,-232
-869,203,-228
-869,202,-226
-870,200,-227
-870,196,-226
-872,192,-228
-872,190,-227
-873,189,-222
-875,183,-219
-875,178,-215
-880,172,-211
-881,166,-210
-877,161,-209
-872,164,-210
-863,181,-209
-841,204,-205
-820,235,-196
-802,262,-186
-778,294,-180
-753,326,-175
-721,354,-169
-700,379,-170
-686,396,-168
-682,406,-165
-683,403,-156
-697,394,-154
-713,380,-144
-721,367,-135
-739,347,-124
-754,331,-111
-768,317,-98
-775,311,-84
-778,311,-79
-782,304,-72
-787,307,-65
-786,310,-62
-786,313,-60
-789,311,-58
-793,308,-61
-796,308,-59
-803,302,-62
-810,297,-60
-814,294,-58
-821,291,-48
-825,286,-29
-830,284,-11
-832,276,4
-831,269,18
-832,251,35
-833,226,52
-834,195,61
-833,160,64
-829,126,61
-830,90,51
-828,56,36
-828,10,21
-826,-30,10
-820,-66,4
-812,-111,-8
-803,-151,-20
-788,-190,-33
-775,-227,-43
-760,-262,-46
-747,-292,-46
-734,-317,-43
-715,-341,-35
-706,-359,-25
-697,-374,-12
-690,-386,0
-682,-398,15
-673,-408,27
-665,-416,38
-660,-424,45
-655,-432,53
-648,-442,61
-642,-451,65
-635,-463,66
-627,-474,69
-621,-486,76
-614,-493,79
-609,-504,79
-607,-504,85
-607,-506,91
-608,-504,102
-612,-499,112
-613,-495,123
-617,-491,132
-616,-489,141
-614,-490,152
-606,-493,162
-601,-494,171
-592,-501,179
-582,-506,190
-565,-516,211
-547,-524,237
-532,-528,261
-514,-536,281
-494,-543,301
-475,-554,311
-456,-564,317
-433,-572,335
-409,-577,356
-386,-580,371
-361,-585,388
-337,-589,400
-309,-593,411
-283,-597,423
-251,-601,434
-222,-605,440
-190,-608,448
-152,-609,455
-116,-614,456
-85,-620,452
-48,-626,446
-16,-629,439
19,-639,424
51,-646,405
84,-649,392
116,-652,373
149,-657,354
182,-657,331
214,-656,312
246,-653,291
281,-649,265
306,-648,237
325,-646,205
342,-641,181
356,-637,151
374,-632,109
392,-623,74
404,-614,40
412,-604,9
420,-599,-19
422,-590,-53
425,-582,-87
420,-576,-122
417,-571,-149
415,-570,-168
409,-565,-187
405,-562,-204
401,-563,-217
400,-559,-224
406,-555,-230
409,-547,-237
410,-543,-236
411,-537,-237
413,-529,-242
416,-520,-245
414,-515,-251
414,-512,-256
415,-510,-259
410,-511,-262
405,-518,-267
401,-519,-271
399,-524,-275
400,-528,-279
401,-533,-276
404,-537,-278
408,-541,-277
420,-544,-275
432,-553,-264
443,-568,-248
448,-581,-232
454,-592,-227
458,-602,-218
463,-613,-204
469,-622,-193
471,-630,-187
465,-642,-182
462,-653,-188
454,-666,-201
450,-675,-217
444,-681,-229
441,-692,-234
440,-708,-226
438,-723,-217
439,-734,-208
440,-745,-193
438,-751,-183
430,-762,-177
429,-764,-174
425,-769,-170
414,-775,-166
408,-782,-156
397,-790,-146
379,-800,-145
366,-808,-146
354,-809,-155
340,-811,-189
336,-799,-230
333,-782,-282
339,-756,-339
355,-733,-377
373,-710,-407
395,-677,-436
423,-646,-450
448,-621,-451
466,-605,-450
487,-586,-437
501,-557,-435
509,-527,-436
515,-503,-432
521,-476,-433
530,-448,-435
538,-432,-431
551,-423,-428
562,-403,-433
571,-389,-439
583,-375,-448
595,-368,-451
612,-370,-440
625,-367,-435
633,-366,-434
637,-370,-430
640,-371,-429
648,-367,-433
647,-369,-434
651,-369,-436
652,-364,-440
645,-366,-448
631,-371,-458
615,-372,-472
596,-386,-487
560,-411,-504
518,-438,-528
467,-488,-528
429,-551,-507
398,-610,-472
372,-678,-404
356,-735,-330
346,-780,-259
347,-809,-193
349,-828,-126
349,-845,-49
359,-846,32
373,-839,104
380,-834,150
385,-822,178
397,-815,183
409,-811,171
427,-800,144
449,-790,114
469,-779,91
490,-765,61
506,-751,33
512,-741,3
519,-732,-16
523,-726,-36
517,-725,-61
513,-723,-90
512,-719,-116
505,-719,-138
506,-716,-152
498,-716,-171
488,-718,-194
488,-712,-215
489,-707,-236
484,-706,-255
480,-709,-261
473,-717,-263
466,-730,-264
466,-736,-263
472,-740,-256
475,-749,-247
485,-757,-230
497,-769,-207
502,-783,-187
509,-797,-165
519,-813,-134
525,-834,-103
541,-853,-60
560,-875,-18
578,-896,20
614,-913,45
656,-930,43
694,-950,40
745,-962,42
787,-970,46
809,-987,70
827,-995,96
839,-1002,124
844,-1011,138
852,-1013,153
868,-1020,168
872,-1031,170
871,-1040,170
874,-1051,175
868,-1065,167
857,-1073,159
848,-1078,154
829,-1077,152
804,-1073,147
773,-1061,146
748,-1035,147
747,-996,167
764,-925,234
804,-822,347
867,-696,450
924,-566,514
971,-462,555
1011,-360,607
1045,-280,639
1062,-231,652
1069,-191,666
1061,-166,688
1053,-159,710
1041,-165,730
1040,-170,728
1056,-182,702
1070,-201,679
1075,-227,658
1079,-247,638
1081,-259,621
1084,-271,607
1085,-279,601
1090,-251,569
1096,-206,549
1103,-181,530
1113,-146,502
1124,-97,463
1133,-48,411
1143,-13,357
1148,31,303
1139,89,239
1123,126,174
1111,142,134
1108,142,125
1108,165,111
1103,206,91
1094,259,60
1086,308,59
1087,325,84
1090,332,104
1102,332,132
1118,327,161
1141,310,190
1149,299,197
1148,292,199
1156,287,209
1164,286,224
1173,288,238
1181,294,245
1192,303,251
1202,302,262
1209,297,267
1217,288,271
1219,284,276
1217,288,284
1212,299,286
1206,306,283
1193,311,276
1173,308,283
1146,293,300
1119,259,313
1088,201,327
1060,127,361
1025,64,380
993,-5,394
963,-81,403
936,-146,405
913,-208,401
894,-262,396
874,-319,392
849,-388,386
826,-454,374
806,-515,356
792,-552,344
789,-570,338
794,-575,333
802,-575,326
802,-568,322
797,-589,303
781,-628,279
759,-668,254
740,-701,231
717,-736,203
703,-757,169
695,-771,140
696,-769,113
711,-750,102
720,-722,106
732,-689,118
745,-660,122
750,-639,103
757,-624,89
761,-607,102
769,-590,118
785,-571,131
800,-545,142
813,-519,152
823,-497,160
832,-487,160
834,-479,161
831,-477,163
829,-474,159
819,-482,151
814,-479,143
810,-473,149
813,-457,159
812,-435,174
814,-421,178
809,-415,178
806,-413,171
806,-412,157
803,-409,159
800,-406,150
804,-404,146
804,-406,143
803,-414,136
797,-432,123
792,-465,98
780,-495,71
767,-514,47
761,-534,23
755,-545,0
756,-548,-11
762,-540,-10
767,-531,2
777,-506,29
786,-468,55
799,-419,80
813,-363,110
825,-314,137
830,-265,166
837,-207,200
819,-145,235
809,-116,267
803,-73,297
791,-15,318
775,22,334
766,51,349
758,79,361
752,105,368
747,127,374
747,144,373
744,159,378
732,186,389
726,204,401
720,212,408
713,223,413
707,234,424
707,240,426
711,243,424
739,235,398
785,191,360
859,83,328
903,-82,279
894,-245,220
865,-394,170
813,-516,129
756,-631,54
718,-691,-3
713,-706,-38
722,-707,-40
746,-688,-10
756,-652,36
773,-619,72
783,-616,72
780,-617,68
789,-605,94
795,-588,108
802,-579,116
809,-570,132
821,-552,142
835,-525,163
837,-499,177
847,-465,211
860,-428,258
857,-397,290
854,-369,323
844,-335,345
839,-302,365
837,-268,387
828,-239,401
821,-219,399
819,-197,399
823,-177,393
827,-164,386
827,-157,377
828,-156,361
834,-162,346
834,-163,350
834,-157,355
831,-154,362
829,-150,367
833,-157,370
839,-177,360
842,-195,346
849,-238,308
856,-292,250
868,-352,189
852,-422,151
808,-507,135
760,-606,131
699,-707,108
631,-812,65
585,-872,9
570,-905,-45
573,-929,-59
582,-940,-58
588,-938,-41
611,-936,-1
648,-926,55
675,-909,104
692,-903,90
718,-882,82
727,-878,70
730,-880,55
734,-873,66
722,-875,65
697,-882,64
669,-882,36
641,-877,7
626,-860,-3
633,-828,-1
645,-785,6
669,-737,32
699,-687,79
713,-639,128
719,-604,162
721,-564,223
715,-542,263
698,-540,279
677,-542,303
650,-559,313
618,-592,317
580,-622,319
533,-654,307
482,-688,292
436,-709,295
395,-722,313
364,-726,327
337,-726,339
309,-720,368
284,-714,397
247,-717,414
218,-717,430
195,-717,447
179,-719,472
168,-717,508
158,-717,530
147,-721,547
133,-724,551
144,-723,537
188,-716,538
282,-697,529
403,-687,480
519,-695,400
614,-709,286
666,-742,150
688,-786,-42
663,-813,-207
625,-833,-316
600,-859,-386
616,-893,-380
630,-938,-320
650,-972,-246
660,-979,-227
661,-975,-252
692,-969,-236
714,-951,-230
748,-936,-215
793,-926,-165
808,-917,-153
793,-924,-155
778,-931,-126
771,-931,-111
769,-938,-108
763,-940,-96
757,-947,-79
750,-945,-90
748,-945,-85
738,-953,-64
716,-968,-57
688,-981,-56
660,-993,-39
631,-1005,-2
603,-1010,27
580,-1004,66
566,-988,114
567,-956,139
584,-916,142
613,-873,142
657,-807,142
704,-731,151
735,-640,171
763,-555,221
778,-483,282
776,-431,319
768,-405,344
746,-405,370
715,-420,401
677,-433,438
622,-453,490
560,-488,526
491,-519,572
428,-534,616
389,-532,659
360,-509,721
347,-472,774
335,-396,833
301,-357,879
274,-343,898
260,-318,901
257,-281,911
244,-268,913
262,-259,876
301,-227,846
357,-203,811
441,-192,742
542,-187,636
613,-198,518
642,-223,402
660,-259,289
669,-286,199
665,-304,111
669,-291,53
694,-248,8
713,-189,-57
726,-107,-129
700,-3,-223
662,97,-322
612,174,-416
520,194,-527
429,138,-630
332,61,-707
264,1,-748
211,-46,-774
159,-93,-791
109,-161,-796
72,-246,-778
33,-345,-754
-5,-438,-727
-24,-518,-684
-35,-580,-642
-29,-630,-589
-16,-678,-551
-2,-723,-526
21,-755,-500
51,-782,-483
88,-793,-473
121,-807,-469
151,-820,-468
185,-827,-462
222,-831,-449
267,-838,-430
308,-839,-412
345,-835,-397
384,-824,-387
412,-811,-381
434,-789,-380
453,-774,-377
457,-764,-377
455,-752,-378
454,-743,-375
445,-733,-383
424,-720,-395
382,-716,-404
308,-714,-412
221,-717,-410
136,-723,-395
56,-740,-359
-20,-751,-309
-89,-760,-249
-150,-757,-201
-202,-747,-165
-238,-733,-161
-274,-713,-175
-303,-693,-186
-322,-680,-194
-340,-669,-198
-358,-662,-191
-379,-655,-179
-400,-645,-169
-419,-640,-149
-437,-639,-123
-451,-635,-105
-466,-626,-90
-483,-616,-84
-497,-605,-89
-507,-596,-107
-508,-592,-129
-505,-588,-150
-507,-581,-172
-508,-574,-193
-508,-572,-208
-509,-573,-207
-503,-580,-199
-503,-586,-193
-504,-581,-200
-510,-580,-205
-515,-575,-212
-523,-564,-220
-532,-557,-226
-545,-542,-232
-561,-518,-244
-576,-490,-258
-595,-456,-269
-615,-423,-262
-628,-396,-249
-636,-368,-226
-637,-366,-192
-619,-385,-159
-599,-411,-131
-585,-431,-101
-573,-456,-73
-567,-475,-73
-555,-496,-72
-555,-517,-60
-549,-533,-29
-538,-562,15
-539,-569,69
-567,-546,90
-591,-517,53
-613,-486,17
-628,-449,-6
-639,-421,-12
-646,-398,-14
-648,-378,-19
-652,-356,-21
-653,-339,-19
-654,-324,-17
-656,-301,-24
-660,-280,-28
-660,-253,-24
-662,-226,-26
-665,-199,-24
-665,-180,-10
-669,-160,23
-667,-134,58
-662,-105,88
-658,-70,117
-652,-42,144
-643,-22,166
-640,-16,173
-645,-26,164
-652,-42,139
-652,-53,113
-656,-69,90
-659,-81,86
-661,-88,91
-660,-95,106
-658,-99,119
-659,-106,124
-657,-123,127
-664,-144,124
-664,-176,127
-657,-213,127
-656,-250,106
-656,-277,68
-657,-296,31
-659,-299,10
-666,-291,-8
-669,-283,-20
-664,-279,-33
-662,-282,-52
-660,-287,-75
-658,-288,-87
-661,-284,-85
-661,-284,-82
-661,-265,-82
-665,-241,-96
-668,-222,-112
-666,-205,-133
-664,-204,-146
-662,-201,-151
-664,-193,-147
-668,-177,-138
-675,-154,-122
-677,-130,-105
-676,-111,-92
-679,-110,-89
-674,-129,-92
-673,-139,-98
-672,-144,-107
-672,-143,-114
-670,-144,-126
-668,-144,-138
-666,-154,-148
-661,-171,-163
-664,-210,-176
-658,-246,-177
-650,-276,-159
-648,-329,-114
-620,-445,17
-561,-572,164
-466,-696,198
-375,-800,130
-302,-871,30
-250,-922,-23
-194,-965,-134
-124,-1006,-180
-76,-1039,-179
-139,-1055,-205
-213,-1052,-268
-202,-1061,-327
-217,-1058,-368
-243,-1058,-336
-253,-1034,-359
-256,-1004,-378
-254,-988,-336
-262,-973,-274
-278,-958,-209
-298,-925,-125
-302,-898,-37
-314,-860,46
-312,-831,94
-302,-814,107
-305,-795,110
-321,-771,130
-341,-741,181
-390,-679,272
-454,-593,373
-526,-478,428
-588,-388,416
-636,-307,374
-657,-249,351
-669,-227,313
-678,-212,266
-687,-203,222
-691,-191,194
-693,-175,171
-689,-157,148
-690,-129,125
-687,-101,102
-677,-67,81
-670,-39,57
-665,-16,34
-659,8,11
-651,32,-8
-641,53,-28
-635,69,-51
-627,81,-72
-622,94,-94
-614,108,-110
-610,120,-120
-605,135,-126
-600,147,-125
-599,149,-123
-600,147,-120
-607,138,-115
-613,130,-107
-614,124,-101
-620,119,-88
-626,105,-71
-644,80,-53
-655,41,-34
-655,-6,-16
-659,-64,4
-657,-119,31
-655,-177,66
-641,-217,98
-627,-243,124
-619,-258,141
-615,-259,147
-608,-255,147
-608,-252,144
-613,-248,141
-610,-249,137
-610,-250,139
-606,-254,137
-602,-262,138
-598,-270,143
-597,-278,144
-593,-290,145
-587,-309,150
-577,-329,163
-562,-349,182
-547,-370,198
-534,-391,216
-516,-413,247
-497,-426,279
-477,-434,308
-462,-439,332
-449,-447,351
-437,-448,368
-431,-447,378
-431,-449,383
-433,-446,383
-440,-442,383
-448,-439,367
-462,-435,354
-481,-424,345
-503,-405,333
-525,-380,326
-538,-354,321
-545,-336,323
-551,-324,327
-556,-312,330
-561,-299,333
-567,-290,328
-578,-283,314
-589,-280,297
-597,-278,287
-603,-281,274
-611,-286,265
-616,-290,258
-613,-302,252
-612,-318,249
-607,-334,251
-601,-349,258
-597,-361,266
-592,-366,268
-584,-378,273
-578,-386,279
-573,-398,287
-565,-409,297
-555,-411,311
-547,-415,325
-538,-413,338
-530,-409,350
-526,-406,353
-529,-401,351
-541,-390,343
-552,-376,334
-562,-362,321
-577,-344,307
-596,-325,291
-609,-308,274
-620,-288,263
-625,-266,258
-627,-250,261
-628,-238,265
-631,-225,261
-629,-221,261
-632,-219,262
-629,-223,271
-620,-234,278
-622,-245,264
-627,-248,249
-633,-242,248
-634,-230,250
-636,-220,253
-637,-223,254
-636,-223,253
-636,-232,249
-640,-234,245
-642,-235,238
-645,-236,226
-652,-236,204
-656,-236,180
-662,-232,167
-662,-229,167
-665,-230,165
-666,-240,161
-659,-277,173
-628,-373,216
-559,-489,244
-510,-591,267
-461,-595,439
-388,-410,782
-373,-322,945
-401,-470,930
-392,-535,950
-406,-512,1022
-431,-644,997
-440,-674,1053
-424,-628,1155
-406,-614,1178
-422,-523,1191
-457,-502,1122
-525,-439,1063
-622,-343,1013
-727,-300,884
-803,-254,745
-844,-249,591
-848,-169,523
-840,-61,500
-832,-39,447
-825,-42,417
-819,-53,401
-817,-61,408
-807,-77,428
-801,-126,445
-784,-191,475
-760,-281,512
-718,-359,553
-651,-435,589
-578,-519,617
-495,-610,629
-407,-717,620
-325,-805,593
-254,-874,559
-211,-944,522
-185,-1002,502
-148,-1067,471
-123,-1110,422
-113,-1132,493
-152,-1125,575
-227,-1139,569
-293,-1171,505
-325,-1221,375
-327,-1261,231
-297,-1285,138
-261,-1295,102
-217,-1307,83
-209,-1326,61
-217,-1344,21
-200,-1362,-21
-170,-1374,-77
-130,-1379,-154
-81,-1373,-234
-34,-1353,-318
9,-1309,-425
58,-1246,-538
110,-1167,-634
139,-1105,-683
153,-1058,-693
162,-997,-729
160,-951,-755
147,-922,-770
141,-912,-789
121,-915,-801
85,-992,-705
85,-1072,-587
69,-1177,-428
47,-1267,-154
58,-1289,161
40,-1238,464
-26,-1158,690
-114,-1065,894
-196,-1003,970
-270,-970,950
-329,-941,917
-362,-904,864
-378,-883,765
-382,-883,630
-378,-865,514
-383,-840,416
-388,-828,331
-353,-809,253
-365,-777,197
-404,-733,178
-459,-674,191
-525,-595,219
-590,-509,217
-645,-440,179
-683,-371,162
-712,-308,147
-734,-250,135
-758,-207,117
-771,-190,95
-773,-194,73
-777,-211,35
-777,-219,-14
-773,-239,-55
-770,-249,-82
-760,-246,-105
-754,-246,-128
-744,-243,-152
-737,-249,-174
-728,-265,-183
-715,-278,-192
-705,-280,-206
-698,-265,-224
-685,-245,-232
-676,-213,-242
-675,-165,-256
-669,-111,-263
-661,-58,-264
-645,-13,-259
-633,18,-267
-621,56,-274
-611,88,-276
-597,117,-277
-583,138,-278
-572,152,-281
-564,170,-283
-556,181,-286
-551,181,-288
-561,179,-284
-568,180,-271
-575,177,-257
-586,168,-241
-597,160,-230
-611,155,-216
-612,154,-208
-612,161,-204
-607,169,-200
-605,177,-202
-597,185,-211
-592,187,-215
-591,189,-218
-592,186,-221
-594,182,-219
-599,176,-217
-604,168,-214
-607,161,-210
-610,153,-208
-612,149,-207
-613,144,-209
-613,141,-213
-612,140,-216
-614,140,-213
-617,140,-206
-620,141,-199
-622,140,-193
-623,142,-191
-619,146,-190
-620,148,-192
-621,153,-194
-621,153,-196
-619,153,-199
-616,154,-208
-613,151,-217
-613,146,-229
-610,139,-239
-611,136,-244
-611,123,-254
-615,110,-260
-617,101,-268
-621,91,-272
-621,81,-277
-623,65,-284
-624,49,-292
-623,37,-303
-619,20,-315
-619,9,-323
-622,1,-320
-626,-7,-319
-636,-17,-308
-642,-28,-296
-653,-43,-282
-659,-61,-271
-667,-81,-260
-678,-99,-242
-687,-125,-223
-694,-151,-208
-700,-183,-191
-707,-204,-172
-714,-231,-151
-719,-243,-129
-728,-242,-111
-735,-237,-92
-740,-223,-79
-741,-204,-67
-743,-188,-54
-747,-173,-50
-745,-154,-49
-743,-131,-56
-735,-107,-71
-729,-75,-85
-723,-43,-104
-708,-5,-127
-689,28,-163
-665,61,-206
-636,96,-242
-611,132,-267
-589,165,-277
-573,196,-280
-562,225,-268
-557,239,-252
-554,244,-245
-555,244,-238
-551,249,-230
-549,256,-229
-541,257,-235
-531,266,-246
-526,265,-255
-523,260,-265
-519,254,-285
-512,252,-297
-504,255,-307
-502,252,-318
-500,249,-327
-499,247,-333
-499,245,-336
-504,240,-335
-526,229,-315
-554,201,-291
-591,169,-260
-631,131,-215
-660,86,-167
-687,21,-125
-703,-58,-108
-718,-152,-103
-710,-237,-108
-697,-304,-106
-686,-364,-88
-681,-405,-59
-676,-427,-32
-678,-436,-22
-691,-429,-48
-697,-404,-85
-705,-366,-115
-700,-315,-154
-702,-273,-174
-710,-236,-181
-712,-198,-185
-708,-166,-192
-708,-139,-199
-706,-127,-207
-704,-125,-208
-703,-120,-210
-703,-116,-208
-710,-118,-198
-714,-128,-187
-716,-140,-170
-721,-159,-151
-724,-183,-135
-726,-222,-119
-724,-263,-109
-715,-301,-99
-707,-347,-82
-699,-383,-60
-691,-415,-50
-685,-433,-45
-675,-452,-31
-671,-472,-15
-666,-483,1
-662,-491,15
-663,-494,26
-666,-490,39
-675,-477,41
-682,-464,20
-692,-443,-19
-704,-412,-64
-720,-373,-104
-734,-311,-148
-744,-247,-182
-752,-180,-200
-758,-136,-205
-762,-120,-197
-770,-137,-182
-787,-173,-164
-811,-225,-149
-823,-254,-159
-823,-256,-191
-800,-268,-230
-784,-291,-243
-758,-323,-230
-742,-346,-203
-733,-350,-202
-714,-332,-216
-697,-322,-220
-683,-310,-227
-677,-311,-230
-676,-329,-216
-677,-338,-196
-678,-340,-182
-679,-328,-186
-677,-317,-190
-674,-312,-187
-675,-308,-176
-679,-306,-162
-684,-296,-149
-687,-293,-129
-690,-297,-95
-691,-305,-46
-687,-316,12
-684,-328,72
-677,-333,124
-672,-331,160
-671,-330,179
-673,-331,182
-674,-329,173
-676,-330,174
-677,-333,180
-674,-337,189
-670,-346,195
-663,-361,201
-660,-377,195
-650,-393,192
-645,-405,180
-642,-413,163
-636,-419,162
-633,-418,170
-629,-423,184
-623,-425,201
-610,-431,222
-600,-437,248
-582,-441,278
-569,-438,305
-550,-438,330
-536,-439,349
-515,-438,367
-496,-437,384
-480,-436,402
-462,-437,416
-445,-442,420
-427,-452,421
-412,-467,411
-397,-483,404
-375,-492,408
-355,-496,416
-340,-500,420
-328,-499,424
-320,-504,425
-323,-501,424
-328,-497,424
-336,-491,419
-342,-493,414
-342,-494,407
-343,-501,401
-343,-510,394
-347,-528,371
-346,-548,350
-338,-563,330
-328,-590,300
-313,-617,270
-293,-645,240
-274,-667,214
-266,-681,181
-275,-688,132
-287,-691,88
-301,-687,54
-314,-682,37
-335,-678,29
-357,-669,7
-381,-659,-22
-410,-644,-50
-434,-624,-81
-460,-604,-112
-482,-579,-150
-501,-557,-186
-517,-528,-217
-531,-503,-245
-541,-488,-271
-547,-467,-297
-555,-450,-314
-562,-448,-308
-562,-458,-296
-564,-464,-281
-569,-471,-257
-565,-480,-242
-560,-495,-227
-552,-498,-222
-543,-497,-230
-540,-495,-233
-534,-490,-232
-530,-489,-233
-524,-482,-245
-521,-477,-258
-516,-485,-258
-507,-498,-265
-495,-504,-293
-473,-520,-319
-450,-538,-351
-427,-532,-403
-397,-518,-460
-351,-504,-525
-306,-478,-584
-262,-446,-637
-206,-401,-687
-148,-359,-726
-77,-314,-755
-16,-274,-770
32,-237,-773
90,-212,-768
150,-209,-751
219,-214,-723
277,-223,-694
324,-237,-664
371,-248,-628
411,-252,-596
445,-250,-561
469,-247,-536
495,-249,-511
511,-259,-482
525,-272,-453
533,-287,-428
546,-297,-399
567,-303,-370
580,-307,-342
592,-308,-318
592,-307,-304
598,-308,-290
606,-305,-281
610,-301,-278
616,-296,-268
615,-298,-257
618,-304,-248
623,-305,-241
622,-303,-236
623,-302,-226
620,-298,-219
622,-297,-209
622,-301,-197
620,-304,-186
625,-309,-177
625,-318,-171
628,-331,-160
629,-346,-148
629,-365,-138
634,-384,-130
638,-404,-120
648,-419,-102
661,-431,-81
677,-447,-60
693,-458,-44
709,-468,-30
733,-469,-19
763,-472,-12
786,-477,-13
810,-490,-39
841,-506,-65
865,-514,-69
890,-523,-67
926,-525,-63
959,-529,-62
996,-530,-59
1038,-531,-60
1077,-531,-66
1124,-528,-69
1175,-522,-78
1230,-518,-78
1273,-510,-80
1295,-509,-96
1289,-535,-112
1273,-571,-111
1252,-608,-125
1227,-641,-134
1219,-665,-121
1217,-683,-102
1216,-699,-83
1200,-707,-50
1185,-708,-24
1165,-701,19
1121,-675,56
1056,-646,77
946,-622,109
825,-605,123
706,-607,143
589,-622,180
487,-660,218
399,-716,259
308,-759,285
235,-789,315
186,-816,363
144,-848,403
107,-871,427
66,-895,438
14,-917,428
-36,-930,402
-78,-941,376
-130,-942,334
-158,-952,291
-164,-966,257
-178,-973,214
-187,-981,155
-181,-988,100
-179,-992,86
-173,-992,122
-162,-987,192
-155,-977,224
-142,-965,274
-132,-954,311
-122,-948,317
-118,-940,327
-114,-939,331
-113,-931,349
-112,-918,370
-101,-913,387
-84,-895,419
-72,-870,453
-73,-850,497
-117,-836,496
-160,-833,480
-193,-823,487
-210,-809,513
-215,-795,544
-187,-793,585
-132,-785,632
-56,-789,668
48,-792,698
153,-779,729
258,-729,774
371,-670,809
467,-605,839
538,-527,878
608,-443,919
652,-390,955
666,-366,996
666,-355,1043
635,-352,1087
583,-333,1130
548,-273,1169
511,-179,1191
467,-78,1202
450,-8,1201
426,57,1193
393,83,1190
370,101,1191
337,104,1194
296,107,1193
271,98,1204
237,70,1210
198,39,1215
179,2,1225
156,-34,1226
133,-70,1220
141,-91,1222
154,-127,1217
170,-175,1202
206,-205,1198
253,-218,1188
307,-213,1178
366,-212,1173
414,-214,1166
425,-236,1162
445,-301,1155
432,-398,1136
386,-491,1106
331,-570,1068
250,-627,1023
166,-672,967
111,-688,930
76,-674,913
64,-646,906
77,-650,885
103,-624,888
128,-587,900
149,-564,907
163,-550,910
163,-539,912
170,-529,919
176,-528,922
183,-538,919
207,-551,917
247,-554,919
291,-555,926
354,-580,918
421,-611,910
465,-641,914
506,-664,933
541,-669,972
555,-649,1026
574,-625,1075
572,-569,1131
566,-520,1170
561,-490,1197
536,-460,1216
504,-433,1234
470,-420,1243
434,-425,1247
378,-431,1244
350,-434,1244
325,-445,1245
295,-463,1236
281,-491,1222
268,-506,1212
255,-503,1201
258,-509,1195
275,-507,1190
288,-493,1192
327,-488,1194
357,-483,1197
374,-476,1202
399,-479,1205
416,-486,1204
415,-487,1201
415,-493,1199
405,-506,1192
380,-516,1180
364,-532,1166
345,-552,1147
330,-547,1132
331,-549,1119
336,-555,1106
335,-557,1095
357,-561,1087
381,-549,1092
374,-541,1104
349,-588,1113
307,-672,1106
244,-760,1102
187,-832,1098
156,-883,1099
152,-871,1120
159,-825,1132
156,-761,1123
141,-723,1090
137,-673,1074
147,-619,1062
178,-592,1041
245,-570,1019
313,-570,987
361,-584,953
391,-601,923
401,-623,899
389,-643,883
377,-655,876
362,-665,874
349,-659,877
344,-650,887
358,-655,884
382,-672,869
427,-691,854
498,-709,833
574,-723,815
667,-740,793
768,-734,791
842,-700,832
905,-641,887
952,-588,947
956,-559,1030
937,-601,1088
885,-715,1120
760,-909,1132
608,-1126,1075
429,-1331,946
244,-1424,777
118,-1428,613
40,-1396,468
-40,-1351,344
-60,-1272,210
-51,-1220,89
-78,-1191,11
-46,-1147,-68
27,-1091,-184
39,-1023,-274
95,-989,-316
154,-976,-363
118,-975,-380
121,-976,-368
151,-976,-355
91,-979,-336
75,-978,-339
80,-986,-339
14,-1014,-297
-11,-1049,-234
-13,-1091,-168
-47,-1128,-91
-41,-1158,-5
-18,-1185,109
-24,-1197,285
-5,-1196,454
19,-1196,582
33,-1208,651
49,-1234,639
63,-1263,555
35,-1260,445
-7,-1244,336
-47,-1214,230
-97,-1174,92
-152,-1111,-53
-204,-1059,-124
-238,-1024,-165
-246,-992,-205
-220,-979,-257
-177,-970,-271
-90,-987,-294
4,-1008,-320
62,-1020,-317
94,-1018,-360
129,-1032,-364
140,-1047,-375
151,-1061,-401
181,-1085,-394
217,-1091,-382
261,-1108,-314
327,-1128,-190
371,-1121,-89
372,-1099,-67
385,-1070,-69
402,-1031,-15
428,-991,24
452,-954,27
468,-907,38
491,-868,38
521,-838,29
557,-816,9
600,-801,-15
652,-794,-36
694,-796,-56
737,-816,-66
766,-836,-45
776,-854,0
789,-871,40
817,-889,42
853,-889,60
920,-865,103
996,-837,122
1057,-817,107
1145,-795,46
1194,-771,105
1179,-807,136
1168,-823,96
1199,-815,35
1202,-820,78
1206,-810,89
1213,-800,92
1212,-795,97
1215,-788,102
1226,-780,104
1217,-777,89
1224,-768,86
1245,-751,96
1256,-739,101
1268,-720,107
1282,-690,102
1284,-656,99
1293,-622,87
1299,-597,65
1289,-591,48
1268,-588,17
1254,-587,-11
1227,-582,-25
1203,-572,-31
1181,-560,-36
1130,-557,-49
1083,-570,-65
1035,-593,-87
971,-623,-120
911,-646,-145
853,-679,-161
787,-711,-168
720,-730,-181
657,-751,-200
588,-765,-218
524,-777,-236
473,-784,-247
427,-783,-249
392,-781,-248
372,-774,-252
361,-760,-253
366,-739,-264
387,-718,-273
414,-689,-282
448,-656,-282
488,-622,-281
519,-592,-274
548,-567,-264
570,-547,-260
573,-530,-264
573,-525,-274
560,-529,-287
536,-536,-297
507,-553,-306
470,-583,-314
426,-618,-317
369,-660,-307
304,-701,-286
233,-739,-251
159,-772,-219
84,-797,-195
8,-796,-207
-61,-785,-237
-116,-768,-278
-150,-745,-325
-167,-713,-386
-165,-680,-450
-172,-635,-509
-203,-566,-564
-245,-500,-596
-288,-438,-606
-327,-390,-600
-359,-347,-586
-384,-288,-577
-403,-220,-568
-413,-159,-551
-423,-114,-534
-429,-81,-521
-426,-61,-509
-415,-55,-508
-401,-59,-517
-375,-46,-535
-341,-29,-555
-303,-11,-581
-271,18,-597
-241,28,-612
-219,22,-622
-204,26,-630
-174,43,-639
-143,59,-648
-114,60,-658
-91,59,-665
-70,66,-664
-53,72,-666
-47,94,-663
-42,131,-651
-37,164,-639
-40,192,-629
-46,198,-626
-61,167,-633
-81,125,-642
-93,96,-647
-91,67,-653
-85,39,-660
-68,47,-660
-48,56,-664
-41,46,-666
-35,27,-674
-21,10,-679
-3,-3,-683
8,-30,-687
25,-64,-690
43,-93,-689
56,-132,-684
62,-161,-683
71,-178,-680
78,-192,-677
85,-195,-674
101,-194,-669
120,-186,-667
140,-174,-662
152,-159,-657
158,-148,-653
158,-145,-651
158,-135,-648
154,-110,-644
155,-82,-642
158,-58,-641
159,-45,-639
161,-42,-640
154,-46,-642
140,-55,-647
131,-68,-651
114,-76,-657
88,-79,-664
51,-84,-673
20,-73,-682
-3,-46,-686
-43,-13,-685
-72,22,-683
-112,45,-677
-138,40,-670
-152,23,-666
-172,-25,-663
-195,-67,-657
-215,-104,-653
-224,-128,-651
-232,-146,-650
-232,-161,-649
-234,-167,-652
-232,-177,-650
-238,-185,-648
-249,-189,-644
-254,-193,-641
-255,-212,-640
-256,-246,-632
-267,-278,-616
-294,-310,-600
-313,-345,-577
-323,-377,-559
-334,-391,-545
-341,-401,-533
-344,-409,-523
-346,-419,-511
-348,-427,-503
-349,-427,-501
-346,-423,-505
-336,-420,-507
-326,-413,-517
-320,-396,-532
-317,-369,-551
-319,-349,-557
-326,-348,-552
-337,-363,-543
-355,-365,-539
-363,-351,-538
-357,-313,-554
-358,-267,-578
-345,-230,-594
-333,-211,-604
-321,-213,-605
-313,-228,-604
-303,-241,-600
-288,-237,-608
-270,-220,-616
-249,-211,-625
-237,-209,-628
-237,-224,-623
-246,-243,-614
-251,-242,-611
-259,-245,-607
-263,-241,-604
-258,-222,-609
-254,-210,-613
-258,-212,-614
-270,-219,-612
-280,-217,-612
-298,-207,-613
-309,-194,-612
-314,-189,-615
-315,-171,-621
-303,-133,-634
-288,-86,-648
-263,-29,-658
-232,24,-664
-188,78,-673
-153,100,-676
-124,109,-677
-82,123,-681
-36,133,-682
20,124,-686
72,100,-687
119,56,-684
172,-8,-679
228,-75,-656
280,-156,-624
326,-219,-582
370,-262,-530
401,-308,-478
426,-343,-432
442,-367,-387
458,-376,-358
481,-383,-333
494,-387,-309
510,-388,-291
509,-385,-282
517,-385,-272
524,-388,-263
525,-394,-258
526,-393,-256
520,-384,-256
523,-374,-256
524,-366,-250
519,-357,-253
519,-347,-258
515,-333,-270
514,-317,-280
514,-308,-289
511,-306,-297
509,-300,-300
508,-294,-308
509,-283,-316
515,-268,-320
522,-254,-324
526,-239,-328
533,-220,-329
539,-204,-333
549,-185,-336
554,-164,-337
556,-159,-338
557,-164,-347
552,-165,-363
542,-164,-388
524,-160,-416
509,-156,-434
493,-159,-457
483,-164,-470
482,-159,-473
482,-149,-481
487,-141,-482
495,-126,-482
504,-120,-481
515,-116,-479
526,-110,-474
543,-108,-468
564,-99,-456
591,-87,-435
614,-81,-407
639,-69,-377
669,-62,-342
705,-62,-300
734,-66,-255
757,-67,-206
780,-71,-151
800,-75,-104
815,-73,-60
829,-78,-30
838,-76,-11
846,-76,7
851,-75,16
855,-73,25
860,-68,35
866,-70,46
868,-68,57
874,-60,64
873,-48,66
875,-30,63
878,-9,54
879,7,38
877,20,26
875,39,9
875,45,-4
872,54,-14
869,66,-25
863,76,-38
856,89,-47
851,110,-53
847,126,-57
841,136,-70
835,146,-86
828,150,-108
823,153,-122
821,161,-132
818,163,-135
817,168,-129
820,170,-121
822,167,-116
822,165,-114
824,169,-107
825,171,-102
828,172,-92
830,180,-84
832,185,-75
833,191,-64
835,199,-52
833,208,-33
834,215,-12
830,230,12
825,239,33
820,249,54
817,252,68
817,246,77
820,236,88
824,232,99
824,229,97
828,224,94
829,223,94
833,216,88
840,203,82
849,187,76
862,166,62
866,149,42
869,139,19
869,126,-12
868,101,-46
865,78,-81
868,49,-111
863,25,-134
862,11,-148
862,-4,-165
856,-17,-184
850,-26,-217
844,-36,-249
838,-44,-277
830,-46,-291
828,-41,-299
827,-33,-296
829,-20,-291
835,-1,-284
848,28,-264
863,72,-235
877,104,-201
892,127,-171
901,143,-147
907,124,-129
911,103,-126
925,117,-116
932,111,-111
936,91,-95
944,86,-67
952,91,-34
959,92,-8
963,95,21
971,106,49
979,122,69
993,139,81
1018,146,71
1038,132,61
1040,128,62
1040,125,46
1038,116,21
1030,122,6
1022,133,-7
1006,136,-32
995,138,-49
987,126,-71
978,109,-95
970,86,-117
963,50,-135
958,-3,-144
961,-67,-139
958,-128,-125
951,-180,-104
949,-224,-84
947,-255,-78
943,-270,-81
946,-262,-95
954,-246,-112
960,-230,-126
964,-213,-131
969,-193,-129
974,-178,-128
983,-155,-115
995,-128,-99
1006,-100,-88
1010,-64,-82
1015,-41,-76
1020,-29,-68
1025,-14,-57
1033,-3,-44
1035,6,-38
1040,12,-33
1044,22,-36
1047,24,-49
1048,27,-58
1053,30,-54
1053,28,-48
1054,27,-47
1050,21,-58
1045,12,-66
1039,-5,-60
1026,-27,-41
1009,-43,-17
989,-52,21
972,-49,70
946,-28,116
925,26,149
912,96,153
891,178,108
866,254,24
824,325,-101
785,352,-206
758,370,-251
746,397,-239
745,405,-213
746,406,-190
741,401,-192
734,394,-214
728,391,-226
724,386,-229
727,371,-234
729,367,-236
724,363,-246
727,351,-248
733,347,-241
741,334,-227
751,316,-217
758,305,-202
768,289,-188
777,269,-180
784,248,-176
796,224,-160
806,205,-142
817,183,-119
830,154,-96
846,113,-69
857,85,-49
866,53,-32
876,23,-17
886,8,-5
887,-2,7
886,-7,5
894,7,-4
898,33,-25
897,60,-51
885,104,-78
877,141,-110
873,169,-136
861,193,-165
854,211,-194
851,218,-218
846,221,-236
847,225,-240
845,224,-241
846,226,-239
848,228,-235
849,229,-228
849,238,-220
847,247,-217
843,250,-219
842,253,-223
842,258,-221
840,257,-222
838,262,-223
840,265,-226
843,266,-227
844,264,-232
843,266,-243
842,274,-250
842,277,-252
845,278,-263
850,258,-293
863,233,-298
883,229,-281
902,232,-259
928,235,-246
954,253,-236
978,281,-233
996,326,-235
1014,374,-233
1042,391,-247
1052,418,-285
1057,457,-303
1048,496,-314
1019,519,-348
982,545,-377
966,553,-364
960,554,-331
963,555,-300
960,539,-295
956,525,-279
945,511,-277
937,488,-287
943,465,-271
952,456,-237
966,442,-176
974,426,-126
979,399,-90
991,348,-51
1006,286,-13
1026,214,20
1031,143,49
1028,92,76
1024,34,104
1021,-35,120
1013,-88,117
1007,-114,110
1007,-120,102
998,-112,99
989,-117,106
978,-125,114
966,-144,125
956,-172,134
945,-197,140
937,-215,143
933,-221,140
929,-236,142
932,-244,152
934,-245,155
935,-262,161
933,-268,173
939,-257,182
945,-242,174
942,-209,180
937,-201,212
935,-232,231
932,-276,238
933,-299,240
940,-314,225
947,-330,207
948,-333,177
944,-344,160
938,-345,155
934,-327,144
928,-311,125
919,-271,88
917,-241,43
917,-219,-9
907,-189,-81
886,-168,-169
853,-150,-278
807,-136,-381
752,-120,-475
682,-104,-565
602,-103,-639
511,-119,-706
436,-161,-743
370,-202,-764
320,-228,-777
289,-246,-783
276,-242,-784
281,-234,-787
297,-222,-792
332,-203,-788
370,-178,-783
413,-148,-771
444,-120,-766
468,-93,-762
498,-71,-753
532,-41,-739
577,-5,-718
619,22,-686
655,41,-661
688,44,-633
716,27,-611
741,0,-589
754,-16,-578
757,-40,-566
769,-69,-551
788,-85,-527
808,-98,-499
826,-104,-469
851,-101,-435
873,-96,-397
896,-79,-356
909,-52,-309
924,-30,-270
937,-7,-228
941,14,-189
940,23,-153
935,22,-115
931,15,-78
924,-5,-43
914,-27,-19
903,-51,-6
890,-82,-4
878,-104,-3
870,-115,2
864,-121,10
856,-120,26
847,-118,44
841,-140,57
837,-160,58
827,-185,55
822,-197,58
817,-212,50
815,-211,41
815,-211,38
811,-215,32
812,-216,33
813,-222,28
816,-215,25
822,-209,27
830,-209,27
836,-202,29
844,-192,36
853,-188,42
859,-177,52
868,-168,65
876,-160,74
886,-152,86
895,-139,99
905,-129,103
916,-125,106
922,-124,105
933,-128,97
938,-135,94
941,-144,100
948,-153,95
951,-157,86
952,-155,88
955,-159,99
958,-167,109
961,-167,119
962,-171,129
961,-182,142
963,-183,151
961,-188,153
960,-196,152
957,-217,142
949,-260,127
930,-315,133
900,-370,151
874,-398,217
846,-378,335
805,-354,454
755,-370,524
731,-380,555
743,-373,540
778,-352,496
799,-362,436
821,-368,383
849,-338,358
862,-313,344
878,-294,325
887,-284,293
902,-270,257
918,-251,222
931,-249,178
937,-236,137
942,-216,97
949,-187,65
958,-161,45
962,-136,31
962,-128,27
963,-126,22
964,-129,19
963,-136,18
965,-135,13
966,-127,9
968,-119,-4
974,-94,-22
984,-63,-32
993,-34,-33
999,-11,-26
1002,17,-27
1006,19,-27
1001,9,-16
995,2,0
989,-12,5
984,-45,19
976,-80,44
960,-114,77
949,-151,112
937,-184,143
924,-224,192
909,-251,238
897,-255,285
887,-237,340
877,-223,381
858,-209,424
854,-171,456
867,-87,471
890,75,428
905,250,305
932,321,172
954,273,160
954,250,148
963,225,126
970,220,93
972,203,120
972,192,115
971,191,84
974,180,79
971,174,77
967,167,98
967,152,101
965,139,93
961,128,96
958,116,104
951,101,119
944,90,127
939,75,128
935,59,130
930,36,132
929,11,127
924,-8,117
921,-25,101
916,-47,83
911,-69,64
906,-83,57
896,-106,57
889,-124,55
882,-134,52
876,-143,56
869,-150,68
863,-151,75
863,-157,81
860,-160,98
860,-156,118
857,-157,142
856,-153,171
858,-151,203
855,-160,238
848,-186,279
833,-224,325
817,-292,355
792,-371,368
762,-463,370
738,-547,350
719,-627,320
703,-671,297
699,-696,274
693,-725,236
688,-748,195
679,-771,145
663,-795,98
644,-816,62
625,-835,22
603,-850,-15
577,-858,-43
561,-868,-71
546,-872,-99
533,-877,-125
523,-875,-162
514,-865,-198
500,-861,-229
488,-863,-254
470,-865,-261
451,-876,-258
431,-887,-243
417,-897,-226
405,-906,-204
400,-913,-182
403,-917,-166
409,-912,-151
427,-905,-146
452,-894,-146
482,-881,-141
517,-864,-132
553,-843,-124
587,-820,-115
621,-800,-105
653,-773,-95
678,-748,-84
689,-725,-87
679,-728,-91
649,-742,-96
613,-760,-99
576,-775,-111
536,-797,-123
495,-811,-127
454,-820,-128
400,-836,-124
351,-850,-124
299,-864,-123
250,-869,-135
211,-867,-152
174,-864,-173
139,-860,-189
108,-856,-207
89,-848,-223
80,-838,-236
87,-833,-248
107,-826,-257
131,-818,-264
163,-812,-265
190,-802,-272
201,-788,-284
203,-777,-284
202,-775,-259
192,-783,-216
185,-793,-168
181,-794,-122
176,-793,-91
176,-790,-66
182,-786,-62
192,-776,-66
210,-767,-72
230,-757,-78
240,-746,-83
254,-736,-90
262,-725,-85
270,-719,-76
264,-718,-74
251,-728,-82
221,-739,-92
180,-748,-97
137,-763,-87
75,-776,-52
15,-785,27
-58,-773,151
-128,-732,278
-186,-676,371
-238,-637,407
-288,-613,413
-329,-617,374
-361,-637,309
-388,-650,249
-403,-658,204
-420,-662,180
-431,-662,183
-436,-655,197
-442,-647,222
-442,-630,259
-442,-603,323
-434,-566,389
-425,-535,437
-410,-508,473
-394,-488,500
-383,-457,527
-375,-430,548
-364,-410,567
-355,-391,581
-348,-389,581
-341,-390,583
-336,-401,580
-326,-414,579
-316,-415,588
-303,-412,603
-290,-403,618
-286,-390,630
-285,-384,640
-284,-393,641
-280,-394,653
-285,-386,670
-290,-385,681
-300,-377,698
-326,-363,702
-351,-352,700
-381,-346,685
-407,-345,663
-429,-345,639
-443,-353,610
-448,-364,584
-446,-387,561
-435,-404,544
-416,-417,538
-389,-432,535
-353,-445,541
-313,-450,555
-270,-451,568
-228,-447,580
-188,-438,593
-147,-430,603
-109,-419,610
-74,-407,621
-47,-394,628
-16,-384,634
13,-377,632
56,-371,632
97,-367,627
137,-362,623
182,-356,611
224,-352,597
267,-341,579
307,-335,560
347,-328,544
382,-321,521
419,-313,497
448,-303,468
475,-296,443
505,-291,422
527,-284,395
546,-276,368
563,-271,338
582,-267,309
603,-263,281
622,-257,255
629,-257,237
630,-266,227
633,-282,219
633,-297,206
634,-308,191
638,-321,174
635,-334,160
636,-346,155
636,-357,155
635,-374,150
638,-386,146
640,-400,139
645,-411,131
651,-421,128
656,-434,127
659,-453,122
668,-465,117
680,-469,108
689,-482,102
685,-495,106
682,-507,109
676,-523,110
672,-535,113
663,-548,114
652,-566,110
644,-578,109
636,-592,105
627,-603,97
621,-613,96
614,-625,85
606,-640,68
603,-651,47
597,-660,26
598,-665,9
602,-665,0
608,-665,-9
610,-661,-19
613,-658,-28
616,-662,-45
614,-662,-64
615,-659,-77
618,-655,-95
619,-655,-110
625,-648,-115
633,-640,-124
633,-639,-134
638,-633,-141
639,-630,-152
637,-631,-163
637,-625,-171
639,-627,-173
637,-633,-178
637,-633,-178
635,-635,-175
631,-644,-170
630,-647,-160
630,-654,-144
623,-664,-133
619,-671,-118
616,-679,-101
607,-692,-85
601,-701,-62
596,-710,-43
588,-719,-24
584,-726,-2
578,-739,23
567,-754,42
557,-764,68
546,-776,88
529,-792,112
516,-804,144
505,-814,176
491,-826,199
490,-826,234
500,-821,274
513,-816,310
525,-805,358
539,-794,402
554,-791,441
559,-785,486
564,-784,530
569,-790,564
576,-794,600
582,-805,636
585,-842,660
574,-891,678
560,-949,700
544,-1012,722
518,-1072,738
484,-1140,754
441,-1210,752
385,-1273,732
341,-1313,705
301,-1338,683
260,-1342,675
232,-1343,666
216,-1351,644
205,-1350,634
198,-1348,626
192,-1354,584
178,-1351,544
174,-1337,516
173,-1337,475
169,-1341,446
174,-1340,422
174,-1346,394
172,-1345,378
168,-1342,367
157,-1346,357
140,-1340,355
123,-1333,343
113,-1334,314
99,-1327,279
90,-1321,246
87,-1318,220
74,-1312,201
68,-1303,187
65,-1301,164
77,-1300,151
100,-1296,149
113,-1295,143
116,-1289,148
127,-1285,158
128,-1285,166
127,-1284,167
124,-1282,169
130,-1286,162
127,-1285,171
126,-1276,192
135,-1273,209
147,-1271,224
175,-1263,250
214,-1263,267
262,-1252,289
334,-1228,323
414,-1195,348
495,-1139,360
556,-1085,315
600,-1030,251
628,-966,193
649,-906,144
656,-849,96
659,-800,70
668,-753,58
675,-713,36
682,-674,18
683,-639,-7
685,-612,-33
682,-586,-47
681,-567,-66
672,-556,-95
656,-548,-128
639,-545,-162
621,-543,-191
605,-539,-211
593,-541,-220
586,-549,-228
580,-550,-225
578,-558,-216
578,-567,-203
581,-574,-189
585,-582,-176
584,-587,-169
590,-588,-161
601,-588,-146
614,-588,-129
631,-579,-99
659,-559,-75
689,-538,-66
714,-517,-59
734,-503,-54
751,-499,-68
759,-501,-74
770,-505,-65
788,-507,-58
814,-503,-56
850,-494,-71
890,-476,-88
929,-470,-82
959,-492,-42
981,-523,4
995,-550,55
995,-592,89
977,-639,90
969,-668,118
944,-709,143
908,-759,166
895,-761,196
880,-771,215
863,-785,222
861,-791,241
859,-777,275
851,-776,276
844,-762,306
833,-740,340
836,-705,363
840,-654,392
850,-595,444
866,-524,508
879,-399,576
885,-232,629
885,-53,620
895,80,566
908,170,503
926,198,437
958,208,364
975,250,269
974,320,172
960,413,103
934,469,64
935,472,58
926,488,68
925,507,43
938,498,41
951,489,69
966,477,66
994,455,61
1018,445,91
1036,440,107
1060,416,120
1066,397,137
1063,397,138
1054,404,139
1047,414,152
1036,413,156
1027,404,148
1017,372,143
1010,311,162
1000,251,185
985,194,219
970,129,256
957,50,288
945,-8,301
933,-61,307
918,-118,316
899,-176,317
888,-230,312
873,-281,297
860,-322,279
849,-353,261
838,-374,247
824,-384,234
812,-396,224
799,-408,223
788,-408,222
777,-409,225
760,-415,218
747,-422,208
740,-433,190
730,-446,170
730,-446,153
739,-426,138
752,-415,129
754,-413,119
753,-411,128
758,-397,152
763,-367,173
781,-323,201
805,-269,234
816,-216,263
819,-171,291
817,-130,311
808,-87,336
798,-48,361
791,-18,377
780,13,390
770,38,401
766,60,402
765,76,406
764,83,412
768,87,410
775,91,407
784,100,404
788,108,397
792,121,381
798,133,368
804,137,353
806,130,352
806,122,358
812,110,361
818,100,362
821,94,367
827,90,362
830,91,357
838,94,349
846,100,335
849,109,319
857,120,308
858,123,304
858,124,310
858,132,310
860,145,299
864,170,277
871,195,246
876,209,207
886,221,170
892,224,142
900,215,137
898,209,141
891,198,163
883,179,186
875,161,206
870,172,195
867,182,172
861,199,151
857,215,117
850,232,81
847,234,65
847,233,69
846,225,74
846,209,78
851,195,88
851,176,92
851,158,89
855,140,91
861,116,93
866,86,88
875,61,81
881,38,74
886,23,78
888,9,89
881,-11,82
881,-22,78
883,-25,79
883,-29,89
884,-30,95
889,-22,98
889,-35,107
888,-46,114
884,-55,120
880,-77,127
876,-93,138
877,-98,139
877,-103,136
878,-114,134
877,-128,138
875,-148,142
869,-165,148
866,-174,155
869,-173,153
873,-164,141
884,-142,122
892,-131,106
901,-115,87
914,-78,66
920,-36,37
919,14,4
918,60,-31
917,96,-69
908,128,-120
901,144,-172
899,160,-211
904,175,-228
914,190,-238
922,200,-251
929,200,-267
950,190,-273
969,182,-278
988,176,-271
1013,185,-255
1039,194,-249
1068,201,-238
1097,219,-227
1128,244,-208
1152,274,-170
1174,296,-159
1187,318,-177
1193,346,-203
1186,375,-227
1166,412,-251
1143,420,-294
1152,386,-318
1165,349,-320
1179,314,-305
1191,300,-283
1196,293,-263
1197,314,-210
1191,341,-153
1183,360,-98
1178,362,-6
1176,330,81
1170,283,165
1159,219,199
1150,159,201
1139,107,198
1127,67,185
1115,43,154
1105,19,117
1097,3,72
1085,3,30
1075,-11,17
1064,-13,7
1057,-15,6
1054,-25,5
1052,-41,-3
1045,-45,-18
1037,-53,-25
1033,-73,-11
1035,-95,19
1039,-109,55
1042,-117,88
1051,-118,127
1058,-125,168
1067,-110,204
1062,-78,229
1061,-69,236
1064,-59,241
1068,-65,268
1069,-98,304
1067,-142,334
1076,-182,340
1087,-228,353
1096,-253,361
1105,-273,352
1108,-305,345
1102,-323,343
1097,-324,351
1087,-329,357
1074,-333,351
1064,-338,353
1051,-345,357
1039,-353,355
1031,-363,348
1021,-386,338
1006,-436,330
989,-491,315
975,-565,280
964,-625,222
962,-660,175
965,-675,151
968,-677,158
965,-683,163
953,-690,169
938,-698,180
920,-710,198
902,-725,212
882,-747,213
872,-767,223
872,-779,240
875,-781,261
881,-783,267
890,-785,250
900,-783,225
912,-776,220
918,-769,211
921,-769,196
921,-762,185
924,-755,170
927,-747,154
934,-730,141
940,-711,123
949,-687,107
950,-665,98
955,-640,85
961,-605,77
959,-575,81
950,-547,81
931,-532,79
903,-528,87
865,-535,97
817,-561,90
768,-598,83
720,-633,62
665,-662,38
613,-699,41
566,-730,47
522,-756,49
478,-783,44
442,-803,41
414,-817,35
384,-834,28
364,-843,17
354,-851,6
354,-855,-4
369,-853,-15
399,-844,-24
426,-827,-33
467,-803,-47
508,-781,-56
535,-762,-56
553,-745,-53
572,-728,-49
581,-726,-42
585,-720,-40
587,-719,-45
577,-728,-52
565,-736,-58
550,-749,-58
525,-764,-60
504,-778,-60
484,-792,-69
462,-809,-75
448,-817,-86
438,-819,-95
426,-823,-104
425,-824,-105
427,-821,-109
428,-821,-103
434,-821,-96
446,-818,-90
455,-812,-84
471,-802,-79
484,-790,-77
502,-783,-74
513,-774,-68
524,-765,-67
531,-761,-65
536,-756,-65
539,-755,-70
533,-760,-77
530,-764,-88
523,-769,-102
509,-780,-120
485,-790,-135
467,-798,-151
447,-809,-156
431,-818,-159
427,-815,-155
428,-813,-156
437,-804,-163
461,-789,-177
480,-771,-191
506,-757,-194
527,-743,-193
522,-744,-201
506,-754,-216
487,-764,-228
455,-781,-247
423,-790,-268
394,-798,-291
366,-802,-317
337,-805,-348
318,-798,-378
301,-790,-407
289,-775,-436
286,-756,-463
283,-737,-487
287,-723,-503
291,-709,-523
289,-691,-542
283,-674,-559
276,-662,-567
255,-659,-572
227,-660,-575
195,-660,-579
158,-655,-589
123,-651,-597
89,-645,-605
61,-645,-608
46,-651,-601
45,-654,-594
45,-662,-585
64,-663,-583
99,-662,-582
137,-657,-585
184,-640,-592
231,-616,-608
269,-580,-629
301,-547,-648
326,-521,-657
337,-500,-669
344,-491,-677
347,-485,-682
328,-476,-695
297,-475,-711
257,-478,-724
223,-481,-731
177,-479,-735
123,-472,-736
70,-468,-735
17,-465,-728
-29,-459,-717
-80,-449,-710
-124,-437,-707
-165,-414,-710
-196,-384,-716
-228,-347,-727
-247,-324,-735
-248,-317,-744
-231,-326,-753
-199,-341,-767
-169,-360,-785
-119,-372,-802
-62,-374,-817
-24,-375,-830
2,-394,-829
21,-441,-815
41,-514,-782
62,-587,-739
87,-652,-692
116,-701,-650
148,-735,-617
189,-742,-606
223,-735,-611
252,-715,-621
269,-692,-636
271,-660,-650
256,-644,-649
229,-641,-637
202,-634,-625
169,-618,-621
125,-609,-613
74,-595,-604
31,-565,-598
0,-530,-593
-32,-496,-582
-53,-476,-559
-76,-467,-533
-103,-458,-514
-114,-454,-494
-120,-439,-482
-120,-423,-474
-118,-410,-475
-106,-400,-480
-83,-394,-483
-50,-402,-482
-12,-412,-481
44,-413,-484
106,-412,-486
150,-396,-491
177,-382,-494
195,-384,-489
203,-403,-475
204,-426,-456
208,-453,-432
211,-472,-411
219,-486,-391
229,-488,-379
246,-478,-378
268,-459,-380
294,-430,-394
323,-395,-411
345,-365,-426
354,-345,-438
365,-347,-444
370,-366,-445
373,-393,-454
366,-410,-467
350,-423,-492
328,-427,-532
293,-439,-578
245,-457,-628
171,-475,-669
78,-487,-703
-23,-478,-737
-130,-452,-762
-250,-417,-770
-357,-390,-758
-447,-374,-738
-522,-354,-712
-569,-337,-701
-598,-315,-705
-600,-284,-731
-587,-252,-766
-578,-206,-800
-543,-199,-836
-528,-191,-855
-534,-156,-859
-535,-167,-864
-536,-193,-862
-531,-191,-866
-521,-190,-873
-514,-192,-879
-512,-169,-894
-513,-145,-904
-516,-148,-904
-515,-146,-908
-510,-149,-915
-510,-150,-922
-522,-158,-920
-549,-169,-908
-586,-186,-890
-614,-185,-877
-621,-178,-876
-622,-169,-883
-621,-151,-894
-610,-120,-919
-587,-108,-948
-544,-91,-980
-497,-9,-1016
-483,44,-1031
-494,48,-1035
-523,36,-1028
-554,15,-1017
-571,6,-1016
-579,8,-1016
-580,6,-1023
-590,-2,-1023
-602,-10,-1020
-619,-13,-1016
-644,-7,-1005
-666,-14,-1001
-672,-6,-1000
-669,-2,-1008
-659,-13,-1020
-644,-39,-1035
-617,-97,-1055
-590,-148,-1071
-580,-162,-1080
-567,-179,-1089
-549,-194,-1099
-532,-196,-1111
-519,-204,-1123
-497,-220,-1132
-478,-216,-1147
-460,-203,-1159
-438,-192,-1173
-424,-186,-1182
-411,-184,-1191
-403,-177,-1197
-395,-168,-1202
-390,-162,-1207
-393,-155,-1209
-397,-150,-1214
-397,-129,-1216
-387,-110,-1224
-377,-70,-1232
-361,-33,-1239
-353,6,-1245
-348,31,-1246
-341,40,-1248
-341,35,-1249
-353,15,-1247
-367,-7,-1243
-371,-33,-1242
-369,-74,-1244
-370,-155,-1241
-373,-262,-1231
-369,-383,-1208
-382,-531,-1157
-393,-690,-1077
-421,-822,-988
-440,-899,-924
-463,-966,-853
-491,-1025,-779
-541,-1055,-714
-589,-1054,-676
-618,-1041,-676
-620,-1020,-708
-612,-997,-746
-609,-993,-753
-590,-986,-777
-570,-977,-800
-552,-976,-811
-520,-965,-837
-478,-960,-867
-425,-957,-899
-381,-965,-907
-338,-970,-909
-271,-981,-918
-178,-977,-943
-48,-978,-958
125,-999,-935
333,-974,-912
569,-826,-931
761,-563,-967
949,-277,-923
1066,-118,-795
1101,-65,-682
1112,-131,-609
1094,-250,-563
1053,-444,-502
998,-568,-456
941,-641,-426
890,-717,-378
860,-747,-343
839,-762,-319
855,-723,-319
906,-650,-328
943,-564,-336
976,-478,-345
991,-391,-351
999,-348,-354
990,-339,-363
971,-368,-371
949,-407,-372
926,-470,-364
908,-501,-355
893,-505,-349
885,-504,-349
877,-494,-350
871,-485,-346
866,-476,-335
863,-468,-322
858,-464,-307
853,-459,-291
845,-459,-275
830,-467,-264
809,-486,-255
785,-510,-242
759,-528,-230
728,-550,-214
704,-552,-205
683,-548,-198
666,-538,-193
656,-525,-186
648,-515,-178
642,-502,-169
645,-487,-153
644,-470,-141
644,-454,-125
645,-434,-118
648,-407,-116
653,-382,-126
660,-353,-138
664,-336,-146
664,-328,-147
667,-324,-139
676,-314,-129
680,-297,-128
686,-273,-133
689,-248,-138
689,-231,-146
690,-219,-151
686,-208,-154
683,-200,-161
680,-190,-167
677,-181,-173
673,-173,-174
669,-169,-174
660,-164,-174
656,-167,-175
649,-166,-177
645,-162,-179
638,-160,-190
632,-164,-202
629,-167,-216
620,-169,-230
608,-171,-248
601,-177,-270
590,-188,-289
579,-204,-307
568,-217,-324
557,-228,-334
551,-229,-346
544,-223,-359
536,-209,-371
529,-199,-385
526,-183,-398
525,-157,-407
525,-125,-417
515,-83,-428
517,-26,-438
529,33,-448
525,103,-462
513,173,-473
495,230,-486
487,252,-499
479,251,-518
473,239,-539
468,217,-561
472,170,-589
467,123,-610
451,92,-619
450,72,-618
454,72,-613
470,80,-600
480,95,-587
487,113,-577
495,123,-570
498,119,-576
505,103,-584
515,102,-595
522,109,-603
526,118,-603
526,123,-598
536,130,-586
539,129,-579
529,115,-577
521,91,-587
505,52,-601
493,1,-616
471,-44,-629
446,-86,-638
419,-123,-648
390,-154,-660
357,-186,-667
333,-209,-675
319,-224,-679
309,-225,-685
306,-222,-691
309,-198,-693
331,-172,-697
365,-149,-698
391,-118,-700
407,-70,-707
413,-10,-719
400,19,-735
379,12,-755
362,-35,-778
343,-93,-794
321,-168,-807
308,-203,-816
307,-211,-822
311,-194,-831
318,-153,-841
325,-100,-848
331,-47,-853
342,-3,-855
353,48,-850
360,102,-843
361,156,-835
340,200,-827
294,246,-824
230,290,-825
149,298,-839
62,273,-856
-25,235,-876
-104,193,-889
-164,146,-895
-197,113,-898
-216,90,-897
-218,76,-900
-203,53,-908
-185,1,-913
-175,-28,-913
-166,41,-914
-149,177,-897
-148,281,-873
-145,470,-788
-84,657,-649
-15,766,-526
56,811,-454
52,790,-497
-3,706,-604
-48,660,-648
-141,643,-664
-203,637,-651
-219,616,-652
-231,570,-688
-224,576,-685
-219,566,-701
-225,566,-695
-232,584,-668
-238,582,-665
-237,593,-653
-245,573,-667
-254,572,-661
-264,585,-640
-279,580,-635
-294,571,-631
-319,541,-645
-337,528,-643
-348,522,-636
-362,497,-646
-380,470,-656
-402,429,-677
-419,396,-687
-432,370,-689
-460,328,-695
-492,282,-693
-540,230,-685
-590,176,-667
-625,119,-643
-665,54,-616
-700,-16,-583
-722,-95,-554
-735,-131,-535
-743,-158,-514
-748,-186,-501
-755,-207,-486
-754,-231,-472
-758,-257,-449
-765,-289,-423
-770,-314,-395
-775,-338,-372
-772,-354,-356
-770,-370,-352
-768,-384,-351
-766,-392,-346
-766,-402,-341
-762,-409,-332
-760,-419,-327
-762,-427,-321
-761,-435,-318
-757,-439,-320
-756,-437,-329
-753,-437,-337
-748,-441,-346
-744,-444,-352
-743,-447,-350
-742,-448,-352
-744,-447,-350
-749,-454,-330
-760,-490,-247
-757,-546,-78
-730,-586,91
-678,-632,176
-588,-706,210
-452,-809,174
-273,-907,44
-78,-938,-248
112,-790,-571
237,-510,-793
330,-182,-869
410,43,-818
495,231,-745
537,279,-656
559,243,-572
574,235,-541
571,220,-538
536,212,-577
508,185,-610
488,148,-627
462,132,-648
452,126,-652
444,136,-659
456,144,-647
482,145,-623
510,159,-591
543,185,-546
579,224,-474
618,266,-383
653,300,-278
674,316,-162
686,307,-55
692,275,40
697,229,103
699,185,150
697,141,185
694,97,214
687,41,239
677,-15,270
669,-72,298
659,-145,309
644,-215,315
627,-280,308
608,-334,305
596,-376,302
584,-408,293
575,-432,285
562,-443,276
556,-454,272
559,-462,269
556,-468,262
554,-475,249
546,-481,236
544,-488,224
542,-500,216
536,-505,209
530,-508,204
524,-505,198
520,-509,195
509,-522,187
488,-545,183
462,-571,180
439,-600,169
409,-627,151
373,-650,137
333,-673,127
294,-691,117
257,-707,111
222,-716,96
197,-722,83
178,-723,65
171,-720,48
165,-720,33
171,-714,26
197,-707,27
231,-700,24
265,-688,12
289,-677,-4
299,-672,-18
295,-672,-23
292,-673,-10
283,-677,16
278,-674,50
275,-671,76
277,-665,88
284,-656,98
293,-645,99
303,-633,94
315,-621,94
329,-610,91
335,-600,87
337,-592,81
339,-586,88
344,-577,100
341,-575,108
328,-577,104
316,-589,86
303,-596,64
291,-603,43
273,-605,30
256,-609,29
233,-610,33
212,-609,35
193,-606,38
181,-599,33
175,-591,27
176,-583,24
181,-568,19
190,-556,18
208,-547,17
233,-535,10
253,-523,0
268,-518,-11
268,-515,-17
260,-516,-14
257,-521,2
250,-526,22
245,-526,52
243,-527,74
245,-518,89
248,-513,101
254,-504,108
259,-494,112
266,-485,114
278,-476,118
283,-467,122
295,-457,130
300,-448,137
309,-441,147
316,-444,154
306,-468,156
287,-497,158
269,-532,149
244,-555,131
218,-570,112
188,-577,106
161,-577,114
132,-564,125
106,-555,137
80,-541,147
62,-525,148
49,-506,147
39,-489,145
33,-470,153
36,-455,168
43,-438,179
57,-425,181
65,-414,174
72,-409,169
68,-405,167
71,-404,173
77,-394,194
88,-378,228
96,-353,266
106,-324,297
113,-292,328
125,-267,348
133,-242,366
143,-228,381
150,-217,395
159,-207,413
172,-207,426
185,-209,434
199,-212,437
211,-223,440
223,-239,433
234,-252,420
248,-262,399
265,-268,382
287,-257,367
309,-238,362
331,-213,355
355,-186,346
378,-161,333
401,-142,318
420,-111,305
438,-79,293
443,-41,277
445,2,268
453,41,261
441,89,254
420,143,249
386,188,245
371,218,240
365,246,234
363,274,216
362,302,185
367,328,143
364,356,99
353,381,52
344,400,10
327,421,-19
306,438,-40
285,465,-48
268,493,-50
257,523,-48
259,552,-39
281,570,-35
305,570,-45
324,564,-53
350,542,-50
391,509,-42
450,460,-20
486,417,18
512,381,44
553,338,51
597,291,43
645,234,35
680,177,23
708,126,12
731,79,1
744,44,-12
744,25,-27
748,23,-36
766,44,-40
767,83,-41
763,138,-41
726,218,-41
695,295,-43
678,359,-45
646,415,-44
623,445,-52
607,459,-80
603,455,-121
601,446,-165
602,429,-209
603,408,-254
605,386,-297
603,375,-331
598,374,-352
596,384,-365
599,396,-369
598,420,-357
605,440,-344
611,447,-341
615,445,-352
615,446,-354
616,439,-346
618,419,-328
619,398,-306
621,370,-276
621,343,-244
630,310,-215
635,275,-196
633,242,-192
643,204,-191
650,170,-192
663,133,-194
668,117,-195
673,110,-190
678,108,-181
687,115,-174
688,132,-164
688,157,-153
697,194,-141
688,241,-125
683,283,-103
682,322,-76
690,342,-49
698,342,-40
708,339,-64
715,326,-99
726,302,-141
737,285,-174
744,270,-186
756,258,-193
771,250,-197
790,233,-193
807,215,-195
819,186,-208
837,136,-223
848,60,-243
858,-34,-275
845,-135,-295
817,-222,-309
781,-299,-325
740,-365,-343
701,-414,-359
669,-457,-382
657,-491,-400
651,-517,-425
642,-542,-457
625,-574,-483
604,-598,-505
581,-629,-518
561,-660,-507
552,-680,-494
541,-688,-486
557,-673,-483
594,-648,-484
631,-613,-477
655,-574,-482
682,-532,-483
687,-530,-477
692,-542,-464
699,-548,-452
694,-573,-441
685,-629,-413
663,-714,-356
605,-821,-222
516,-901,-73
442,-928,-54
380,-958,-44
351,-946,-57
335,-920,-58
311,-914,15
280,-900,105
236,-893,213
178,-891,258
92,-887,268
-23,-891,281
-139,-884,274
-256,-872,252
-346,-843,191
-410,-809,111
-447,-781,25
-464,-762,-25
-464,-759,-61
-457,-763,-81
-437,-771,-85
-413,-785,-90
-394,-799,-85
-378,-815,-64
-368,-823,-19
-367,-822,25
-366,-820,63
-368,-816,90
-370,-809,110
-374,-799,114
-376,-793,104
-377,-786,76
-380,-772,24
-384,-759,-36
-395,-737,-75
-407,-716,-97
-410,-705,-97
-407,-706,-57
-406,-703,50
-408,-679,183
-407,-654,257
-405,-650,254
-398,-650,251
-393,-635,271
-378,-627,305
-360,-623,341
-345,-613,369
-326,-607,397
-312,-597,422
-292,-597,439
-271,-601,451
-254,-609,453
-250,-630,428
-243,-646,398
-248,-657,362
-259,-672,328
-258,-678,313
-255,-677,323
-249,-668,346
-239,-655,379
-219,-647,415
-208,-640,440
-198,-644,446
-191,-657,446
-183,-672,435
-176,-687,419
-180,-710,396
-180,-733,364
-186,-750,320
-197,-771,263
-205,-787,200
-210,-798,131
-215,-798,59
-220,-796,-22
-231,-783,-88
-251,-765,-137
-272,-741,-182
-300,-711,-227
-331,-672,-274
-359,-630,-319
-390,-586,-363
-410,-540,-398
-427,-496,-430
-441,-455,-452
-450,-426,-472
-436,-412,-496
-415,-403,-527
-382,-384,-571
-343,-353,-620
-308,-302,-668
-299,-229,-707
-305,-224,-711
-308,-246,-707
-315,-224,-700
-316,-220,-688
-319,-226,-670
-321,-227,-645
-318,-225,-618
-317,-216,-591
-313,-210,-576
-307,-208,-568
-309,-207,-562
-316,-222,-552
-321,-241,-542
-321,-235,-547
-317,-204,-561
-303,-149,-579
-271,-107,-594
-216,-59,-616
-164,-15,-636
-121,11,-650
-61,32,-671
-1,64,-686
57,116,-698
91,142,-698
95,138,-696
75,132,-691
65,135,-681
28,126,-671
3,115,-659
-10,112,-645
-19,107,-629
-15,117,-621
-8,121,-617
10,130,-618
43,145,-621
79,162,-623
118,175,-624
152,171,-636
184,163,-645
217,170,-650
233,176,-653
239,173,-660
235,162,-669
238,160,-671
241,151,-678
229,124,-691
201,80,-709
156,24,-727
114,-30,-738
75,-69,-743
31,-99,-740
-24,-139,-735
-90,-176,-716
-163,-223,-690
-221,-258,-664
-264,-260,-640
-295,-235,-629
-311,-199,-613
-318,-149,-612
-317,-105,-616
-309,-46,-616
-296,30,-616
-273,99,-613
-248,161,-609
-228,220,-601
-194,286,-585
-155,338,-576
-95,383,-566
-47,432,-543
-10,468,-517
3,487,-496
-13,475,-504
-53,444,-514
-114,409,-517
-171,357,-522
-233,280,-519
-274,219,-506
-303,201,-468
-311,214,-432
-312,228,-407
-327,228,-375
-345,219,-344
-364,213,-308
-376,210,-283
-384,202,-264
-396,206,-250
-403,216,-248
-387,241,-255
-368,272,-278
-354,306,-299
-321,357,-321
-280,412,-335
-213,467,-352
-145,497,-375
-88,503,-395
-43,498,-418
-18,471,-456
-23,415,-523
-35,361,-579
-38,314,-620
-24,275,-653
17,263,-671
67,272,-667
108,276,-663
143,274,-664
174,267,-661
199,260,-658
219,248,-657
238,244,-653
264,250,-643
275,271,-633
280,300,-622
268,327,-612
250,349,-610
218,354,-618
167,356,-621
116,335,-628
54,291,-640
15,263,-639
-8,247,-635
-38,225,-634
-64,203,-637
-94,197,-635
-128,203,-627
-161,194,-624
-196,155,-627
-226,115,-625
-247,77,-623
-258,34,-623
-266,9,-623
-268,0,-624
-268,-16,-630
-259,-47,-635
-248,-69,-643
-234,-77,-653
-208,-70,-662
-186,-62,-670
-150,-46,-677
-121,-17,-687
-95,28,-692
-59,91,-697
-30,134,-698
0,170,-706
34,195,-716
80,208,-722
147,198,-733
218,120,-747
303,-23,-746
371,-240,-688
434,-403,-585
492,-441,-497
543,-454,-409
583,-467,-283
603,-480,-189
608,-497,-119
601,-507,-52
591,-514,-9
568,-517,26
560,-519,52
566,-517,64
570,-508,74
579,-496,83
587,-479,85
598,-465,81
610,-454,87
612,-448,101
615,-447,110
613,-449,117
610,-457,116
605,-462,116
602,-464,115
597,-462,117
590,-460,116
581,-465,100
571,-471,77
565,-473,51
557,-473,26
554,-477,4
548,-475,-8
548,-470,-11
547,-467,-14
549,-462,-19
550,-456,-23
561,-443,-22
577,-424,-11
595,-399,6
610,-371,16
621,-343,26
631,-322,23
638,-308,11
646,-292,-3
656,-270,-14
663,-252,-17
672,-243,-8
677,-240,-11
680,-243,-37
678,-252,-71
670,-271,-111
662,-288,-136
654,-300,-147
654,-312,-148
656,-323,-149
658,-334,-135
663,-341,-133
665,-345,-142
667,-346,-143
677,-347,-142
685,-354,-135
693,-361,-129
694,-373,-127
696,-388,-128
695,-404,-118
692,-421,-98
690,-434,-77
691,-436,-52
694,-442,-37
693,-455,-30
690,-466,-36
679,-485,-60
667,-506,-83
657,-524,-108
642,-541,-132
627,-561,-158
611,-581,-173
593,-599,-188
571,-619,-216
548,-636,-245
528,-653,-278
512,-664,-306
513,-668,-325
522,-664,-348
524,-667,-369
525,-680,-379
519,-694,-397
513,-707,-412
521,-719,-409
537,-725,-407
558,-719,-415
592,-718,-398
622,-718,-381
644,-715,-370
672,-721,-331
688,-737,-289
663,-745,-316
646,-753,-317
644,-760,-312
633,-764,-317
614,-773,-317
599,-789,-312
607,-800,-294
596,-809,-301
570,-808,-350
549,-788,-421
537,-769,-461
538,-760,-470
567,-760,-437
617,-743,-385
676,-699,-330
736,-622,-299
801,-528,-271
845,-406,-250
870,-267,-240
865,-111,-228
847,16,-239
819,119,-280
755,213,-351
674,277,-430
574,312,-514
504,332,-571
459,342,-604
433,338,-625
410,334,-644
403,297,-665
381,241,-702
348,196,-741
329,156,-764
314,130,-775
314,99,-780
306,77,-781
293,60,-786
287,36,-783
280,14,-778
280,-14,-771
272,-27,-766
257,-29,-763
248,-43,-761
234,-61,-760
224,-84,-757
207,-104,-754
188,-116,-757
180,-126,-757
175,-133,-760
171,-134,-763
173,-136,-768
187,-145,-770
190,-139,-774
189,-122,-781
173,-110,-792
143,-120,-799
109,-151,-802
75,-209,-799
49,-275,-786
25,-345,-768
15,-383,-757
13,-397,-757
18,-404,-763
32,-406,-771
56,-411,-783
84,-417,-787
