-907,29,-124
-906,30,-123
-907,29,-124
-908,27,-123
-905,27,-124
-906,28,-124
-906,26,-127
-905,27,-129
-904,28,-133
-903,27,-133
-903,28,-136
-901,29,-139
-900,32,-145
-898,34,-149
-895,36,-153
-896,35,-158
-893,43,-162
-889,51,-170
-876,69,-182
-857,98,-186
-840,123,-174
-819,145,-169
-797,158,-171
-777,161,-179
-761,149,-193
-744,134,-215
-730,111,-231
-720,90,-245
-714,66,-253
-707,53,-257
-702,43,-261
-697,34,-261
-698,22,-264
-702,12,-262
-704,12,-261
-706,9,-259
-709,6,-252
-713,7,-249
-712,10,-244
-712,13,-245
-712,12,-247
-711,13,-247
-715,11,-249
-720,17,-249
-724,11,-248
-725,11,-247
-728,5,-250
-733,0,-248
-738,-6,-250
-742,-10,-249
-743,-14,-247
-743,-17,-247
-743,-17,-245
-744,-15,-247
-747,-11,-245
-746,-4,-244
-746,5,-240
-747,16,-233
-741,32,-228
-739,51,-219
-741,71,-211
-734,91,-201
-733,108,-190
-729,126,-181
-728,141,-179
-728,149,-180
-735,157,-180
-739,157,-181
-748,159,-186
-759,155,-190
-767,152,-194
-778,143,-199
-791,130,-204
-804,109,-209
-812,92,-210
-819,81,-214
-826,66,-215
-832,48,-216
-842,29,-216
-849,10,-218
-852,-13,-214
-859,-34,-209
-864,-57,-200
-868,-69,-190
-869,-75,-182
-869,-73,-174
-867,-65,-161
-864,-57,-152
-855,-47,-142
-855,-40,-127
-853,-36,-116
-850,-25,-111
-846,-11,-104
-840,5,-94
-834,25,-87
-827,47,-81
-821,67,-79
-811,85,-86
-803,101,-101
-799,115,-115
-793,123,-122
-792,131,-120
-790,144,-115
-787,152,-104
-784,163,-99
-777,177,-99
-767,195,-105
-757,215,-108
-742,238,-112
-725,259,-120
-707,283,-122
-687,309,-121
-665,331,-116
-649,350,-111
-646,357,-88
-647,357,-49
-658,340,4
-680,301,47
-718,248,59
-740,199,27
-749,157,-26
-758,120,-81
-761,87,-123
-765,55,-169
-764,24,-192
-760,1,-205
-752,-18,-228
-739,-34,-249
-722,-51,-273
-713,-69,-283
-711,-93,-282
-708,-125,-269
-704,-160,-258
-699,-197,-249
-685,-234,-254
-662,-263,-274
-639,-281,-303
-615,-292,-333
-586,-301,-367
-562,-313,-386
-547,-326,-397
-533,-326,-409
-527,-325,-413
-518,-334,-409
-513,-341,-407
-511,-344,-406
-508,-344,-406
-509,-342,-405
-505,-344,-404
-498,-346,-407
-491,-347,-411
-487,-352,-410
-480,-354,-413
-471,-349,-423
-459,-352,-425
-455,-357,-422
-461,-363,-412
-469,-363,-402
-486,-365,-384
-506,-364,-361
-533,-363,-333
-558,-368,-298
-581,-375,-260
-600,-382,-217
-615,-384,-185
-629,-388,-153
-638,-395,-118
-643,-402,-87
-648,-414,-57
-647,-424,-38
-641,-432,-30
-633,-444,-34
-621,-460,-34
-610,-483,-26
-593,-506,-12
-572,-528,7
-549,-554,38
-522,-579,71
-496,-603,106
-464,-624,135
-434,-639,162
-407,-649,189
-380,-658,209
-354,-662,226
-330,-667,238
-307,-669,255
-282,-675,267
-255,-673,283
-226,-674,301
-199,-672,319
-170,-673,334
-136,-673,343
-100,-673,351
-62,-670,355
-27,-666,363
8,-662,370
41,-660,371
73,-654,374
99,-650,366
124,-651,353
151,-650,339
172,-652,320
195,-652,298
216,-651,268
236,-651,245
259,-648,226
272,-644,203
287,-641,180
298,-640,151
312,-634,123
325,-628,102
337,-622,85
343,-616,68
352,-613,43
356,-607,24
358,-605,8
361,-601,-6
365,-598,-20
366,-590,-37
367,-588,-54
367,-586,-70
365,-586,-78
362,-587,-89
361,-586,-91
354,-587,-88
355,-590,-85
357,-590,-77
360,-590,-69
358,-591,-59
356,-593,-53
347,-594,-45
341,-600,-27
337,-603,-9
335,-604,5
330,-607,8
328,-607,21
323,-610,33
319,-612,40
314,-619,47
307,-621,53
307,-626,59
304,-631,66
307,-636,71
304,-642,74
308,-647,77
314,-647,77
320,-649,80
322,-656,81
321,-661,81
321,-669,78
322,-674,76
326,-679,71
328,-683,70
336,-686,71
342,-685,72
348,-689,77
355,-693,83
358,-695,89
365,-703,91
372,-708,96
378,-713,101
383,-721,100
390,-730,105
395,-737,108
400,-746,115
403,-755,120
411,-764,135
421,-775,154
426,-783,177
431,-794,194
434,-809,207
434,-826,221
429,-840,228
432,-865,227
427,-887,227
424,-899,228
416,-920,230
413,-936,233
407,-949,237
399,-968,234
394,-983,237
388,-996,239
383,-1012,240
378,-1025,242
376,-1031,248
374,-1038,248
379,-1046,246
391,-1043,242
402,-1043,229
411,-1043,223
430,-1039,224
446,-1037,218
459,-1038,219
471,-1033,223
485,-1039,223
492,-1043,225
498,-1045,228
499,-1053,228
497,-1062,229
488,-1070,228
483,-1081,217
478,-1093,207
475,-1098,203
476,-1109,189
482,-1115,181
490,-1114,185
497,-1118,181
503,-1117,179
505,-1113,184
509,-1114,183
508,-1111,183
510,-1107,187
508,-1109,183
506,-1111,183
501,-1109,186
498,-1115,178
496,-1117,177
495,-1115,174
496,-1118,164
504,-1115,158
515,-1110,159
526,-1105,153
540,-1098,150
555,-1084,151
567,-1076,144
576,-1066,144
584,-1054,142
593,-1049,138
595,-1042,136
596,-1034,137
599,-1032,136
597,-1028,135
595,-1024,139
593,-1026,131
596,-1020,123
601,-1010,118
615,-1000,100
628,-986,81
641,-959,59
651,-944,29
661,-923,-1
667,-898,-27
671,-875,-58
670,-852,-84
671,-828,-102
668,-813,-120
667,-801,-130
661,-789,-137
650,-785,-150
641,-781,-154
631,-777,-154
622,-781,-156
612,-783,-147
605,-784,-133
594,-790,-120
579,-798,-104
564,-804,-87
544,-813,-70
526,-823,-47
505,-826,-23
483,-832,-8
464,-834,4
447,-833,13
427,-838,16
408,-840,13
396,-838,13
384,-841,10
382,-838,10
381,-837,23
376,-838,32
376,-837,39
374,-840,46
368,-849,53
366,-854,63
371,-859,85
371,-866,104
375,-877,121
382,-887,150
387,-905,178
396,-921,213
401,-934,252
405,-957,291
413,-977,331
423,-997,370
431,-1023,388
435,-1042,402
434,-1064,412
434,-1084,404
441,-1095,405
453,-1096,404
471,-1096,402
482,-1091,402
489,-1080,399
494,-1074,376
498,-1068,353
495,-1060,326
490,-1060,288
482,-1053,258
473,-1039,226
463,-1027,201
452,-1017,187
437,-1001,169
423,-990,145
407,-974,125
391,-961,104
378,-949,81
364,-934,62
351,-920,46
338,-907,24
330,-891,11
327,-875,2
324,-858,-20
325,-835,-50
329,-812,-79
334,-790,-105
348,-767,-126
366,-742,-149
373,-717,-174
379,-693,-200
383,-666,-232
375,-644,-270
368,-622,-305
358,-601,-338
339,-584,-367
326,-570,-390
318,-563,-406
306,-563,-412
299,-562,-417
298,-561,-421
294,-555,-426
297,-551,-435
298,-544,-444
295,-541,-451
300,-537,-455
308,-533,-463
314,-525,-470
323,-516,-478
334,-512,-483
341,-512,-487
346,-514,-492
340,-518,-498
324,-532,-499
313,-546,-497
299,-554,-502
292,-566,-498
294,-576,-492
302,-582,-486
318,-588,-477
347,-599,-459
380,-604,-438
416,-612,-409
457,-624,-369
497,-632,-327
531,-642,-282
552,-652,-248
570,-651,-219
588,-653,-189
607,-651,-161
623,-647,-134
633,-646,-112
642,-647,-89
649,-648,-71
648,-651,-59
649,-653,-48
650,-656,-40
646,-659,-29
642,-662,-25
640,-660,-22
632,-663,-26
633,-658,-31
636,-651,-34
636,-644,-35
639,-633,-39
647,-616,-48
649,-604,-54
656,-590,-60
661,-574,-72
667,-560,-83
671,-542,-94
679,-531,-97
684,-525,-95
689,-523,-87
692,-523,-77
695,-533,-62
696,-540,-55
698,-545,-45
700,-554,-38
700,-561,-29
701,-567,-19
702,-573,-11
704,-575,-4
708,-571,3
711,-570,10
712,-562,14
718,-550,23
727,-541,29
736,-526,40
744,-512,48
749,-501,58
755,-491,71
760,-483,88
762,-479,108
765,-471,127
767,-466,150
768,-463,162
770,-458,170
772,-452,170
774,-451,168
777,-446,158
784,-436,152
789,-430,146
793,-424,136
799,-416,122
805,-409,107
811,-400,98
816,-392,97
821,-384,101
827,-377,109
832,-373,126
836,-373,139
836,-372,154
840,-369,168
840,-368,176
842,-367,187
844,-366,194
845,-370,195
846,-376,198
847,-382,201
845,-393,200
844,-400,204
842,-401,215
839,-405,219
837,-401,227
836,-398,232
834,-390,232
835,-380,230
836,-369,228
838,-356,223
836,-336,214
839,-326,208
838,-324,192
836,-324,184
836,-323,183
833,-332,177
832,-337,177
831,-335,185
831,-342,197
827,-346,212
828,-356,228
825,-369,247
823,-375,272
823,-383,292
820,-398,305
823,-407,318
825,-423,321
822,-445,316
823,-463,314
827,-471,310
833,-478,297
842,-472,289
857,-460,284
865,-451,277
873,-437,270
881,-420,264
885,-413,254
892,-401,255
897,-388,258
896,-380,262
895,-371,273
897,-362,287
897,-357,301
896,-353,317
893,-346,335
890,-349,348
886,-348,361
882,-344,370
877,-349,378
872,-352,386
866,-354,400
863,-361,407
861,-361,409
857,-363,412
855,-364,409
852,-364,409
849,-361,417
845,-361,420
843,-363,422
841,-361,424
838,-363,425
835,-361,432
830,-357,441
822,-360,451
811,-361,465
801,-368,478
794,-373,486
783,-380,498
771,-389,515
754,-402,534
728,-409,564
703,-405,599
680,-409,627
655,-408,652
633,-408,680
612,-404,702
590,-413,717
576,-424,726
566,-430,729
559,-432,736
558,-441,738
563,-449,736
565,-451,738
572,-446,734
585,-442,726
591,-447,715
598,-447,707
610,-447,699
627,-441,690
642,-437,682
664,-449,659
684,-455,643
696,-458,634
715,-456,623
722,-455,622
725,-456,629
720,-466,629
711,-482,631
701,-495,636
692,-504,639
675,-516,650
658,-530,658
646,-535,666
631,-548,671
617,-572,662
599,-608,639
576,-663,608
554,-712,575
526,-761,536
499,-793,518
475,-817,508
458,-824,511
441,-820,526
433,-809,546
428,-797,569
420,-789,579
411,-790,586
405,-791,590
405,-792,581
409,-792,578
416,-782,583
422,-771,594
428,-767,597
430,-766,595
428,-757,607
428,-749,619
432,-749,627
429,-748,627
426,-759,623
432,-763,617
439,-758,617
451,-742,627
467,-724,639
477,-705,646
488,-698,647
503,-684,646
521,-661,656
538,-640,664
546,-621,675
544,-605,687
543,-587,701
533,-580,708
521,-576,713
511,-577,716
506,-580,716
493,-580,726
489,-579,736
495,-579,738
493,-586,737
498,-574,743
516,-558,755
533,-545,759
553,-537,761
577,-539,755
597,-543,754
605,-537,753
608,-541,745
608,-535,751
608,-536,752
607,-541,748
606,-554,742
601,-568,731
597,-581,720
591,-592,712
580,-607,701
565,-635,681
545,-657,666
531,-678,655
523,-697,633
527,-714,601
542,-732,557
570,-744,513
606,-742,471
656,-727,429
715,-695,382
770,-646,334
819,-598,288
858,-553,243
878,-508,201
894,-466,171
900,-425,135
906,-387,116
917,-356,105
926,-320,96
933,-280,99
933,-240,122
938,-208,134
939,-191,144
937,-194,158
933,-203,171
931,-231,191
918,-267,213
903,-298,232
885,-349,252
865,-399,273
848,-459,288
828,-504,297
807,-537,305
788,-573,301
763,-618,295
732,-667,278
704,-708,253
675,-740,234
652,-766,219
632,-787,201
609,-800,187
590,-816,176
574,-830,167
558,-838,155
539,-849,147
521,-854,138
501,-864,126
476,-877,110
452,-884,92
432,-891,79
410,-895,70
395,-897,62
382,-899,60
369,-901,58
372,-895,52
373,-889,41
387,-881,35
408,-866,28
433,-851,17
459,-832,6
489,-806,-6
511,-788,-17
521,-773,-28
523,-762,-34
515,-759,-36
492,-767,-35
463,-777,-30
424,-791,-26
380,-806,-23
335,-821,-19
290,-835,-12
248,-846,-1
220,-848,8
202,-849,18
194,-849,20
195,-845,28
207,-839,29
231,-834,22
260,-821,14
290,-807,9
315,-792,0
339,-774,4
354,-759,19
355,-751,26
343,-750,31
321,-756,35
291,-765,24
257,-770,3
232,-772,-19
194,-772,-45
162,-777,-63
123,-777,-72
78,-779,-71
40,-777,-70
3,-774,-65
-26,-771,-53
-48,-773,-44
-61,-770,-41
-65,-770,-45
-70,-772,-56
-76,-770,-66
-80,-775,-76
-82,-777,-88
-87,-777,-103
-94,-775,-125
-103,-770,-152
-116,-764,-171
-134,-758,-182
-145,-758,-171
-151,-759,-152
-152,-763,-132
-141,-769,-113
-125,-773,-104
-110,-777,-92
-93,-780,-84
-73,-781,-71
-56,-782,-60
-36,-782,-50
-22,-782,-51
-9,-782,-52
-1,-777,-50
3,-778,-52
0,-777,-59
-14,-777,-69
-35,-775,-78
-64,-774,-82
-101,-771,-76
-151,-765,-67
-206,-754,-55
-270,-736,-47
-334,-710,-46
-396,-674,-60
-455,-637,-79
-506,-591,-98
-545,-543,-112
-573,-499,-124
-595,-471,-128
-607,-453,-130
-611,-449,-132
-609,-456,-127
-607,-473,-114
-600,-494,-103
-584,-507,-94
-572,-528,-81
-558,-548,-62
-548,-566,-52
-535,-581,-45
-522,-593,-30
-511,-602,-21
-498,-613,-15
-489,-623,-8
-479,-630,6
-470,-637,22
-461,-642,43
-455,-645,67
-449,-647,96
-444,-647,116
-441,-647,130
-438,-645,146
-440,-646,153
-444,-643,150
-448,-641,146
-452,-640,142
-458,-635,137
-464,-631,125
-470,-628,115
-472,-623,117
-476,-620,121
-479,-617,119
-480,-615,120
-483,-617,117
-482,-617,113
-483,-617,108
-483,-618,108
-484,-620,108
-483,-619,108
-484,-620,108
-482,-621,111
-482,-621,110
-480,-620,107
-481,-618,107
-485,-616,103
-493,-610,97
-499,-605,88
-507,-599,74
-513,-592,66
-520,-586,69
-524,-582,79
-527,-576,96
-526,-576,114
-528,-576,136
-523,-579,145
-514,-586,147
-507,-595,141
-499,-606,134
-492,-616,129
-485,-624,127
-476,-630,130
-469,-636,139
-464,-640,145
-457,-646,152
-454,-648,157
-451,-650,163
-448,-650,164
-448,-652,162
-447,-654,157
-446,-655,154
-446,-655,152
-447,-657,151
-448,-656,149
-451,-657,153
-452,-657,149
-455,-654,148
-459,-651,147
-464,-650,145
-469,-645,139
-478,-640,134
-490,-633,127
-497,-626,125
-507,-618,124
-517,-610,126
-521,-606,125
-523,-602,122
-526,-600,123
-528,-599,120
-527,-597,117
-528,-598,115
-525,-599,117
-525,-600,114
-523,-603,116
-521,-605,116
-519,-607,121
-519,-607,123
-517,-608,124
-516,-609,124
-518,-609,123
-520,-609,122
-521,-604,121
-524,-600,122
-530,-595,123
-532,-586,122
-539,-581,120
-545,-575,114
-547,-570,104
-551,-565,99
-556,-559,95
-560,-552,90
-567,-542,84
-581,-527,73
-595,-513,60
-608,-494,40
-622,-473,25
-636,-455,10
-644,-441,-4
-652,-426,-23
-659,-413,-40
-662,-399,-65
-667,-384,-87
-670,-367,-108
-673,-351,-125
-675,-335,-140
-676,-320,-154
-679,-307,-160
-678,-297,-164
-675,-290,-167
-674,-289,-167
-674,-288,-168
-674,-284,-169
-670,-282,-166
-668,-287,-162
-668,-302,-152
-666,-335,-131
-649,-377,-105
-634,-426,-67
-619,-463,-23
-599,-498,4
-582,-508,-3
-568,-514,3
-556,-518,32
-549,-520,73
-549,-509,121
-551,-498,156
-554,-498,164
-558,-507,140
-560,-519,112
-566,-528,73
-570,-527,58
-573,-528,59
-572,-532,52
-572,-537,57
-571,-542,73
-573,-543,100
-573,-546,129
-551,-568,178
-527,-584,261
-529,-564,347
-538,-540,390
-558,-510,415
-583,-454,433
-602,-390,448
-612,-333,441
-614,-295,439
-616,-271,446
-607,-259,446
-598,-255,440
-589,-270,416
-582,-268,415
-573,-261,426
-559,-269,433
-539,-270,446
-519,-278,467
-487,-290,486
-450,-305,507
-408,-326,524
-367,-350,534
-324,-378,543
-275,-402,552
-222,-421,562
-168,-439,567
-114,-449,571
-53,-450,578
0,-445,585
52,-442,587
99,-440,585
145,-435,577
190,-434,560
230,-432,550
264,-424,542
292,-417,536
316,-411,531
335,-409,520
356,-412,513
381,-413,502
405,-414,489
425,-412,481
432,-414,474
437,-435,464
437,-457,458
435,-478,451
439,-493,446
441,-517,429
448,-535,415
455,-553,400
455,-584,381
456,-605,372
458,-626,370
452,-648,369
442,-680,353
427,-726,318
407,-775,271
384,-824,224
366,-859,197
343,-886,180
315,-914,157
281,-943,123
242,-968,114
207,-979,133
188,-984,163
175,-988,188
158,-993,188
135,-997,213
104,-1001,232
74,-1006,226
59,-1019,193
54,-1026,157
46,-1029,160
28,-1029,164
13,-1029,158
9,-1033,149
37,-1041,139
68,-1049,138
109,-1053,152
148,-1058,159
177,-1059,171
207,-1052,199
238,-1044,235
286,-1033,277
334,-1020,315
362,-1009,328
369,-1005,327
372,-998,335
385,-989,346
406,-980,360
444,-956,388
508,-920,409
590,-873,423
667,-825,424
727,-811,383
774,-813,314
801,-838,241
830,-868,125
876,-872,36
920,-866,1
971,-857,-6
1025,-844,-16
1084,-831,-7
1149,-810,-2
1210,-791,9
1252,-776,27
1289,-762,29
1321,-744,42
1333,-739,40
1327,-761,25
1317,-778,12
1305,-796,19
1295,-812,21
1291,-823,12
1280,-833,11
1268,-837,10
1256,-835,8
1245,-832,34
1252,-811,69
1245,-778,95
1199,-735,131
1135,-695,149
1066,-651,146
968,-627,148
858,-625,150
750,-655,156
658,-704,166
581,-742,167
547,-757,159
521,-759,170
501,-760,184
487,-763,198
472,-757,220
462,-752,236
436,-756,256
400,-764,286
366,-779,301
333,-803,315
281,-832,318
225,-866,297
167,-892,273
117,-908,265
72,-921,249
50,-932,226
36,-944,194
22,-954,147
3,-963,86
-18,-966,-5
-32,-964,-80
-51,-962,-96
-77,-963,-81
-90,-961,-76
-95,-962,-76
-103,-957,-80
-105,-954,-94
-99,-953,-97
-97,-952,-88
-92,-954,-71
-92,-960,-54
-96,-960,-53
-94,-959,-56
-81,-963,-48
-77,-964,-33
-58,-970,-13
-37,-976,19
-40,-975,45
-52,-977,67
-49,-984,112
-31,-984,164
5,-987,208
70,-994,244
140,-996,264
225,-997,275
304,-996,264
362,-992,243
416,-991,213
461,-982,181
496,-974,154
530,-964,138
563,-952,130
588,-936,129
612,-922,123
635,-907,114
644,-898,115
653,-893,110
660,-886,108
664,-880,99
670,-872,101
676,-864,104
680,-863,119
676,-867,120
678,-875,124
675,-889,144
678,-900,150
685,-905,149
683,-914,159
688,-920,168
695,-922,172
696,-928,184
701,-931,192
706,-932,197
704,-940,200
704,-946,194
706,-950,186
703,-956,185
708,-952,182
715,-949,178
715,-945,183
718,-942,188
722,-939,184
718,-940,191
715,-943,193
712,-948,191
707,-957,204
701,-968,219
697,-991,230
687,-1022,253
686,-1058,288
692,-1093,328
692,-1119,381
699,-1142,446
705,-1141,509
685,-1127,578
662,-1104,605
644,-1080,612
612,-1060,617
585,-1044,608
564,-1029,584
540,-1015,580
529,-1002,572
530,-989,561
522,-975,550
524,-964,524
527,-957,499
530,-944,482
540,-932,461
554,-924,431
557,-921,401
555,-926,382
549,-934,373
534,-943,387
528,-951,407
523,-969,438
517,-984,468
521,-997,490
539,-1007,508
558,-1014,530
589,-1021,542
622,-1033,549
647,-1043,560
672,-1057,559
697,-1067,561
712,-1073,570
735,-1067,585
761,-1054,599
775,-1039,618
790,-1030,635
811,-1018,648
812,-1018,656
816,-1027,651
825,-1035,636
825,-1043,622
827,-1052,590
831,-1051,563
827,-1044,552
831,-1033,548
836,-1023,545
829,-1008,565
827,-993,594
825,-985,621
811,-978,648
797,-973,670
776,-971,692
745,-978,704
712,-987,696
677,-1001,687
628,-1006,680
582,-1005,675
542,-991,677
498,-978,673
448,-991,642
392,-998,622
333,-1004,603
287,-1013,577
268,-1005,571
245,-979,595
233,-965,604
225,-973,582
200,-982,563
172,-993,553
154,-1000,554
137,-997,565
130,-990,579
141,-998,575
152,-1007,564
178,-1017,549
217,-1029,533
263,-1039,510
328,-1052,472
418,-1057,433
514,-1027,433
596,-972,462
673,-904,495
693,-838,543
688,-797,583
675,-764,612
643,-727,653
604,-702,682
579,-669,720
552,-632,757
532,-610,775
529,-615,767
512,-661,736
504,-714,696
512,-746,668
521,-762,654
524,-774,650
531,-799,636
531,-813,635
539,-818,650
554,-822,670
566,-822,698
586,-811,750
605,-803,802
624,-807,848
647,-805,911
663,-810,976
655,-821,1050
630,-853,1115
588,-899,1171
490,-976,1212
369,-1080,1199
237,-1172,1137
98,-1211,1062
-8,-1213,965
-75,-1206,822
-141,-1188,681
-169,-1142,538
-163,-1126,385
-182,-1108,293
-173,-1090,227
-135,-1088,161
-143,-1063,127
-129,-1060,99
-94,-1070,78
-112,-1062,74
-101,-1064,66
-40,-1079,52
-65,-1071,37
-60,-1070,7
-10,-1086,-26
-46,-1082,-53
-60,-1090,-47
-59,-1104,-37
-136,-1106,-28
-188,-1095,-52
-196,-1084,-105
-262,-1044,-146
-270,-1009,-170
-235,-995,-184
-230,-958,-216
-206,-921,-269
-155,-931,-266
-176,-921,-194
-159,-933,-133
-100,-967,-138
-118,-942,-166
-105,-957,-151
-61,-1003,-151
-105,-978,-145
-115,-989,-97
-84,-1036,-23
-150,-998,85
-142,-1002,148
-91,-1039,163
-135,-1001,186
-120,-1003,210
-31,-1061,217
-39,-1048,184
-9,-1052,147
54,-1079,129
7,-1055,154
8,-1053,133
63,-1074,101
19,-1054,112
13,-1053,94
56,-1070,74
-20,-1050,72
-33,-1046,111
-11,-1061,163
-79,-1043,234
-116,-1036,313
-115,-1050,390
-200,-1045,429
-255,-1049,447
-271,-1069,478
-313,-1068,507
-324,-1076,534
-318,-1082,595
-323,-1074,693
-284,-1083,805
-183,-1108,914
-46,-1127,994
101,-1147,987
198,-1142,956
233,-1120,916
255,-1127,848
276,-1149,741
317,-1164,650
389,-1166,585
474,-1136,512
549,-1088,427
621,-1017,317
677,-946,219
716,-886,160
740,-819,123
757,-756,100
758,-693,96
771,-642,86
792,-608,66
798,-574,60
806,-541,56
806,-506,52
809,-479,58
818,-454,63
829,-425,66
833,-394,74
836,-363,79
842,-338,83
842,-316,90
843,-298,96
843,-281,97
844,-265,101
844,-245,99
849,-225,94
851,-205,97
851,-185,97
853,-169,96
852,-153,109
849,-139,115
850,-123,124
845,-105,133
845,-90,138
842,-78,135
842,-60,129
846,-41,112
847,-19,90
845,9,69
845,37,48
844,66,27
838,96,10
830,126,-12
821,153,-39
815,179,-59
809,197,-81
802,214,-115
790,233,-142
775,249,-175
764,262,-203
753,275,-220
742,283,-237
734,290,-252
726,300,-267
715,306,-286
704,310,-311
693,311,-333
681,310,-361
666,305,-391
655,306,-415
644,310,-433
635,322,-449
624,336,-460
610,347,-476
597,350,-496
583,347,-523
564,324,-565
538,292,-614
509,250,-660
477,217,-698
448,191,-728
419,167,-750
393,136,-768
371,99,-782
351,54,-792
331,7,-803
314,-41,-811
302,-85,-814
289,-135,-809
287,-183,-808
285,-220,-806
285,-260,-800
287,-307,-789
290,-351,-771
296,-391,-751
304,-416,-738
295,-441,-717
272,-482,-691
251,-526,-658
226,-560,-623
200,-591,-592
183,-610,-568
166,-622,-546
155,-625,-527
134,-640,-506
109,-658,-492
90,-661,-487
72,-659,-491
63,-649,-495
47,-648,-500
35,-648,-501
27,-642,-500
21,-637,-502
16,-634,-507
12,-622,-512
5,-616,-517
-2,-612,-519
-7,-611,-520
-16,-608,-525
-9,-604,-533
6,-596,-542
19,-580,-562
16,-561,-579
7,-538,-592
-15,-522,-600
-39,-521,-600
-54,-521,-601
-66,-515,-608
-73,-506,-616
-86,-490,-626
-104,-474,-636
-124,-467,-635
-142,-462,-634
-162,-462,-624
-173,-455,-625
-189,-447,-630
-202,-442,-630
-216,-438,-632
-232,-430,-631
-253,-427,-630
-276,-427,-624
-298,-438,-614
-316,-457,-602
-329,-476,-596
-342,-476,-596
-357,-465,-597
-382,-452,-592
-411,-442,-579
-442,-424,-568
-465,-405,-558
-480,-392,-546
-497,-381,-528
-515,-373,-503
-535,-373,-470
-552,-376,-434
-570,-381,-399
-585,-374,-369
-595,-368,-345
-606,-349,-327
-610,-323,-318
-612,-298,-310
-610,-272,-301
-601,-247,-291
-589,-220,-279
-574,-195,-270
-560,-170,-262
-547,-145,-256
-530,-129,-247
-516,-110,-247
-505,-99,-241
-498,-101,-235
-495,-103,-234
-496,-106,-230
-494,-111,-231
-498,-120,-226
-500,-126,-224
-508,-131,-219
-512,-136,-216
-519,-151,-214
-527,-160,-213
-533,-171,-212
-541,-184,-211
-548,-200,-217
-557,-214,-227
-565,-229,-236
-571,-242,-246
-573,-254,-259
-577,-271,-275
-581,-288,-291
-582,-300,-304
-580,-310,-319
-579,-318,-335
-579,-322,-346
-575,-326,-356
-574,-330,-366
-570,-328,-376
-566,-319,-391
-562,-315,-396
-555,-319,-394
-554,-331,-383
-552,-352,-367
-550,-376,-338
-547,-396,-303
-550,-412,-266
-552,-414,-232
-553,-409,-200
-555,-403,-172
-549,-401,-146
-544,-398,-123
-539,-399,-104
-534,-398,-82
-532,-398,-69
-531,-396,-63
-529,-392,-67
-527,-391,-74
-524,-389,-78
-520,-389,-82
-518,-390,-83
-519,-393,-82
-519,-394,-76
-514,-397,-72
-513,-400,-64
-511,-403,-55
-511,-408,-49
-508,-413,-40
-507,-415,-29
-508,-414,-22
-510,-416,-15
-511,-413,-4
-518,-406,7
-528,-395,17
-543,-374,27
-562,-351,35
-575,-321,37
-590,-297,39
-605,-274,38
-619,-255,36
-628,-235,34
-640,-219,30
-648,-211,27
-653,-205,23
-657,-209,21
-661,-217,22
-666,-230,28
-667,-246,34
-664,-262,41
-660,-284,55
-655,-306,74
-653,-335,97
-643,-361,116
-629,-385,141
-616,-406,167
-604,-423,192
-589,-442,223
-571,-458,252
-554,-470,276
-537,-482,299
-517,-493,320
-497,-505,335
-477,-518,348
-458,-524,360
-437,-531,372
-415,-536,386
-393,-537,400
-370,-537,415
-350,-537,431
-326,-535,449
-302,-534,466
-273,-531,481
-245,-531,492
-220,-530,500
-194,-532,505
-168,-534,509
-139,-537,510
-113,-537,510
-88,-542,513
-64,-544,511
-39,-549,509
-19,-555,501
-1,-563,494
20,-573,482
42,-585,464
67,-595,452
94,-603,435
122,-604,428
151,-601,423
180,-601,415
206,-602,401
232,-601,385
261,-600,369
287,-601,353
309,-603,335
330,-606,314
346,-611,290
361,-618,265
374,-625,239
386,-630,212
401,-632,182
418,-631,156
429,-632,135
435,-634,117
434,-644,94
435,-653,71
431,-663,52
425,-670,34
420,-677,12
411,-686,-3
398,-698,-25
385,-709,-51
376,-720,-72
367,-727,-94
361,-734,-119
355,-742,-136
348,-753,-156
336,-765,-171
328,-776,-185
316,-786,-201
302,-799,-219
293,-806,-238
288,-811,-262
282,-811,-290
290,-807,-311
301,-801,-337
316,-788,-365
342,-775,-382
377,-756,-400
411,-733,-416
448,-713,-416
476,-693,-416
497,-669,-416
518,-648,-416
529,-619,-421
535,-587,-432
547,-555,-436
552,-526,-444
552,-505,-453
558,-488,-453
561,-473,-454
570,-452,-462
576,-439,-465
584,-421,-471
590,-399,-484
604,-383,-491
612,-362,-506
623,-339,-518
635,-324,-521
645,-307,-525
659,-287,-526
671,-278,-520
684,-265,-520
694,-249,-518
704,-242,-512
718,-230,-506
736,-213,-502
746,-213,-494
755,-207,-488
765,-199,-487
770,-201,-479
774,-200,-477
782,-189,-472
785,-190,-468
785,-184,-469
776,-181,-483
751,-196,-499
725,-211,-521
702,-232,-544
667,-293,-547
637,-369,-527
603,-444,-498
586,-519,-436
582,-574,-372
575,-615,-319
573,-640,-275
581,-666,-230
579,-687,-205
573,-702,-189
566,-717,-180
556,-732,-174
553,-745,-151
542,-755,-140
542,-759,-142
535,-759,-141
523,-771,-136
519,-772,-145
514,-777,-133
508,-785,-125
495,-794,-131
485,-801,-131
475,-806,-139
461,-814,-145
454,-820,-139
448,-826,-136
442,-830,-137
438,-829,-138
432,-829,-157
429,-830,-162
426,-833,-147
422,-836,-143
410,-839,-158
392,-844,-164
374,-848,-173
360,-852,-187
353,-851,-191
345,-848,-202
340,-843,-223
346,-839,-231
356,-839,-230
366,-833,-232
382,-827,-217
400,-825,-202
412,-823,-195
431,-817,-181
447,-812,-173
462,-803,-178
478,-790,-175
491,-783,-173
500,-776,-174
507,-772,-168
513,-768,-164
517,-764,-160
523,-759,-153
528,-758,-140
531,-757,-133
533,-753,-122
533,-755,-122
528,-754,-129
526,-751,-131
520,-750,-139
510,-754,-152
508,-750,-159
504,-747,-167
496,-748,-179
494,-744,-186
492,-741,-198
490,-735,-208
495,-728,-216
495,-722,-224
494,-716,-238
499,-708,-247
505,-703,-253
506,-696,-261
511,-689,-264
516,-684,-270
516,-681,-280
520,-675,-283
521,-673,-286
516,-675,-288
516,-675,-289
517,-678,-286
516,-682,-289
518,-679,-287
518,-676,-292
518,-676,-296
520,-672,-301
523,-668,-306
523,-663,-316
527,-650,-333
533,-631,-349
538,-612,-370
548,-584,-387
560,-564,-401
562,-544,-416
565,-526,-425
570,-516,-426
570,-519,-420
571,-524,-409
572,-529,-398
571,-534,-391
569,-523,-398
566,-510,-413
561,-502,-424
562,-492,-428
564,-486,-427
570,-489,-419
576,-485,-409
583,-479,-397
597,-484,-374
616,-489,-334
635,-499,-279
654,-505,-222
678,-503,-172
699,-494,-131
707,-493,-99
709,-498,-75
707,-505,-63
704,-517,-57
706,-515,-52
708,-515,-53
706,-517,-66
707,-517,-85
708,-514,-97
710,-512,-109
710,-509,-123
713,-500,-143
713,-498,-158
714,-490,-170
714,-480,-188
718,-473,-199
724,-456,-208
734,-442,-211
744,-428,-211
753,-417,-211
761,-404,-209
766,-402,-197
774,-400,-183
777,-401,-171
780,-404,-155
785,-406,-134
790,-406,-117
793,-411,-106
791,-412,-94
790,-414,-88
785,-419,-78
778,-420,-76
777,-416,-66
775,-408,-54
773,-393,-42
771,-378,-35
762,-363,-24
758,-340,-17
755,-320,-10
754,-298,-3
747,-268,5
734,-240,10
723,-218,14
712,-200,22
702,-183,25
695,-176,29
691,-170,26
693,-170,18
696,-176,8
704,-183,3
713,-187,3
719,-200,9
717,-201,35
707,-201,72
690,-205,114
663,-201,156
628,-197,206
591,-189,238
571,-170,256
546,-163,262
531,-165,254
540,-150,240
545,-140,232
556,-141,213
582,-135,175
612,-128,133
640,-129,74
657,-133,12
671,-140,-50
678,-151,-123
685,-161,-179
688,-160,-231
689,-152,-271
697,-126,-304
694,-86,-339
681,-40,-381
645,16,-429
602,55,-484
557,74,-540
491,91,-595
420,106,-640
341,101,-684
272,83,-718
212,65,-743
147,24,-765
81,-21,-780
17,-84,-784
-33,-145,-785
-69,-195,-781
-91,-249,-774
-96,-297,-763
-89,-335,-753
-73,-351,-751
-58,-358,-754
-39,-354,-757
-26,-345,-762
4,-331,-767
17,-318,-768
10,-305,-767
9,-290,-764
6,-271,-761
11,-254,-756
7,-247,-753
0,-244,-751
-3,-246,-749
-9,-252,-747
-13,-258,-745
-11,-266,-744
-1,-263,-749
8,-252,-756
19,-252,-759
32,-268,-760
50,-276,-758
68,-272,-758
87,-254,-762
100,-235,-764
118,-221,-765
128,-215,-767
136,-215,-766
154,-193,-766
175,-163,-769
201,-124,-771
222,-91,-765
236,-64,-760
247,-35,-751
249,-10,-741
250,10,-731
245,18,-727
241,23,-724
237,24,-725
233,35,-728
230,44,-732
231,51,-735
242,60,-734
255,73,-728
264,92,-721
274,105,-716
280,114,-712
290,121,-711
291,131,-709
295,140,-705
300,139,-704
313,151,-700
327,171,-691
339,185,-683
349,196,-673
354,198,-669
356,196,-670
350,194,-673
346,189,-674
345,185,-678
342,185,-678
344,194,-676
347,204,-676
349,214,-677
354,222,-675
362,231,-674
378,243,-666
393,256,-651
406,265,-640
417,267,-631
435,262,-620
447,255,-614
456,248,-607
465,242,-603
471,231,-602
473,221,-605
475,217,-607
475,214,-609
472,218,-614
466,222,-615
458,226,-622
451,225,-627
447,225,-632
438,223,-638
431,222,-646
421,217,-654
410,204,-667
400,188,-676
393,177,-686
386,168,-695
377,161,-703
365,152,-710
355,142,-720
341,124,-734
321,99,-747
301,62,-763
282,27,-775
267,-5,-784
250,-48,-792
237,-89,-796
229,-134,-795
218,-174,-794
210,-213,-793
197,-253,-787
185,-297,-781
170,-346,-772
156,-387,-759
139,-428,-749
120,-457,-740
103,-480,-729
87,-497,-715
74,-514,-704
68,-531,-688
57,-553,-664
45,-579,-638
34,-597,-611
26,-614,-589
23,-627,-573
22,-640,-553
26,-652,-533
31,-663,-517
39,-672,-499
48,-684,-481
64,-691,-468
76,-692,-458
96,-689,-450
115,-682,-450
137,-676,-446
161,-672,-442
183,-668,-438
198,-657,-441
192,-645,-446
170,-641,-449
147,-648,-439
127,-669,-409
102,-695,-369
91,-714,-329
90,-730,-295
94,-734,-286
101,-733,-289
115,-727,-301
131,-726,-306
151,-727,-305
168,-728,-303
184,-728,-306
199,-729,-316
209,-729,-323
219,-733,-325
224,-738,-328
222,-742,-333
214,-739,-349
194,-736,-367
171,-733,-386
141,-723,-405
105,-720,-418
62,-716,-427
15,-712,-433
-35,-703,-439
-84,-688,-452
-136,-656,-472
-183,-624,-491
-226,-585,-510
-271,-546,-528
-303,-505,-542
-329,-463,-556
-352,-415,-566
-365,-372,-578
-373,-331,-595
-369,-293,-607
-359,-264,-615
-346,-242,-623
-330,-213,-630
-316,-182,-635
-302,-144,-636
-294,-108,-631
-286,-87,-622
-287,-80,-611
-285,-83,-605
-280,-86,-598
-273,-86,-593
-271,-90,-591
-268,-104,-587
-258,-110,-585
-251,-122,-583
-245,-141,-583
-239,-156,-583
-227,-168,-585
-214,-167,-589
-202,-167,-595
-197,-169,-595
-192,-181,-597
-192,-190,-594
-193,-187,-594
-193,-185,-593
-198,-198,-589
-208,-196,-587
-221,-191,-585
-243,-187,-576
-265,-170,-572
-284,-148,-570
-291,-114,-568
-296,-90,-570
-303,-81,-569
-306,-86,-568
-303,-90,-571
-299,-94,-570
-303,-106,-568
-310,-113,-565
-320,-119,-560
-330,-126,-553
-350,-140,-546
-361,-151,-539
-365,-160,-536
-371,-174,-530
-376,-192,-524
-389,-213,-523
-391,-238,-520
-384,-266,-517
-384,-300,-511
-389,-334,-497
-393,-371,-481
-399,-395,-466
-405,-412,-454
-411,-423,-443
-415,-433,-435
-420,-433,-429
-421,-436,-423
-422,-438,-419
-419,-437,-418
-415,-439,-418
-412,-437,-422
-405,-445,-419
-395,-454,-415
-388,-467,-408
-384,-478,-398
-380,-491,-387
-377,-500,-378
-371,-508,-370
-365,-517,-364
-357,-519,-362
-349,-518,-367
-343,-520,-370
-339,-520,-369
-332,-526,-369
-326,-527,-364
-325,-528,-365
-324,-527,-365
-323,-527,-363
-324,-530,-360
-324,-529,-360
-323,-530,-360
-324,-531,-356
-323,-533,-356
-322,-537,-351
-320,-540,-349
-319,-543,-347
-318,-545,-346
-318,-546,-345
-318,-546,-346
-318,-545,-348
-317,-543,-349
-318,-543,-351
-316,-542,-351
-318,-540,-355
-319,-537,-359
-316,-536,-361
-317,-531,-365
-321,-530,-368
-321,-526,-368
-323,-524,-372
-325,-520,-377
-326,-513,-385
-332,-506,-389
-337,-500,-396
-342,-493,-399
-344,-487,-405
-352,-482,-406
-358,-477,-409
-366,-471,-413
-371,-466,-415
-373,-462,-421
-377,-455,-430
-378,-451,-434
-380,-443,-443
-386,-435,-452
-388,-428,-461
-390,-418,-471
-394,-408,-483
-391,-401,-495
-380,-404,-506
-363,-410,-519
-336,-415,-535
-308,-420,-549
-277,-425,-563
-248,-433,-573
-212,-436,-585
-186,-436,-593
-164,-437,-599
-143,-441,-598
-128,-442,-598
-113,-444,-598
-94,-454,-595
-71,-455,-594
-41,-455,-597
-13,-448,-602
18,-432,-611
54,-416,-616
94,-414,-614
130,-423,-600
161,-434,-583
190,-458,-560
213,-481,-532
232,-496,-507
258,-518,-468
276,-537,-427
293,-547,-392
309,-549,-370
320,-550,-347
331,-550,-331
341,-547,-321
345,-543,-312
350,-543,-306
361,-541,-296
370,-542,-286
381,-539,-273
389,-539,-260
398,-540,-249
409,-541,-237
416,-537,-230
423,-540,-219
427,-543,-211
433,-541,-205
443,-536,-196
449,-531,-195
455,-527,-192
461,-522,-189
466,-522,-187
473,-521,-186
478,-518,-181
480,-520,-175
482,-523,-168
486,-527,-163
485,-533,-156
491,-539,-151
494,-541,-151
496,-545,-153
504,-543,-153
518,-541,-146
531,-538,-130
554,-530,-115
571,-519,-95
580,-520,-78
587,-526,-64
588,-533,-61
580,-545,-56
577,-558,-37
578,-562,-10
576,-564,7
582,-562,13
587,-556,1
589,-548,-30
599,-531,-52
613,-509,-71
624,-482,-81
642,-444,-84
659,-400,-82
672,-366,-62
691,-337,-32
703,-319,11
707,-313,57
710,-317,116
708,-334,164
693,-354,201
680,-384,242
663,-411,281
639,-439,318
621,-462,348
602,-477,378
584,-491,411
569,-502,449
549,-514,488
521,-527,521
496,-540,550
473,-546,583
437,-557,621
411,-568,660
387,-570,691
371,-582,705
358,-587,714
376,-577,702
404,-563,671
448,-544,631
492,-517,563
536,-498,450
562,-480,360
587,-469,277
586,-469,251
577,-469,271
574,-463,299
570,-457,320
563,-466,331
571,-472,307
588,-480,267
609,-472,228
627,-462,199
636,-463,162
648,-460,125
659,-451,90
670,-442,51
676,-434,27
679,-425,-2
681,-423,-32
686,-413,-59
686,-403,-87
683,-404,-113
681,-401,-143
676,-401,-165
664,-408,-181
660,-409,-192
657,-410,-206
652,-411,-219
649,-406,-235
644,-396,-256
639,-397,-266
641,-399,-258
646,-397,-254
650,-401,-244
655,-401,-232
660,-398,-226
660,-401,-220
664,-397,-215
671,-394,-207
677,-395,-197
689,-386,-192
700,-372,-185
708,-360,-181
727,-342,-174
750,-317,-164
779,-283,-148
809,-241,-128
837,-191,-106
860,-154,-90
883,-130,-70
890,-114,-54
898,-104,-44
906,-94,-37
910,-83,-26
913,-69,-13
919,-51,-1
922,-36,14
925,-35,20
931,-32,28
936,-25,32
940,-16,35
944,2,43
946,28,55
946,50,60
945,72,72
942,90,83
937,95,87
926,101,86
915,107,75
902,114,57
886,132,37
868,160,20
845,192,-7
830,229,-35
819,261,-57
806,288,-67
797,314,-69
795,329,-78
794,333,-80
793,335,-70
796,327,-53
800,320,-44
802,313,-54
802,312,-67
799,309,-76
799,311,-80
799,311,-94
801,302,-96
804,300,-97
807,297,-99
811,288,-102
812,284,-112
809,284,-122
805,281,-134
801,283,-145
802,283,-148
803,275,-146
807,272,-141
807,268,-142
809,265,-140
810,264,-137
810,266,-137
812,261,-133
810,263,-130
812,264,-124
815,260,-115
820,256,-104
821,255,-93
824,250,-82
824,245,-75
825,248,-65
822,246,-63
820,252,-58
817,258,-57
816,261,-61
813,267,-65
810,273,-68
804,279,-75
795,289,-88
792,293,-95
792,286,-100
792,285,-89
788,287,-81
786,278,-94
782,275,-104
782,277,-111
781,276,-104
775,286,-101
760,304,-109
749,305,-134
744,289,-161
743,288,-175
739,275,-192
741,270,-190
742,274,-176
742,273,-178
741,277,-173
745,279,-171
745,281,-166
750,282,-158
757,288,-146
764,293,-118
765,292,-109
771,295,-95
780,295,-75
784,300,-67
789,307,-67
795,308,-65
803,307,-58
811,305,-55
820,298,-71
830,287,-99
840,274,-129
851,257,-155
854,245,-181
859,227,-207
861,204,-237
864,182,-267
860,166,-290
854,149,-310
854,140,-315
852,142,-316
854,147,-304
856,158,-293
862,164,-280
869,158,-268
878,152,-255
888,145,-234
902,132,-212
913,119,-188
927,107,-154
939,94,-121
953,74,-96
966,48,-74
976,17,-59
988,-13,-46
1001,-45,-28
1010,-84,-19
1018,-113,-7
1026,-138,10
1031,-163,33
1038,-177,57
1040,-198,81
1045,-213,79
1054,-221,84
1058,-229,91
1059,-239,92
1062,-248,92
1061,-252,96
1061,-256,102
1060,-257,103
1061,-256,96
1056,-261,82
1052,-267,74
1049,-270,73
1047,-273,76
1045,-271,75
1041,-268,69
1035,-276,56
1033,-279,50
1034,-270,53
1038,-263,62
1037,-257,58
1037,-251,60
1042,-246,65
1039,-234,75
1035,-239,76
1032,-241,79
1032,-233,80
1035,-220,82
1040,-201,85
1047,-173,91
1054,-136,98
1058,-112,107
1062,-91,117
1066,-65,122
1066,-46,129
1063,-36,137
1061,-29,151
1053,-37,165
1045,-38,188
1036,-35,211
1023,-37,244
1012,-36,281
997,-39,314
977,-56,355
954,-86,391
933,-123,418
912,-150,433
887,-165,445
871,-174,455
862,-181,447
853,-187,433
852,-202,412
850,-218,397
850,-230,381
854,-236,370
858,-254,352
870,-269,327
892,-268,298
925,-244,265
955,-198,229
981,-130,189
1000,-66,163
1014,-5,142
1020,52,119
1022,100,91
1015,147,60
1014,191,25
1013,231,-15
1006,267,-68
1000,289,-118
997,308,-153
1000,317,-161
1003,326,-158
1010,328,-154
1018,331,-159
1034,326,-151
1046,315,-145
1053,308,-158
1065,296,-167
1073,299,-179
1085,315,-188
1092,340,-218
1097,364,-250
1103,383,-261
1104,415,-264
1083,443,-278
1063,466,-289
1055,486,-281
1063,475,-269
1070,465,-251
1076,455,-221
1080,449,-182
1079,447,-149
1076,443,-120
1076,431,-95
1073,426,-61
1071,421,-19
1067,412,21
1065,399,57
1062,377,92
1068,335,127
1069,297,150
1067,262,173
1067,218,197
1064,175,219
1058,144,220
1053,109,206
1051,83,187
1047,59,158
1048,37,126
1049,11,95
1050,-16,91
1054,-42,94
1051,-69,101
1050,-85,116
1043,-92,141
1039,-80,147
1037,-67,147
1033,-55,141
1032,-40,129
1030,-4,117
1026,36,124
1028,46,162
1030,21,247
1028,6,328
1022,5,400
1021,-7,443
1022,-6,456
1021,-23,467
1019,-48,501
1016,-87,529
1004,-107,563
992,-133,591
987,-153,596
983,-175,595
987,-204,583
988,-239,574
989,-273,569
993,-307,559
996,-335,547
998,-357,531
999,-362,528
1011,-364,508
1014,-368,502
1003,-373,533
1007,-376,507
1008,-371,501
1013,-375,489
1019,-386,454
1024,-410,416
1025,-456,362
1006,-517,301
967,-561,269
917,-585,262
868,-600,253
810,-610,242
765,-628,230
728,-657,198
674,-694,156
612,-738,96
541,-788,1
458,-822,-114
366,-831,-232
282,-816,-333
209,-798,-399
134,-777,-437
76,-769,-444
39,-765,-445
14,-748,-460
5,-719,-486
8,-682,-519
17,-647,-554
40,-606,-602
70,-540,-659
98,-460,-717
128,-385,-759
147,-356,-778
160,-363,-785
164,-384,-780
160,-387,-778
154,-386,-771
144,-355,-779
130,-313,-790
110,-291,-794
90,-286,-794
64,-294,-788
37,-302,-782
12,-304,-778
-13,-309,-770
-35,-310,-768
-51,-315,-760
-60,-318,-759
-59,-318,-762
-47,-323,-765
-25,-332,-772
3,-339,-783
25,-330,-797
29,-304,-814
18,-278,-830
-4,-285,-832
-35,-317,-825
-64,-363,-810
-86,-410,-790
-110,-437,-774
-132,-450,-768
-153,-449,-767
-162,-442,-771
-167,-433,-776
-173,-421,-779
-180,-405,-780
-189,-384,-778
-199,-380,-769
-202,-393,-750
-210,-406,-729
-215,-404,-710
-220,-391,-690
-221,-372,-674
-218,-352,-658
-221,-342,-638
-223,-333,-616
-220,-336,-594
-228,-333,-576
-236,-327,-561
-236,-330,-545
-234,-330,-531
-233,-330,-518
-224,-341,-509
-206,-348,-501
-178,-353,-499
-146,-358,-510
-116,-363,-519
-94,-367,-522
-83,-373,-521
-83,-375,-516
-90,-392,-505
-103,-421,-481
-107,-453,-455
-107,-473,-428
-103,-486,-415
-95,-487,-408
-81,-485,-408
-62,-480,-416
-44,-471,-427
-18,-462,-435
8,-450,-451
41,-441,-464
72,-436,-474
97,-437,-479
117,-448,-482
128,-462,-488
140,-475,-497
139,-480,-517
126,-482,-545
106,-482,-577
74,-485,-610
38,-483,-649
-12,-470,-685
-69,-448,-715
-129,-415,-749
-195,-374,-774
-267,-330,-793
-335,-305,-797
-390,-300,-791
-431,-310,-781
-454,-328,-776
-477,-345,-773
-496,-349,-774
-501,-349,-781
-489,-343,-801
-451,-311,-844
-395,-252,-894
-362,-195,-920
-343,-178,-935
-339,-167,-942
-338,-157,-945
-348,-169,-934
-354,-155,-939
-353,-130,-948
-361,-132,-948
-364,-137,-947
-373,-126,-944
-379,-92,-949
-393,-76,-953
-416,-95,-950
-421,-88,-953
-430,-52,-962
-438,-52,-967
-434,-43,-976
-435,-28,-987
-440,-15,-989
-458,-26,-992
-470,-33,-995
-474,-26,-1000
-485,-18,-1005
-489,-16,-1008
-494,-11,-1018
-495,11,-1023
-503,25,-1030
-519,17,-1032
-531,18,-1033
-550,20,-1032
-558,16,-1035
-557,13,-1041
-557,4,-1046
-563,-5,-1052
-563,-13,-1055
-569,-30,-1058
-577,-55,-1060
-582,-96,-1061
-579,-138,-1065
-580,-180,-1068
-570,-212,-1078
-554,-237,-1082
-546,-264,-1089
-537,-283,-1092
-529,-310,-1095
-520,-318,-1098
-519,-326,-1104
-520,-343,-1105
-523,-349,-1106
-525,-351,-1106
-523,-356,-1108
-510,-365,-1117
-489,-362,-1133
-485,-348,-1144
-485,-367,-1141
-483,-379,-1139
-483,-365,-1147
-476,-340,-1159
-472,-305,-1173
-464,-258,-1185
-469,-247,-1186
-469,-237,-1190
-461,-201,-1200
-460,-188,-1203
-452,-177,-1209
-446,-165,-1215
-443,-175,-1210
-436,-197,-1213
-440,-180,-1211
-464,-204,-1199
-472,-240,-1191
-473,-227,-1192
-472,-233,-1192
-473,-238,-1190
-459,-235,-1196
-457,-229,-1198
-460,-232,-1199
-452,-240,-1199
-433,-301,-1198
-419,-424,-1174
-412,-569,-1124
-416,-677,-1076
-428,-733,-1044
-455,-781,-1009
-481,-841,-946
-509,-911,-882
-552,-971,-807
-620,-1007,-720
-677,-1007,-669
-715,-1000,-638
-727,-994,-640
-724,-986,-657
-724,-979,-669
-715,-979,-676
-707,-977,-686
-695,-984,-687
-680,-1003,-677
-667,-1026,-649
-661,-1048,-620
-646,-1070,-596
-620,-1089,-589
-581,-1109,-594
-540,-1094,-654
-510,-1071,-710
-471,-1083,-720
-420,-1115,-707
-339,-1129,-715
-176,-1150,-739
53,-1141,-769
348,-1017,-869
638,-663,-1022
850,-199,-1030
1024,120,-808
1138,131,-585
1200,122,-453
1199,18,-398
1187,-134,-373
1161,-196,-377
1129,-262,-386
1083,-275,-400
1058,-322,-385
1051,-400,-352
1038,-405,-339
1028,-390,-334
1011,-332,-337
1005,-316,-333
1008,-322,-321
1007,-310,-309
1003,-301,-303
990,-280,-302
980,-292,-306
970,-322,-304
960,-335,-298
951,-337,-291
945,-324,-281
942,-304,-272
943,-289,-256
939,-279,-243
933,-270,-231
923,-263,-219
911,-260,-209
899,-261,-202
882,-270,-196
862,-279,-187
843,-280,-180
823,-270,-168
800,-266,-160
769,-268,-141
746,-269,-127
722,-268,-115
701,-273,-104
677,-282,-92
654,-299,-77
632,-314,-66
610,-335,-53
589,-350,-42
569,-359,-29
555,-364,-21
539,-366,-17
525,-361,-13
517,-351,-9
523,-337,0
530,-312,8
532,-294,16
532,-285,21
526,-290,22
520,-295,25
512,-302,36
505,-309,51
493,-322,67
478,-337,81
458,-352,93
435,-373,99
409,-390,102
388,-409,103
367,-420,102
350,-425,101
334,-437,106
316,-440,110
301,-444,114
290,-448,117
284,-453,124
285,-457,138
280,-463,150
275,-477,163
270,-495,172
267,-515,170
267,-535,161
266,-555,152
257,-572,146
239,-587,149
213,-601,161
177,-606,174
142,-603,197
104,-592,217
67,-578,228
41,-563,229
23,-546,224
18,-530,210
17,-518,185
29,-509,166
34,-499,161
29,-485,169
26,-473,182
30,-458,204
33,-444,229
35,-430,252
37,-411,276
38,-395,296
48,-383,314
52,-367,328
56,-355,340
62,-349,351
69,-341,360
74,-335,370
82,-338,377
90,-340,386
103,-339,397
114,-340,408
117,-356,407
121,-371,398
130,-378,391
146,-379,382
167,-372,375
193,-363,367
220,-347,362
251,-329,360
279,-314,350
309,-309,333
338,-304,307
364,-302,280
393,-295,256
421,-270,237
447,-237,218
464,-194,200
487,-160,175
508,-137,150
521,-119,129
530,-100,114
536,-85,97
544,-70,84
548,-56,70
553,-47,48
557,-41,21
558,-40,-8
559,-43,-37
557,-45,-60
557,-48,-83
555,-50,-107
553,-56,-131
549,-62,-154
543,-74,-173
538,-87,-192
532,-97,-212
525,-110,-233
520,-115,-256
519,-113,-277
519,-103,-294
518,-91,-312
511,-82,-335
505,-78,-354
496,-71,-379
477,-63,-412
459,-55,-442
441,-37,-468
424,-8,-495
408,13,-513
391,20,-531
381,21,-542
376,13,-546
376,-2,-548
370,-18,-548
369,-37,-544
366,-47,-542
370,-76,-531
379,-100,-513
388,-111,-495
405,-114,-473
431,-106,-451
451,-94,-427
475,-93,-404
493,-96,-384
515,-100,-351
539,-111,-320
564,-125,-279
587,-132,-243
605,-138,-213
626,-143,-186
644,-142,-167
661,-145,-144
683,-155,-119
701,-168,-91
710,-187,-63
718,-211,-31
715,-235,7
712,-253,41
706,-274,72
698,-300,87
685,-324,92
676,-349,90
670,-368,81
663,-385,72
657,-404,63
648,-418,45
643,-431,28
638,-445,12
632,-457,-7
624,-469,-24
617,-482,-36
606,-488,-50
596,-491,-68
588,-495,-82
577,-496,-88
571,-492,-94
567,-483,-112
566,-473,-122
568,-467,-116
564,-473,-97
556,-481,-76
547,-494,-52
538,-504,-33
533,-507,-24
535,-506,-19
538,-501,-20
538,-495,-34
541,-490,-43
543,-487,-52
545,-479,-59
544,-474,-65
548,-471,-73
546,-475,-90
536,-478,-108
528,-484,-130
513,-488,-148
502,-492,-169
494,-498,-183
490,-497,-192
489,-501,-204
487,-499,-214
484,-501,-217
484,-507,-218
488,-513,-219
483,-521,-230
476,-525,-247
469,-529,-271
466,-521,-294
462,-518,-312
462,-507,-324
468,-494,-329
479,-477,-329
498,-459,-327
514,-440,-326
529,-428,-324
539,-426,-312
553,-427,-296
561,-431,-281
570,-438,-264
582,-446,-246
585,-457,-239
590,-460,-238
596,-458,-243
606,-459,-242
618,-458,-235
626,-463,-227
627,-474,-225
623,-490,-237
615,-502,-249
604,-515,-259
600,-525,-265
600,-528,-276
600,-525,-287
601,-524,-297
603,-529,-305
601,-532,-314
604,-540,-324
611,-554,-319
614,-571,-312
620,-586,-308
624,-591,-321
626,-605,-322
634,-613,-314
638,-614,-317
638,-611,-323
639,-603,-332
643,-594,-344
647,-587,-345
654,-586,-341
664,-583,-323
670,-587,-304
673,-594,-279
678,-599,-269
675,-602,-269
674,-608,-275
674,-604,-292
671,-601,-315
668,-595,-341
667,-584,-365
669,-567,-383
674,-552,-402
679,-530,-424
683,-513,-439
686,-499,-454
687,-487,-469
690,-475,-473
696,-463,-478
702,-450,-480
709,-439,-480
718,-429,-477
728,-418,-472
738,-410,-460
745,-402,-454
754,-393,-449
759,-387,-441
766,-380,-434
772,-374,-433
780,-369,-424
787,-363,-420
797,-351,-415
807,-340,-405
820,-331,-392
835,-313,-378
848,-298,-359
859,-284,-346
866,-270,-339
873,-257,-327
882,-247,-313
891,-234,-297
902,-219,-274
912,-205,-256
919,-189,-245
923,-181,-236
928,-170,-230
931,-159,-221
937,-147,-211
941,-135,-202
944,-122,-196
948,-110,-190
952,-100,-184
954,-88,-179
955,-78,-171
958,-71,-159
964,-57,-148
966,-50,-132
968,-45,-116
972,-38,-104
973,-38,-91
975,-37,-82
976,-35,-70
977,-34,-58
978,-35,-44
981,-38,-38
981,-42,-29
982,-48,-27
981,-47,-20
983,-55,-14
982,-60,-14
982,-62,-13
981,-71,-14
981,-77,-13
981,-83,-21
979,-87,-25
981,-96,-25
981,-98,-31
980,-106,-32
979,-114,-38
980,-123,-46
977,-132,-51
977,-146,-50
976,-155,-46
974,-172,-36
972,-185,-23
972,-193,-16
966,-212,-15
963,-231,-15
959,-246,-21
957,-257,-28
956,-264,-40
959,-259,-61
961,-240,-76
965,-220,-83
971,-195,-87
980,-175,-88
984,-162,-89
990,-157,-95
994,-165,-100
992,-191,-98
994,-212,-95
997,-230,-75
999,-249,-50
1001,-262,-31
999,-271,-13
1002,-274,2
1005,-275,10
1007,-271,13
1006,-272,15
1007,-269,13
1007,-271,11
1008,-274,6
1008,-274,6
1006,-271,-1
1010,-267,-7
1012,-257,-11
1013,-253,-15
1014,-242,-25
1016,-218,-40
1018,-198,-42
1023,-174,-50
1023,-144,-68
1020,-121,-89
1018,-104,-104
1017,-90,-103
1016,-80,-102
1014,-71,-104
1012,-60,-113
1010,-54,-112
1010,-37,-113
1012,-13,-117
1011,-2,-114
1010,-10,-118
1015,-19,-113
1015,-33,-114
1012,-51,-121
1011,-58,-128
1008,-63,-131
1010,-66,-128
1007,-68,-130
1005,-76,-133
1001,-83,-137
998,-97,-140
996,-112,-135
991,-128,-137
985,-139,-143
980,-151,-145
981,-150,-147
975,-138,-154
975,-121,-165
976,-102,-176
973,-75,-196
969,-49,-222
958,-25,-249
951,-3,-279
945,14,-305
937,31,-327
928,49,-352
917,69,-372
908,84,-391
899,97,-408
894,94,-429
883,87,-449
878,81,-467
875,79,-476
875,74,-478
875,76,-480
880,77,-477
883,77,-474
884,76,-472
883,75,-475
883,74,-475
881,75,-477
877,78,-479
874,77,-484
867,81,-491
858,81,-500
851,85,-509
837,93,-521
823,107,-538
807,117,-553
789,126,-569
769,135,-583
754,145,-597
740,159,-606
733,167,-605
733,170,-602
736,174,-591
740,174,-577
753,168,-561
761,159,-547
776,140,-526
793,108,-504
816,72,-480
833,39,-451
841,15,-425
849,-4,-407
852,-19,-397
855,-29,-389
856,-32,-387
857,-28,-390
857,-17,-398
854,7,-413
837,42,-431
831,80,-452
829,117,-470
821,154,-488
812,196,-502
797,250,-511
788,293,-513
786,323,-506
783,347,-504
781,356,-501
785,346,-500
786,325,-511
778,301,-525
774,269,-538
764,232,-550
757,194,-566
742,164,-579
721,147,-594
701,131,-611
683,118,-625
666,116,-633
660,124,-633
665,151,-623
666,193,-607
665,243,-595
654,290,-581
643,329,-581
637,344,-585
634,344,-592
640,330,-593
662,307,-589
675,272,-588
673,229,-599
666,178,-618
653,121,-643
634,54,-676
611,-4,-699
586,-55,-716
559,-103,-734
529,-141,-752
483,-174,-776
438,-195,-796
401,-222,-811
357,-271,-822
311,-321,-826
262,-355,-825
227,-368,-829
200,-376,-830
173,-390,-826
152,-406,-817
134,-420,-808
119,-431,-800
102,-437,-796
86,-436,-795
68,-437,-795
58,-437,-792
39,-440,-788
23,-455,-785
13,-471,-777
17,-493,-769
36,-512,-763
81,-524,-758
148,-527,-754
210,-506,-756
255,-470,-768
280,-429,-780
285,-420,-777
276,-440,-763
261,-482,-738
244,-541,-699
230,-605,-653
215,-648,-622
202,-665,-603
204,-672,-602
210,-669,-611
227,-658,-629
246,-650,-644
260,-644,-658
276,-641,-668
288,-636,-678
304,-629,-694
312,-620,-703
323,-610,-712
318,-596,-722
297,-578,-740
266,-560,-756
228,-539,-770
184,-515,-781
143,-476,-793
99,-426,-807
63,-381,-812
26,-363,-808
-11,-356,-800
-38,-355,-789
-52,-345,-781
-61,-328,-773
-60,-289,-779
-59,-238,-788
-53,-206,-791
-42,-185,-789
-29,-184,-788
-9,-187,-789
19,-188,-791
45,-183,-794
68,-168,-796
92,-146,-798
111,-118,-797
117,-96,-794
116,-98,-791
116,-120,-787
114,-149,-780
111,-171,-776
112,-183,-770
125,-174,-767
140,-149,-767
161,-108,-765
189,-73,-760
211,-44,-754
237,-20,-745
257,-10,-737
273,-8,-731
290,-13,-727
303,-12,-726
316,3,-717
328,32,-709
339,67,-700
338,89,-698
329,87,-701
317,63,-707
296,32,-718
270,-10,-733
239,-36,-743
202,-49,-753
164,-63,-761
119,-78,-772
69,-101,-782
27,-128,-788
-15,-155,-789
-57,-154,-794
-95,-134,-802
-132,-99,-809
-173,-49,-816
-216,11,-816
-266,64,-804
-326,93,-785
-403,114,-759
-466,112,-731
-514,105,-704
-558,103,-680
-591,99,-659
-625,81,-637
-649,55,-626
-659,30,-627
-665,5,-629
-658,-14,-644
-626,-39,-675
-600,-26,-698
-602,4,-700
-620,30,-683
-627,34,-678
-625,42,-674
-611,43,-693
-589,38,-713
-567,32,-728
-554,14,-741
-544,-1,-745
-538,-11,-750
-525,-16,-758
-509,-14,-770
-485,-11,-781
-465,5,-791
-453,6,-796
-448,12,-797
-453,24,-794
-458,35,-792
-454,58,-794
-437,71,-802
-426,88,-810
-419,109,-812
-406,125,-816
-393,145,-821
-384,157,-821
-376,167,-822
-364,185,-820
-359,195,-819
-361,205,-812
-358,208,-813
-354,209,-813
-352,216,-808
-358,236,-801
-367,264,-787
-372,297,-772
-375,336,-752
-384,372,-727
-390,405,-705
-387,420,-700
-373,420,-705
-366,411,-716
-366,413,-714
-362,433,-703
-359,450,-694
-357,475,-677
-355,507,-656
-355,545,-625
-368,559,-606
-387,540,-616
-397,519,-633
-398,534,-621
-395,557,-605
-397,548,-609
-391,559,-607
-388,562,-611
-382,559,-620
-371,569,-621
-360,575,-621
-346,582,-622
-344,583,-625
-344,580,-627
-342,589,-625
-337,595,-620
-327,593,-630
-325,597,-625
-325,603,-622
-332,607,-613
-340,625,-588
-339,636,-577
-331,637,-580
-321,635,-589
-316,634,-591
-327,634,-588
-347,614,-595
-367,587,-613
-378,542,-646
-383,444,-711
-399,339,-764
-423,223,-798
-468,70,-802
-522,-145,-758
-569,-340,-655
-597,-377,-608
-602,-391,-606
-587,-385,-624
-564,-351,-651
-556,-340,-666
-546,-323,-682
-536,-332,-686
-534,-319,-692
-532,-291,-703
-530,-290,-707
-524,-286,-712
-517,-300,-713
-506,-304,-719
-485,-302,-735
-456,-302,-751
-439,-283,-769
-410,-284,-785
-386,-291,-798
-361,-276,-811
-332,-260,-829
-310,-241,-842
-290,-231,-853
-278,-219,-861
-269,-199,-868
-262,-195,-871
-262,-200,-871
-267,-210,-864
-273,-201,-864
-280,-198,-862
-284,-202,-861
-288,-198,-863
-295,-201,-862
-299,-215,-859
-299,-231,-855
-301,-246,-849
-304,-249,-848
-298,-243,-853
-262,-225,-868
-209,-198,-882
-159,-98,-901
-94,-7,-906
-15,-22,-905
88,-59,-893
203,-12,-864
318,192,-785
424,441,-574
607,551,-241
722,437,37
747,273,203
767,113,252
773,-1,250
760,-127,187
757,-167,167
759,-156,195
752,-174,216
737,-196,252
698,-244,273
668,-279,307
660,-300,340
644,-325,346
639,-325,348
619,-305,348
622,-243,369
640,-165,390
640,-112,387
638,-86,383
632,-85,375
626,-106,381
617,-133,393
612,-149,396
615,-152,395
618,-156,384
625,-145,375
633,-136,365
638,-134,355
642,-144,346
644,-172,339
633,-218,338
615,-263,343
599,-306,347
585,-346,342
569,-391,329
555,-431,311
541,-463,297
523,-492,291
509,-516,283
492,-535,274
482,-551,266
475,-564,255
465,-579,240
454,-594,223
441,-607,204
435,-614,192
436,-615,185
440,-609,180
446,-602,177
450,-599,164
447,-611,132
427,-628,98
401,-646,79
371,-663,89
346,-676,112
320,-678,149
301,-678,180
288,-677,197
281,-681,186
275,-683,163
279,-682,135
293,-677,116
304,-669,101
322,-655,95
341,-635,85
369,-614,78
401,-595,69
430,-566,66
459,-543,63
476,-526,48
474,-529,26
454,-548,3
430,-572,-33
397,-592,-70
362,-618,-109
320,-635,-132
270,-645,-145
223,-654,-147
180,-662,-148
143,-668,-143
109,-665,-146
95,-657,-153
87,-650,-161
94,-638,-178
109,-621,-202
147,-598,-230
208,-570,-260
263,-539,-284
308,-508,-305
344,-483,-323
361,-472,-334
363,-468,-336
369,-477,-331
376,-490,-323
379,-501,-314
386,-506,-314
394,-498,-321
408,-483,-335
422,-469,-347
441,-453,-363
456,-441,-368
474,-431,-374
494,-417,-381
520,-394,-390
550,-371,-398
578,-350,-406
607,-334,-410
629,-321,-421
657,-309,-429
686,-289,-438
710,-276,-453
726,-270,-467
733,-284,-486
734,-308,-504
731,-341,-530
717,-371,-554
695,-399,-580
672,-429,-604
649,-456,-631
628,-481,-659
614,-487,-686
615,-487,-708
636,-484,-721
678,-479,-717
738,-460,-711
787,-428,-714
823,-388,-734
840,-341,-771
825,-329,-814
774,-386,-866
693,-516,-885
588,-659,-883
447,-771,-883
296,-825,-909
122,-846,-937
-38,-822,-970
-174,-777,-1000
-297,-742,-1003
-404,-718,-992
-495,-691,-974
-550,-681,-965
-577,-690,-956
-588,-723,-941
-588,-765,-918
-573,-808,-900
-552,-827,-909
-525,-779,-968
-498,-675,-1054
-473,-603,-1107
-446,-548,-1152
-443,-492,-1175
-446,-393,-1202
-438,-290,-1225
-462,-254,-1221
-493,-149,-1223
-507,-80,-1214
-522,-92,-1199
-568,-19,-1174
-660,130,-1108
-715,205,-1050
-723,196,-1049
-714,218,-1045
-687,229,-1060
-664,190,-1084
-642,135,-1119
-658,133,-1112
-697,120,-1082
-742,81,-1058
-791,45,-1021
-843,-25,-986
-883,-102,-952
-903,-150,-922
-914,-180,-914
-922,-212,-897
-924,-247,-885
-930,-272,-869
-932,-301,-860
-917,-310,-869
-903,-300,-887
-890,-283,-894
-900,-274,-885
-914,-258,-877
-911,-237,-882
-904,-210,-892
-887,-180,-898
-878,-141,-907
-868,-93,-914
-859,-43,-918
-846,-8,-922
-826,29,-928
-806,57,-935
-787,69,-938
-771,63,-947
-746,55,-959
-719,46,-976
-700,26,-981
-682,-8,-985
-664,-39,-989
-645,-65,-996
-627,-104,-1005
-607,-127,-1013
-589,-134,-1013
-596,-155,-1001
-604,-191,-988
-612,-209,-976
-615,-215,-970
-617,-235,-956
-621,-254,-940
-624,-268,-929
-626,-280,-916
-628,-294,-906
-628,-304,-892
-629,-317,-878
-627,-327,-871
-626,-333,-861
-621,-343,-851
-609,-353,-848
-596,-359,-846
-581,-367,-844
-569,-380,-842
-551,-388,-841
-533,-397,-839
-521,-410,-833
-510,-423,-828
-505,-438,-821
-496,-453,-814
-484,-477,-803
-483,-502,-783
-482,-534,-763
-478,-553,-745
-477,-559,-739
-479,-566,-728
-481,-572,-716
-484,-583,-705
-479,-587,-699
-478,-586,-697
-477,-582,-697
-474,-579,-702
-472,-580,-701
-469,-581,-700
-469,-584,-699
-468,-587,-698
-461,-583,-703
-454,-579,-710
-447,-570,-725
-448,-570,-726
-449,-573,-723
-447,-572,-723
-444,-571,-727
-440,-570,-729
-435,-568,-735
-431,-563,-741
-428,-562,-742
-428,-562,-745
-428,-562,-743
-427,-567,-741
-427,-566,-740
-426,-567,-741
-418,-567,-744
-394,-578,-748
-349,-599,-754
-283,-618,-759
-193,-627,-778
-87,-642,-780
42,-672,-766
195,-685,-724
372,-674,-660
563,-602,-578
735,-446,-493
835,-265,-397
865,-181,-348
852,-174,-317
840,-195,-285
830,-217,-249
808,-283,-226
795,-315,-201
779,-318,-175
764,-339,-163
750,-355,-155
734,-387,-155
727,-395,-150
722,-384,-136
717,-386,-131
716,-384,-125
716,-385,-122
725,-369,-114
735,-344,-102
745,-319,-96
752,-294,-92
757,-274,-91
764,-250,-90
775,-226,-85
782,-205,-85
788,-181,-87
789,-159,-92
793,-139,-93
795,-116,-93
793,-91,-97
792,-69,-100
787,-46,-103
786,-23,-106
779,-4,-107
770,0,-106
757,-10,-105
751,-38,-100
736,-61,-100
718,-87,-102
706,-111,-102
694,-129,-96
679,-140,-92
666,-140,-86
663,-129,-80
654,-114,-78
649,-95,-76
643,-73,-75
635,-49,-74
634,-23,-71
626,12,-66
622,45,-68
614,83,-74
610,109,-79
603,119,-79
594,115,-76
590,110,-70
592,106,-62
593,104,-64
590,103,-65
593,98,-70
596,89,-73
603,74,-75
606,70,-75
607,67,-69
608,72,-69
608,82,-65
603,97,-65
597,118,-65
596,144,-64
584,186,-59
569,239,-46
536,300,-34
525,338,-21
521,361,-11
528,366,-5
541,360,-13
571,341,-30
584,325,-58
586,312,-84
599,291,-109
608,274,-126
622,265,-127
628,267,-114
634,279,-99
636,291,-89
638,313,-81
631,344,-82
624,379,-99
617,415,-118
603,451,-138
591,476,-144
582,496,-145
584,505,-135
592,507,-117
601,502,-105
619,489,-101
644,467,-99
668,442,-100
684,416,-106
707,385,-111
725,362,-115
744,339,-119
757,324,-125
765,315,-129
770,311,-139
772,319,-144
759,340,-145
748,369,-145
742,394,-138
741,409,-135
744,409,-129
755,404,-130
761,390,-146
764,374,-169
766,355,-193
769,340,-214
772,324,-242
775,314,-249
784,313,-244
791,316,-228
801,323,-209
805,335,-187
813,344,-167
821,356,-149
824,366,-139
828,373,-146
832,378,-152
834,389,-147
830,399,-129
824,411,-83
820,411,-25
830,392,32
845,356,59
860,309,65
878,259,59
894,206,43
913,147,18
925,95,-1
930,44,-13
933,-3,-21
932,-54,-25
932,-102,-30
929,-135,-18
931,-156,-2
929,-166,23
929,-165,54
921,-169,85
917,-204,103
901,-263,135
873,-348,155
826,-447,169
764,-563,208
683,-642,272
588,-676,371
493,-685,480
390,-726,511
280,-790,501
197,-842,453
133,-883,405
74,-903,389
26,-914,381
-11,-904,403
-44,-888,449
-74,-881,483
-123,-892,459
-173,-934,347
-207,-965,199
-219,-988,42
-201,-1015,-77
-166,-1043,-87
-124,-1081,-53
-79,-1102,-11
-39,-1138,-37
-6,-1181,-99
25,-1204,-158
61,-1232,-182
93,-1253,-203
105,-1268,-281
100,-1264,-384
90,-1228,-518
92,-1177,-630
90,-1116,-726
101,-1076,-759
120,-1063,-749
132,-1055,-723
135,-1045,-694
131,-1018,-679
127,-988,-666
117,-966,-652
108,-945,-639
101,-935,-615
95,-927,-591
110,-912,-586
159,-899,-570
233,-887,-545
309,-884,-504
355,-891,-454
359,-882,-450
388,-891,-403
443,-879,-382
479,-834,-418
478,-846,-404
416,-924,-281
253,-977,-221
89,-961,-299
-49,-916,-364
-196,-866,-387
-303,-811,-385
-377,-755,-373
-432,-714,-347
-458,-692,-321
-470,-698,-277
-455,-717,-260
-402,-749,-258
-337,-808,-221
-281,-862,-170
-246,-924,-92
-259,-942,-21
-295,-929,8
-335,-908,22
-370,-882,32
-420,-849,26
-438,-825,18
-447,-801,-4
-466,-771,-45
-479,-746,-76
-498,-720,-107
-508,-698,-132
-507,-681,-163
-505,-663,-195
-500,-654,-202
-493,-664,-200
-482,-672,-170
-467,-687,-107
-445,-709,-16
-424,-716,68
-410,-713,112
-394,-713,109
-381,-710,89
-373,-705,53
-368,-701,16
-363,-691,-48
-358,-680,-92
-353,-669,-108
-344,-667,-112
-335,-669,-108
-330,-675,-100
-324,-679,-92
-316,-684,-84
-306,-695,-75
-289,-705,-73
-275,-717,-61
-253,-734,-40
-239,-744,-29
-239,-742,-40
-246,-735,-81
-254,-730,-114
-262,-726,-107
-266,-728,-86
-268,-731,-59
-268,-733,-51
-263,-739,-39
-255,-744,-50
-244,-749,-70
-235,-757,-85
-219,-767,-105
-206,-775,-119
-181,-795,-130
-149,-808,-133
-131,-824,-131
-136,-823,-156
-142,-813,-198
-163,-787,-256
-193,-750,-320
-217,-703,-380
-243,-645,-437
-262,-577,-483
-286,-506,-521
-321,-440,-550
-346,-383,-558
-375,-325,-557
-400,-269,-544
-416,-228,-534
-422,-197,-535
-416,-167,-536
-402,-147,-545
-384,-129,-551
-369,-115,-561
-349,-108,-572
-326,-127,-585
-294,-121,-608
-268,-88,-623
-247,-67,-635
-224,-62,-650
-175,-57,-664
-124,-28,-675
-72,-17,-675
-33,5,-673
-2,46,-669
26,77,-662
37,98,-655
9,92,-653
-53,52,-659
-113,24,-655
-177,18,-640
-220,29,-622
-260,24,-607
-258,42,-603
-238,56,-606
-232,52,-604
-229,36,-611
-189,29,-624
-135,84,-632
-90,137,-631
-43,149,-632
-11,138,-639
28,134,-642
56,121,-646
80,97,-653
104,69,-660
122,25,-670
128,-29,-685
130,-92,-694
131,-160,-695
128,-220,-689
123,-255,-683
118,-263,-679
107,-266,-679
87,-273,-684
52,-279,-688
20,-267,-691
-20,-241,-699
-51,-213,-704
-74,-176,-713
-91,-134,-720
-101,-105,-721
-110,-82,-723
-111,-63,-722
-115,-49,-721
-123,-40,-716
-132,-37,-712
-136,-32,-710
-135,-20,-710
-136,-14,-711
-142,-20,-709
-150,-36,-709
-170,-66,-704
-195,-105,-696
-219,-131,-685
-262,-141,-671
-305,-160,-644
-347,-169,-616
-371,-148,-594
-377,-127,-581
-373,-117,-574
-371,-119,-567
-363,-104,-565
-348,-105,-571
-339,-98,-585
-322,-96,-606
-298,-107,-639
-250,-102,-682
-208,-103,-715
-174,-114,-736
-135,-128,-749
-111,-147,-753
-83,-160,-751
-65,-163,-752
-52,-151,-752
-40,-132,-752
-32,-120,-751
-28,-106,-747
-23,-101,-748
-16,-93,-743
-9,-62,-741
-6,-43,-736
-19,-35,-732
-41,-39,-725
-70,-47,-717
-88,-52,-707
-101,-41,-695
-107,-18,-686
-109,14,-673
-106,55,-662
-106,107,-640
-106,156,-614
-115,207,-586
-122,230,-567
-130,232,-552
-139,247,-533
-147,256,-522
-156,243,-518
-168,225,-518
-178,228,-508
-186,242,-496
-192,250,-487
-188,265,-480
-177,288,-470
-163,313,-462
-135,334,-457
-107,354,-450
-76,369,-448
-48,374,-448
-17,380,-450
11,384,-448
37,387,-457
59,377,-474
78,373,-488
101,370,-496
125,368,-507
146,362,-515
166,360,-524
186,356,-527
198,355,-534
207,349,-543
211,345,-552
205,343,-557
196,343,-564
191,346,-568
164,349,-574
121,333,-595
52,282,-641
-12,202,-677
-83,116,-702
-163,28,-692
-243,-26,-659
-313,-50,-611
-360,-50,-572
-380,-51,-547
-381,-61,-539
-368,-49,-545
-329,-19,-564
-284,41,-588
-262,104,-597
-254,127,-603
-264,93,-613
-283,50,-612
-330,-15,-604
-376,-98,-581
-425,-189,-545
-455,-271,-511
-471,-345,-486
-460,-370,-498
-444,-323,-548
-436,-274,-581
-436,-247,-596
-409,-187,-636
-378,-142,-671
-350,-120,-690
-316,-76,-707
-292,-46,-715
-257,-5,-730
-221,36,-737
-184,81,-736
-137,154,-729
-98,229,-712
-57,308,-689
-31,347,-666
-19,371,-636
-17,392,-618
-33,396,-611
-63,379,-616
-91,339,-624
-122,274,-632
-164,205,-634
-204,148,-625
-252,84,-617
-287,19,-598
-310,-33,-575
-329,-76,-559
-330,-82,-557
-301,-66,-565
-262,-8,-586
-229,59,-606
-181,91,-625
-124,131,-644
-46,181,-670
13,170,-705
41,132,-731
46,72,-746
28,48,-748
-34,19,-750
-107,-15,-740
-144,-27,-727
-148,-47,-728
-108,-7,-739
-59,-25,-748
-10,-87,-759
32,-126,-766
51,-169,-765
50,-244,-753
54,-366,-718
67,-457,-670
95,-495,-635
132,-485,-630
185,-454,-635
243,-426,-629
296,-424,-601
341,-430,-576
385,-434,-541
427,-438,-501
466,-446,-453
498,-444,-407
528,-438,-365
552,-435,-321
567,-439,-275
574,-447,-234
575,-457,-207
572,-471,-174
561,-492,-133
548,-514,-96
530,-541,-57
504,-560,-26
483,-579,-4
460,-592,2
442,-605,16
424,-617,19
416,-621,31
418,-621,46
425,-618,54
438,-609,64
454,-592,68
475,-576,48
497,-558,34
511,-539,37
526,-521,38
534,-505,36
538,-492,31
541,-487,28
542,-483,25
541,-480,25
542,-478,15
544,-477,12
544,-474,15
546,-474,6
551,-477,-3
551,-475,-13
556,-473,-27
562,-467,-31
576,-455,-36
592,-441,-40
604,-429,-38
616,-423,-42
626,-419,-56
633,-419,-78
632,-420,-99
632,-429,-120
629,-442,-130
625,-449,-130
624,-461,-139
624,-474,-148
624,-488,-154
626,-502,-158
626,-518,-163
626,-535,-160
625,-556,-166
624,-583,-174
617,-606,-178
602,-623,-186
586,-642,-196
570,-661,-192
548,-680,-198
529,-690,-214
503,-703,-219
475,-720,-221
441,-738,-227
406,-751,-242
372,-753,-281
347,-742,-332
331,-722,-384
333,-692,-434
343,-659,-473
362,-666,-453
388,-697,-399
401,-728,-335
373,-744,-334
346,-775,-316
312,-806,-279
293,-817,-257
313,-808,-279
356,-777,-323
394,-770,-316
422,-783,-299
434,-793,-301
425,-803,-309
403,-810,-330
386,-826,-335
394,-821,-350
414,-804,-380
442,-791,-395
474,-769,-413
512,-742,-433
551,-711,-446
598,-679,-450
631,-664,-435
643,-671,-416
667,-680,-379
673,-694,-367
656,-708,-376
658,-720,-362
661,-734,-346
652,-755,-335
649,-768,-319
638,-789,-308
613,-818,-301
590,-838,-298
569,-855,-322
551,-863,-346
547,-869,-341
564,-870,-320
589,-865,-290
613,-846,-250
630,-823,-229
641,-797,-224
655,-758,-218
681,-714,-210
708,-648,-195
756,-555,-180
822,-442,-183
854,-290,-226
850,-114,-302
767,74,-419
652,184,-538
545,198,-643
441,120,-725
370,47,-767
316,21,-792
292,72,-791
283,143,-779
288,181,-770
293,189,-772
300,171,-781
293,143,-805
290,102,-827
296,57,-849
310,38,-863
333,35,-869
353,61,-866
359,98,-861
376,122,-846
390,147,-829
412,175,-804
421,197,-782
